1.676460163944871354e-08 -4.552557303611913004e-10 -1.190504372908672368e-10 8.272308501323715507e-10 -2.062501880722623340e-10 2.075801438183875604e-10 -3.565028768346003089e-10 1.962114605024037868e-10 2.544045859802946638e-10 -4.564987573177901253e-10 -1.891240082362624823e-10 -6.728163940967940471e-11 2.952599631629275241e-10 -9.022287024714428878e-11 -2.596169692835884614e-10 -3.658503577338947386e-11 -2.876550075655881414e-10 -2.398596627663739564e-10 -1.420962039943385289e-10 -1.437130575867962278e-10
-4.552557303611913004e-10 1.016340404855387687e-08 2.463067879523394373e-10 -9.060629376608419641e-11 3.593478862097901540e-10 -1.879883541697746152e-10 1.330355756522107214e-11 -2.621636295798411989e-10 1.172443063017221334e-10 -2.396535617926270827e-10 2.324898522211328897e-10 3.299376905411339080e-12 4.744981993281880088e-10 4.247805528550664230e-11 2.511449298434503441e-10 4.362570562276139138e-11 -1.753882112300949530e-10 -1.195102752077866001e-10 -1.709990362333391884e-11 -6.003682911190969662e-11
-1.190504372908672368e-10 2.463067879523394373e-10 6.481664758609754482e-09 -4.169652379497517890e-10 -3.473564679892794094e-10 -4.643245812735676864e-10 3.729389228647080310e-10 -5.275530630018920019e-11 -4.311850314096722299e-10 -1.298400042583307703e-10 -1.423891211618509557e-10 -1.330609816561487890e-10 5.565938900954468948e-11 -8.185421602312964799e-11 -9.141403783398594538e-12 -1.759092320373773572e-10 -5.693598131532930086e-11 -4.478224551208430093e-11 -6.525348745694670419e-11 -6.710302197984854995e-12
8.272308501323715507e-10 -9.060629376608419641e-11 -4.169652379497517890e-10 6.456229341680487418e-09 6.468119676761889425e-10 2.627681126628060826e-10 4.527724337685647652e-10 -2.161475192983152632e-10 3.256859625665378341e-10 1.488836603010738391e-10 1.181532462421612087e-10 2.316626214687153918e-10 5.347426467538748025e-12 2.276471174250312483e-11 -6.657297384612918754e-11 -8.254628766376516055e-11 -4.054871851254790828e-11 -1.441979668172646354e-10 1.461919493049606915e-11 4.874964083431861767e-11
-2.062501880722623340e-10 3.593478862097901540e-10 -3.473564679892794094e-10 6.468119676761889425e-10 4.087829097756569607e-09 -5.156638298651017252e-11 1.479007436715206504e-10 3.442378372655945151e-10 -9.056203920732478413e-11 1.280655530351895963e-10 -4.033237999187378599e-11 4.615346167546270989e-11 1.339487278473584577e-11 4.806477352063986818e-11 -3.304010555175653027e-12 -4.382467211825307399e-12 -7.083870346848655352e-11 -2.278789287634468447e-11 1.095472106628351383e-11 1.120800285125917853e-10
2.075801438183875604e-10 -1.879883541697746152e-10 -4.643245812735676864e-10 2.627681126628060826e-10 -5.156638298651017252e-11 1.531084550816175650e-09 1.136588428690196684e-10 2.042490637836586607e-10 9.716443848349619931e-11 9.969302712268009009e-11 1.649614586032686302e-10 -1.118069837570463300e-10 -3.747355033776511683e-11 -1.464283153398671057e-10 -7.416403883444988583e-11 2.017980838439840198e-11 4.741687962934753890e-12 -2.201169021149174398e-12 3.878278527881342569e-11 3.650364896456252565e-11
-3.565028768346003089e-10 1.330355756522107214e-11 3.729389228647080310e-10 4.527724337685647652e-10 1.479007436715206504e-10 1.136588428690196684e-10 1.061737699801150110e-09 1.495463940256347819e-10 7.268601668173883871e-11 1.050787734899523601e-10 6.060454857298470598e-11 3.104930911728973945e-11 -2.478506543901362190e-11 1.995451889272719930e-11 -4.175876332130167303e-12 4.295580922409043057e-11 4.448711184493042784e-11 7.767348516000819281e-11 4.962936011905107753e-11 6.032923196326801996e-11
1.962114605024037868e-10 -2.621636295798411989e-10 -5.275530630018920019e-11 -2.161475192983152632e-10 3.442378372655945151e-10 2.042490637836586607e-10 1.495463940256347819e-10 1.072481862750816027e-09 3.946133462621367680e-11 3.353746703320724926e-11 7.379134687295084180e-11 -1.199970544766134570e-11 -1.010687758338169115e-11 -6.704738218730738997e-11 -2.467186939418401438e-12 1.435733232331762763e-11 2.038031100394333820e-11 1.437419110999966363e-12 -1.548139666505935451e-12 -6.798842626477083695e-12
2.544045859802946638e-10 1.172443063017221334e-10 -4.311850314096722299e-10 3.256859625665378341e-10 -9.056203920732478413e-11 9.716443848349619931e-11 7.268601668173883871e-11 3.946133462621367680e-11 6.166811671587185807e-10 8.401651469704306732e-11 6.908219334110810247e-11 7.587995062098817440e-11 2.160094441300768086e-11 -1.287532396574467571e-11 -2.692522727976804314e-11 4.531193634627858349e-11 2.858874784541331350e-11 3.277326513691797684e-11 2.176404744441911872e-11 2.062477507050690362e-11
-4.564987573177901253e-10 -2.396535617926270827e-10 -1.298400042583307703e-10 1.488836603010738391e-10 1.280655530351895963e-10 9.969302712268009009e-11 1.050787734899523601e-10 3.353746703320724926e-11 8.401651469704306732e-11 4.119686501287630793e-10 7.670077086307484471e-11 9.571063384860812714e-11 2.285499757816963178e-12 3.418663472013676164e-11 2.996704060786507747e-11 5.250134274610821952e-11 1.107663198802539718e-11 1.046334982933841140e-11 2.419655566712122823e-11 3.836913393171569436e-11
-1.891240082362624823e-10 2.324898522211328897e-10 -1.423891211618509557e-10 1.181532462421612087e-10 -4.033237999187378599e-11 1.649614586032686302e-10 6.060454857298470598e-11 7.379134687295084180e-11 6.908219334110810247e-11 7.670077086307484471e-11 3.018261435498929041e-10 2.362410223539925362e-11 3.839784839247583903e-11 -1.371584815471347355e-11 -4.076394682668595199e-12 3.696289623393393330e-11 2.478706664561258617e-11 4.816364933438736649e-11 5.756477640284304940e-11 2.819889690452361809e-11
-6.728163940967940471e-11 3.299376905411339080e-12 -1.330609816561487890e-10 2.316626214687153918e-10 4.615346167546270989e-11 -1.118069837570463300e-10 3.104930911728973945e-11 -1.199970544766134570e-11 7.587995062098817440e-11 9.571063384860812714e-11 2.362410223539925362e-11 2.530384150791526629e-10 9.824457290250847826e-11 8.883255479253931546e-11 5.483174866537682161e-11 4.324840090773512453e-11 -6.574736077244718644e-12 -2.207816510928891861e-11 1.344489117973693979e-11 1.866926892250656003e-11
2.952599631629275241e-10 4.744981993281880088e-10 5.565938900954468948e-11 5.347426467538748025e-12 1.339487278473584577e-11 -3.747355033776511683e-11 -2.478506543901362190e-11 -1.010687758338169115e-11 2.160094441300768086e-11 2.285499757816963178e-12 3.839784839247583903e-11 9.824457290250847826e-11 2.146754526877343890e-10 9.019779122926390585e-11 7.166144026881697982e-11 4.238661483867286419e-11 7.247362100365236520e-12 -6.212470675665752831e-12 1.860626726973168878e-11 -4.373873017782502563e-12
-9.022287024714428878e-11 4.247805528550664230e-11 -8.185421602312964799e-11 2.276471174250312483e-11 4.806477352063986818e-11 -1.464283153398671057e-10 1.995451889272719930e-11 -6.704738218730738997e-11 -1.287532396574467571e-11 3.418663472013676164e-11 -1.371584815471347355e-11 8.883255479253931546e-11 9.019779122926390585e-11 1.889942771659894985e-10 1.144594951073192244e-10 7.280938214278822474e-11 1.584204491011826532e-11 1.417031581612939605e-11 1.311943961309455370e-11 4.607740826897197689e-13
-2.596169692835884614e-10 2.511449298434503441e-10 -9.141403783398594538e-12 -6.657297384612918754e-11 -3.304010555175653027e-12 -7.416403883444988583e-11 -4.175876332130167303e-12 -2.467186939418401438e-12 -2.692522727976804314e-11 2.996704060786507747e-11 -4.076394682668595199e-12 5.483174866537682161e-11 7.166144026881697982e-11 1.144594951073192244e-10 1.731116245322504679e-10 7.002445304193247306e-11 1.789124733560394593e-11 1.495254213565923399e-11 3.322998629607440331e-12 -7.562769905133116585e-12
-3.658503577338947386e-11 4.362570562276139138e-11 -1.759092320373773572e-10 -8.254628766376516055e-11 -4.382467211825307399e-12 2.017980838439840198e-11 4.295580922409043057e-11 1.435733232331762763e-11 4.531193634627858349e-11 5.250134274610821952e-11 3.696289623393393330e-11 4.324840090773512453e-11 4.238661483867286419e-11 7.280938214278822474e-11 7.002445304193247306e-11 1.010461929590169833e-10 4.238881646546511927e-11 2.552235313518582773e-11 1.599912306471868292e-11 4.931020323455035341e-12
-2.876550075655881414e-10 -1.753882112300949530e-10 -5.693598131532930086e-11 -4.054871851254790828e-11 -7.083870346848655352e-11 4.741687962934753890e-12 4.448711184493042784e-11 2.038031100394333820e-11 2.858874784541331350e-11 1.107663198802539718e-11 2.478706664561258617e-11 -6.574736077244718644e-12 7.247362100365236520e-12 1.584204491011826532e-11 1.789124733560394593e-11 4.238881646546511927e-11 1.086944584004669984e-10 6.696555774891447931e-11 3.731473465881993236e-11 5.397221950271930995e-12
-2.398596627663739564e-10 -1.195102752077866001e-10 -4.478224551208430093e-11 -1.441979668172646354e-10 -2.278789287634468447e-11 -2.201169021149174398e-12 7.767348516000819281e-11 1.437419110999966363e-12 3.277326513691797684e-11 1.046334982933841140e-11 4.816364933438736649e-11 -2.207816510928891861e-11 -6.212470675665752831e-12 1.417031581612939605e-11 1.495254213565923399e-11 2.552235313518582773e-11 6.696555774891447931e-11 1.162235898023282014e-10 6.118513312177261753e-11 1.109502416086630910e-11
-1.420962039943385289e-10 -1.709990362333391884e-11 -6.525348745694670419e-11 1.461919493049606915e-11 1.095472106628351383e-11 3.878278527881342569e-11 4.962936011905107753e-11 -1.548139666505935451e-12 2.176404744441911872e-11 2.419655566712122823e-11 5.756477640284304940e-11 1.344489117973693979e-11 1.860626726973168878e-11 1.311943961309455370e-11 3.322998629607440331e-12 1.599912306471868292e-11 3.731473465881993236e-11 6.118513312177261753e-11 8.039329688945976069e-11 3.429099557622974844e-11
-1.437130575867962278e-10 -6.003682911190969662e-11 -6.710302197984854995e-12 4.874964083431861767e-11 1.120800285125917853e-10 3.650364896456252565e-11 6.032923196326801996e-11 -6.798842626477083695e-12 2.062477507050690362e-11 3.836913393171569436e-11 2.819889690452361809e-11 1.866926892250656003e-11 -4.373873017782502563e-12 4.607740826897197689e-13 -7.562769905133116585e-12 4.931020323455035341e-12 5.397221950271930995e-12 1.109502416086630910e-11 3.429099557622974844e-11 6.532962266332924896e-11
