1.170567263801670207e-08 1.333716181735168876e-09 -9.533388282405040129e-10 7.754593799535848868e-10 7.274882578806495756e-10 5.873278338952916582e-10 -4.382118303570881977e-10 -1.290018274930345370e-10 4.097746860469782636e-11 9.057662863324809613e-11 -1.766936388843578560e-11 1.167047239262101206e-10 5.979214145026541002e-11 4.282857409511310406e-11 -5.719411445357452236e-12 -3.446425141943273591e-11 1.985851602856399987e-13 1.687276714812259261e-11 -1.042953956883419386e-11 7.219248900471456327e-12
1.333716181735168876e-09 1.039270088412376676e-08 1.428945111556643634e-10 7.597720883354304954e-10 -3.159391820384064639e-10 -6.490898667274624562e-11 -5.066002638888483139e-10 2.008711649743639609e-10 6.852110958772303422e-12 4.537998307738479792e-10 1.899999977705437447e-10 1.839655804249212527e-10 1.218520857000764076e-10 1.314362471124516360e-10 3.819265418372131176e-11 3.968423003132709203e-11 5.920024885252987339e-11 1.078209098981271670e-10 3.761845821318246421e-11 -2.667041906060733890e-11
-9.533388282405040129e-10 1.428945111556643634e-10 5.700176117296830152e-09 1.120573744874366178e-09 -1.539784924884259079e-10 -9.586922262384690935e-10 2.872401203514471217e-10 -3.874625516207261590e-10 2.623742116675854470e-10 3.704283846091719841e-11 -1.588219462659089689e-10 1.095106187993650874e-10 2.267980213285288516e-11 -3.902285415588107911e-11 -8.299610360542189486e-11 1.325002372609750333e-11 1.577066192748105158e-11 1.069954607742742134e-10 6.297651516324526667e-11 -6.045209988763599811e-12
7.754593799535848868e-10 7.597720883354304954e-10 1.120573744874366178e-09 4.564833010808688381e-09 5.937570742610723450e-10 5.980781761821265058e-10 -1.263880516405951703e-10 -2.390191416323486696e-10 6.207910323725275716e-11 4.135106559511160099e-11 -2.789415469207205961e-11 4.828017295060955935e-11 -1.598621123304993179e-11 6.211629639835760273e-11 -1.045838528736646116e-11 1.394337070611195332e-11 -1.734013333001308675e-12 5.412151856453759159e-11 8.175533899691523822e-11 -3.181719454546288027e-12
7.274882578806495756e-10 -3.159391820384064639e-10 -1.539784924884259079e-10 5.937570742610723450e-10 2.315960681803027153e-09 8.148474952911480762e-10 -1.422969294693735996e-11 -1.080351846571138243e-10 -1.945269806323268075e-10 -6.366296529655671107e-11 -6.976098915081931988e-11 6.095194548412349158e-11 3.507624837350916848e-11 7.928291792207364180e-11 8.337012769588760513e-11 7.213861807878618695e-11 1.589510626109237445e-11 3.173459622809210084e-11 5.558184195506754319e-11 3.967580274024935105e-11
5.873278338952916582e-10 -6.490898667274624562e-11 -9.586922262384690935e-10 5.980781761821265058e-10 8.148474952911480762e-10 2.624851939350616945e-09 8.719408254605520579e-11 3.867560990268074964e-10 -2.850017940892831221e-10 4.599029512885176253e-11 -9.342835380175020473e-11 -4.316468360017213623e-11 -1.993080078873185440e-11 4.098670834187584743e-12 1.087870725291533893e-11 -1.719213678701760068e-11 -4.193700829079821777e-11 -4.600887106670714584e-11 1.189752301190866290e-11 3.232048790324009084e-11
-4.382118303570881977e-10 -5.066002638888483139e-10 2.872401203514471217e-10 -1.263880516405951703e-10 -1.422969294693735996e-11 8.719408254605520579e-11 1.855083881734515941e-09 4.096253541608593886e-10 1.230646189537924665e-11 1.836189811595448725e-10 -7.643088637041297332e-11 -6.869520327256144916e-11 -1.924641012182687645e-11 -2.608603533815006048e-11 -3.377686937119579483e-11 -1.580393611157199543e-11 -6.542607154937568807e-11 -3.053531962464803523e-11 4.093258421733212869e-11 1.552724165380324330e-11
-1.290018274930345370e-10 2.008711649743639609e-10 -3.874625516207261590e-10 -2.390191416323486696e-10 -1.080351846571138243e-10 3.867560990268074964e-10 4.096253541608593886e-10 1.210029651699723293e-09 -1.972390025011494303e-10 5.634350144640571244e-11 -5.688905004124968549e-11 -2.804681311962959117e-12 -8.493728924815263047e-13 2.597178674759564212e-11 6.780977453681636506e-12 -4.098102942125444297e-12 2.872949287735149297e-11 1.357598982897171184e-11 2.367723955671369546e-11 -9.123770045507889091e-12
4.097746860469782636e-11 6.852110958772303422e-12 2.623742116675854470e-10 6.207910323725275716e-11 -1.945269806323268075e-10 -2.850017940892831221e-10 1.230646189537924665e-11 -1.972390025011494303e-10 5.353635758084200551e-10 1.393016858088769044e-12 5.453920923721622148e-11 -4.930308615272886874e-11 5.046289377746361551e-12 3.463677792672334899e-12 -1.229991291530230041e-11 -4.945400952329183947e-12 -2.026573303140490114e-11 -2.766371238023327086e-11 -3.071097279988276245e-11 -1.291625087793061581e-11
9.057662863324809613e-11 4.537998307738479792e-10 3.704283846091719841e-11 4.135106559511160099e-11 -6.366296529655671107e-11 4.599029512885176253e-11 1.836189811595448725e-10 5.634350144640571244e-11 1.393016858088769044e-12 3.921075926609680353e-10 -1.213213065195053782e-12 -2.514123185438137714e-11 -2.205677741162018898e-12 -1.415323922653195863e-11 1.591781818835021998e-11 3.868409562501564113e-12 1.437881738664110826e-12 6.785887363050962438e-12 -2.974486555841491131e-12 -9.940227487295590370e-12
-1.766936388843578560e-11 1.899999977705437447e-10 -1.588219462659089689e-10 -2.789415469207205961e-11 -6.976098915081931988e-11 -9.342835380175020473e-11 -7.643088637041297332e-11 -5.688905004124968549e-11 5.453920923721622148e-11 -1.213213065195053782e-12 3.075774633050984103e-10 1.579223793962748045e-11 1.892418710290054709e-12 2.739255083163406617e-11 2.497420034136011239e-12 -5.202273056389404725e-12 -1.198712235192310411e-12 -1.573092914798743586e-12 -2.605952756728629961e-11 6.890260224396611218e-12
1.167047239262101206e-10 1.839655804249212527e-10 1.095106187993650874e-10 4.828017295060955935e-11 6.095194548412349158e-11 -4.316468360017213623e-11 -6.869520327256144916e-11 -2.804681311962959117e-12 -4.930308615272886874e-11 -2.514123185438137714e-11 1.579223793962748045e-11 1.772665399655044666e-10 3.975187796794440877e-11 7.294089378619127746e-12 1.696935777824582343e-11 2.452623850500385610e-11 2.013854068178050886e-11 1.555434218997640285e-11 7.799863512055963808e-12 8.259165972328416582e-12
5.979214145026541002e-11 1.218520857000764076e-10 2.267980213285288516e-11 -1.598621123304993179e-11 3.507624837350916848e-11 -1.993080078873185440e-11 -1.924641012182687645e-11 -8.493728924815263047e-13 5.046289377746361551e-12 -2.205677741162018898e-12 1.892418710290054709e-12 3.975187796794440877e-11 1.365720891029159609e-10 5.535179085032108143e-11 3.279831561518131952e-11 1.487737161061457808e-11 3.320186238432512916e-12 9.128668616116531910e-13 -7.415364850452338541e-12 -8.763124722167814388e-13
4.282857409511310406e-11 1.314362471124516360e-10 -3.902285415588107911e-11 6.211629639835760273e-11 7.928291792207364180e-11 4.098670834187584743e-12 -2.608603533815006048e-11 2.597178674759564212e-11 3.463677792672334899e-12 -1.415323922653195863e-11 2.739255083163406617e-11 7.294089378619127746e-12 5.535179085032108143e-11 1.188352481683973227e-10 4.042421635422912921e-11 1.404481220946847784e-11 5.830483018049326663e-12 -6.282351088590925622e-12 -4.976768546761625039e-12 2.617921446662201672e-12
-5.719411445357452236e-12 3.819265418372131176e-11 -8.299610360542189486e-11 -1.045838528736646116e-11 8.337012769588760513e-11 1.087870725291533893e-11 -3.377686937119579483e-11 6.780977453681636506e-12 -1.229991291530230041e-11 1.591781818835021998e-11 2.497420034136011239e-12 1.696935777824582343e-11 3.279831561518131952e-11 4.042421635422912921e-11 6.006298015754211680e-11 1.587968506220996953e-11 1.205040811419731713e-11 6.787276018490121155e-13 2.909460601158613817e-12 1.408882387973124607e-12
-3.446425141943273591e-11 3.968423003132709203e-11 1.325002372609750333e-11 1.394337070611195332e-11 7.213861807878618695e-11 -1.719213678701760068e-11 -1.580393611157199543e-11 -4.098102942125444297e-12 -4.945400952329183947e-12 3.868409562501564113e-12 -5.202273056389404725e-12 2.452623850500385610e-11 1.487737161061457808e-11 1.404481220946847784e-11 1.587968506220996953e-11 5.729865174466477937e-11 2.443599985096578950e-11 5.402949520456483741e-12 -3.266932234262613168e-12 2.395449091740745413e-13
1.985851602856399987e-13 5.920024885252987339e-11 1.577066192748105158e-11 -1.734013333001308675e-12 1.589510626109237445e-11 -4.193700829079821777e-11 -6.542607154937568807e-11 2.872949287735149297e-11 -2.026573303140490114e-11 1.437881738664110826e-12 -1.198712235192310411e-12 2.013854068178050886e-11 3.320186238432512916e-12 5.830483018049326663e-12 1.205040811419731713e-11 2.443599985096578950e-11 4.820506432901265381e-11 1.820903544662585104e-11 4.106734567507026857e-12 -4.952562367787361299e-12
1.687276714812259261e-11 1.078209098981271670e-10 1.069954607742742134e-10 5.412151856453759159e-11 3.173459622809210084e-11 -4.600887106670714584e-11 -3.053531962464803523e-11 1.357598982897171184e-11 -2.766371238023327086e-11 6.785887363050962438e-12 -1.573092914798743586e-12 1.555434218997640285e-11 9.128668616116531910e-13 -6.282351088590925622e-12 6.787276018490121155e-13 5.402949520456483741e-12 1.820903544662585104e-11 3.304594151355324902e-11 1.600353922427190965e-11 1.678628505175531192e-12
-1.042953956883419386e-11 3.761845821318246421e-11 6.297651516324526667e-11 8.175533899691523822e-11 5.558184195506754319e-11 1.189752301190866290e-11 4.093258421733212869e-11 2.367723955671369546e-11 -3.071097279988276245e-11 -2.974486555841491131e-12 -2.605952756728629961e-11 7.799863512055963808e-12 -7.415364850452338541e-12 -4.976768546761625039e-12 2.909460601158613817e-12 -3.266932234262613168e-12 4.106734567507026857e-12 1.600353922427190965e-11 2.908957909105191800e-11 7.526580967019138683e-12
7.219248900471456327e-12 -2.667041906060733890e-11 -6.045209988763599811e-12 -3.181719454546288027e-12 3.967580274024935105e-11 3.232048790324009084e-11 1.552724165380324330e-11 -9.123770045507889091e-12 -1.291625087793061581e-11 -9.940227487295590370e-12 6.890260224396611218e-12 8.259165972328416582e-12 -8.763124722167814388e-13 2.617921446662201672e-12 1.408882387973124607e-12 2.395449091740745413e-13 -4.952562367787361299e-12 1.678628505175531192e-12 7.526580967019138683e-12 2.449226404389466472e-11
