2.909389233406572273e-06 2.340807856331799547e-06 2.157081845699641762e-06 2.029693037644367044e-06 2.014016592180420298e-06 1.877030925570483718e-06 1.830625835349970410e-06 1.872012709738775862e-06 1.662777939087876603e-06 1.496156645921852986e-06 1.283457125506751311e-06 1.161524026170036498e-06 1.100105734380104241e-06 1.066948551339479522e-06 9.093432475779067452e-07 6.244168404767945292e-07 4.115529929078499163e-07 2.361254720176449635e-07 2.117498152774968782e-07 -5.633841511216917307e-08
2.340807856331799547e-06 2.530073069461850391e-06 2.346835661175919637e-06 2.196418090159572567e-06 2.097307742391728749e-06 1.939735479850016504e-06 1.845078571665642754e-06 1.861476464807479527e-06 1.668940038244316059e-06 1.502433093363609735e-06 1.328330585634577538e-06 1.239369735881934045e-06 1.269308447491465357e-06 1.244510945082585188e-06 1.085283237089653650e-06 7.288692256196899219e-07 4.501790578020468609e-07 2.940679314132457734e-07 2.550621229593364701e-07 1.037816790135488572e-07
2.157081845699641762e-06 2.346835661175919637e-06 2.699224163567443054e-06 2.525647830261892506e-06 2.282916877818702565e-06 2.117592368566218773e-06 1.992875658412626609e-06 2.021738460001270783e-06 1.774807728454147103e-06 1.565302730301336018e-06 1.387742025260804142e-06 1.266182188841540384e-06 1.276216977837210351e-06 1.251081944140130286e-06 1.091783818029032087e-06 6.869659942146196630e-07 4.137314631203728574e-07 1.815842631027671667e-07 9.147575588517007895e-08 3.928047701328908820e-08
2.029693037644367044e-06 2.196418090159572567e-06 2.525647830261892506e-06 2.898104361454549095e-06 2.597766997585910437e-06 2.356193248680779921e-06 2.142970533175449963e-06 2.162513176027071159e-06 1.949187236669349765e-06 1.709830055828555128e-06 1.509826645501682706e-06 1.387459697518132883e-06 1.343972293854370731e-06 1.279193363731644963e-06 1.104037649393358104e-06 6.765880875732344121e-07 3.721226550728964716e-07 1.027351792949383287e-07 -3.923369847232683537e-08 -9.267735837297247409e-08
2.014016592180420298e-06 2.097307742391728749e-06 2.282916877818702565e-06 2.597766997585910437e-06 2.831357066751258099e-06 2.554122060296302513e-06 2.299750630226424445e-06 2.271322251021897177e-06 2.039072740239019033e-06 1.801703726132562148e-06 1.525657014909657255e-06 1.397836647759155015e-06 1.351946317893844554e-06 1.297252083778708502e-06 1.049492127793525660e-06 6.401763576503876038e-07 3.791479099206794334e-07 1.241636952152783251e-07 -2.393026583991230686e-08 -1.655495990343350344e-07
1.877030925570483718e-06 1.939735479850016504e-06 2.117592368566218773e-06 2.356193248680779921e-06 2.554122060296302513e-06 2.689203375054158526e-06 2.519214639565061830e-06 2.479296468432537823e-06 2.204102965534885906e-06 1.971518247628597876e-06 1.617310853200677608e-06 1.437699866394644039e-06 1.389557601537359227e-06 1.308688640144077278e-06 1.017790917407769497e-06 6.179656072312916834e-07 3.521696856869630218e-07 6.650044188285911055e-08 -8.015892427106310195e-08 -2.056622196996319090e-07
1.830625835349970410e-06 1.845078571665642754e-06 1.992875658412626609e-06 2.142970533175449963e-06 2.299750630226424445e-06 2.519214639565061830e-06 2.694938157232209478e-06 2.588713409695378186e-06 2.259573210151013640e-06 2.044897039812785347e-06 1.660288154963052135e-06 1.467993740620593213e-06 1.440162769297482139e-06 1.303490069386521641e-06 1.005669403886720500e-06 6.136753007110632190e-07 3.265429518485896040e-07 7.771069510136625149e-08 -4.712843379349290052e-08 -2.027986858784488803e-07
1.872012709738775862e-06 1.861476464807479527e-06 2.021738460001270783e-06 2.162513176027071159e-06 2.271322251021897177e-06 2.479296468432537823e-06 2.588713409695378186e-06 2.770205198949764676e-06 2.413902697327754977e-06 2.183002335004189213e-06 1.812344666029515948e-06 1.591956576122572433e-06 1.494849708077280502e-06 1.328864969375158491e-06 9.886696259914571348e-07 6.016269256609681154e-07 3.609845589554125706e-07 1.187187365944169258e-07 -2.150385562967153319e-08 -1.247587286826520474e-07
1.662777939087876603e-06 1.668940038244316059e-06 1.774807728454147103e-06 1.949187236669349765e-06 2.039072740239019033e-06 2.204102965534885906e-06 2.259573210151013640e-06 2.413902697327754977e-06 2.368861475004855618e-06 2.160621844936034669e-06 1.768816691591471877e-06 1.549505378238480193e-06 1.435016449264669081e-06 1.247186878747704084e-06 9.200359071462964608e-07 5.813498901520653624e-07 3.369949310132761253e-07 8.652773407463880314e-08 -5.837009030590473936e-08 -9.003381704948708795e-08
1.496156645921852986e-06 1.502433093363609735e-06 1.565302730301336018e-06 1.709830055828555128e-06 1.801703726132562148e-06 1.971518247628597876e-06 2.044897039812785347e-06 2.183002335004189213e-06 2.160621844936034669e-06 2.236211744735102742e-06 1.877249359765616149e-06 1.650960955970854002e-06 1.499791223934632937e-06 1.256519921565584554e-06 9.433350902630536572e-07 6.288673727883805099e-07 3.596818109367027700e-07 1.092935532123895863e-07 3.327378421069425888e-08 -4.412167176106237276e-08
1.283457125506751311e-06 1.328330585634577538e-06 1.387742025260804142e-06 1.509826645501682706e-06 1.525657014909657255e-06 1.617310853200677608e-06 1.660288154963052135e-06 1.812344666029515948e-06 1.768816691591471877e-06 1.877249359765616149e-06 1.818164715446135880e-06 1.602866166266967018e-06 1.444801460966996234e-06 1.185764764498156826e-06 9.175472679544339122e-07 6.450539747810711948e-07 3.750717060859461343e-07 1.162568620619973415e-07 -3.486083101027358090e-09 -8.194994842506535203e-08
1.161524026170036498e-06 1.239369735881934045e-06 1.266182188841540384e-06 1.387459697518132883e-06 1.397836647759155015e-06 1.437699866394644039e-06 1.467993740620593213e-06 1.591956576122572433e-06 1.549505378238480193e-06 1.650960955970854002e-06 1.602866166266967018e-06 1.617358865765498546e-06 1.524334445598072252e-06 1.349211336609038896e-06 1.120316025668030635e-06 8.556862735252414126e-07 5.223241988709705907e-07 2.664179508122206353e-07 1.317856640179888474e-07 1.271938867024635913e-08
1.100105734380104241e-06 1.269308447491465357e-06 1.276216977837210351e-06 1.343972293854370731e-06 1.351946317893844554e-06 1.389557601537359227e-06 1.440162769297482139e-06 1.494849708077280502e-06 1.435016449264669081e-06 1.499791223934632937e-06 1.444801460966996234e-06 1.524334445598072252e-06 1.658919088238239354e-06 1.548748478884336681e-06 1.324418072951138688e-06 1.018369003893404364e-06 6.311911674041104467e-07 3.415772311174558679e-07 1.772568922990478298e-07 4.615803629406898145e-08
1.066948551339479522e-06 1.244510945082585188e-06 1.251081944140130286e-06 1.279193363731644963e-06 1.297252083778708502e-06 1.308688640144077278e-06 1.303490069386521641e-06 1.328864969375158491e-06 1.247186878747704084e-06 1.256519921565584554e-06 1.185764764498156826e-06 1.349211336609038896e-06 1.548748478884336681e-06 1.691699692749298033e-06 1.528763862579939179e-06 1.195085276456342341e-06 8.127423907988490525e-07 4.834451512905878782e-07 2.785947881549818958e-07 1.072671686891814266e-07
9.093432475779067452e-07 1.085283237089653650e-06 1.091783818029032087e-06 1.104037649393358104e-06 1.049492127793525660e-06 1.017790917407769497e-06 1.005669403886720500e-06 9.886696259914571348e-07 9.200359071462964608e-07 9.433350902630536572e-07 9.175472679544339122e-07 1.120316025668030635e-06 1.324418072951138688e-06 1.528763862579939179e-06 1.574040072390573220e-06 1.301299082391755482e-06 9.539903866370176448e-07 6.250478899536549341e-07 3.912671487610207879e-07 1.818552296832088274e-07
6.244168404767945292e-07 7.288692256196899219e-07 6.869659942146196630e-07 6.765880875732344121e-07 6.401763576503876038e-07 6.179656072312916834e-07 6.136753007110632190e-07 6.016269256609681154e-07 5.813498901520653624e-07 6.288673727883805099e-07 6.450539747810711948e-07 8.556862735252414126e-07 1.018369003893404364e-06 1.195085276456342341e-06 1.301299082391755482e-06 1.299756087548883365e-06 1.114410658107446119e-06 8.612025344541936671e-07 5.554516595385385684e-07 2.717861936079392975e-07
4.115529929078499163e-07 4.501790578020468609e-07 4.137314631203728574e-07 3.721226550728964716e-07 3.791479099206794334e-07 3.521696856869630218e-07 3.265429518485896040e-07 3.609845589554125706e-07 3.369949310132761253e-07 3.596818109367027700e-07 3.750717060859461343e-07 5.223241988709705907e-07 6.311911674041104467e-07 8.127423907988490525e-07 9.539903866370176448e-07 1.114410658107446119e-06 1.240012314737191806e-06 1.090186623933624942e-06 7.388403501985637560e-07 3.874334115933671278e-07
2.361254720176449635e-07 2.940679314132457734e-07 1.815842631027671667e-07 1.027351792949383287e-07 1.241636952152783251e-07 6.650044188285911055e-08 7.771069510136625149e-08 1.187187365944169258e-07 8.652773407463880314e-08 1.092935532123895863e-07 1.162568620619973415e-07 2.664179508122206353e-07 3.415772311174558679e-07 4.834451512905878782e-07 6.250478899536549341e-07 8.612025344541936671e-07 1.090186623933624942e-06 1.211744854305730668e-06 9.744612592130704162e-07 5.964045109977110776e-07
2.117498152774968782e-07 2.550621229593364701e-07 9.147575588517007895e-08 -3.923369847232683537e-08 -2.393026583991230686e-08 -8.015892427106310195e-08 -4.712843379349290052e-08 -2.150385562967153319e-08 -5.837009030590473936e-08 3.327378421069425888e-08 -3.486083101027358090e-09 1.317856640179888474e-07 1.772568922990478298e-07 2.785947881549818958e-07 3.912671487610207879e-07 5.554516595385385684e-07 7.388403501985637560e-07 9.744612592130704162e-07 1.129451212085405480e-06 9.080251260199328162e-07
-5.633841511216917307e-08 1.037816790135488572e-07 3.928047701328908820e-08 -9.267735837297247409e-08 -1.655495990343350344e-07 -2.056622196996319090e-07 -2.027986858784488803e-07 -1.247587286826520474e-07 -9.003381704948708795e-08 -4.412167176106237276e-08 -8.194994842506535203e-08 1.271938867024635913e-08 4.615803629406898145e-08 1.072671686891814266e-07 1.818552296832088274e-07 2.717861936079392975e-07 3.874334115933671278e-07 5.964045109977110776e-07 9.080251260199328162e-07 1.377678137954061440e-06
