5.583586721214479036e-05 4.274319691574279291e-05 3.145222509516176491e-05 2.964897603248330143e-05 3.265221301284608246e-05 3.042800106952526064e-05 3.055812672856469579e-05 2.819666419792637388e-05 2.702704135144439788e-05 2.792064703766608492e-05 2.582766651282763476e-05 2.410291102245068891e-05 2.244341770030116126e-05 2.069576787146453419e-05 1.928301013619507359e-05 1.776754332174756550e-05 1.486090547448476759e-05 9.730031940997352753e-06 4.402758406102121370e-06 -5.979451536846596405e-08
4.274319691574279291e-05 6.876054907955254914e-05 4.026341923620737874e-05 4.239550876262130914e-05 4.279924763660518611e-05 4.005201995300744906e-05 3.778439950457552858e-05 3.624096280624269011e-05 3.454975858080538016e-05 3.368195498232531311e-05 3.224349961104722471e-05 2.974868682274075079e-05 2.774010552406616162e-05 2.596859180225326579e-05 2.411101777414682590e-05 2.074527778676559742e-05 1.701747302796504391e-05 1.017629764768644643e-05 3.419771481701906188e-06 -1.913222069196401599e-06
3.145222509516176491e-05 4.026341923620737874e-05 4.838259151662003323e-05 3.435804254646598958e-05 3.648820392477494128e-05 3.190701312449024170e-05 3.314818177048689513e-05 3.007304566992575901e-05 2.936326612528507104e-05 2.926465787059880338e-05 2.720654030459766982e-05 2.560367337561730559e-05 2.378729237244691232e-05 2.305473863874569083e-05 2.159894805893776082e-05 1.907482012442753442e-05 1.575069175062657119e-05 1.034180889067049739e-05 5.689754803485089611e-06 2.519691346809699061e-06
2.964897603248330143e-05 4.239550876262130914e-05 3.435804254646598958e-05 4.182747213841122360e-05 3.593599188073320157e-05 3.277894814107217540e-05 3.244685113123066064e-05 2.922906833339235119e-05 2.850387536677952163e-05 2.800927612022536354e-05 2.747808751014885352e-05 2.538398188149201031e-05 2.369496356794983290e-05 2.219028765820137264e-05 2.073511827572523323e-05 1.786543403340832089e-05 1.492760517933954953e-05 9.486221052589626030e-06 4.701816677050912465e-06 9.994586593234596316e-07
3.265221301284608246e-05 4.279924763660518611e-05 3.648820392477494128e-05 3.593599188073320157e-05 4.353988833493222996e-05 3.380314801355178137e-05 3.485019451882620387e-05 3.174893491688474226e-05 3.127228466512923198e-05 3.097850860337148909e-05 2.904324111265092542e-05 2.720345735001942179e-05 2.556009918085414153e-05 2.370304812417284255e-05 2.191055650753990198e-05 1.873088812917364358e-05 1.497446694060099982e-05 8.822904291526794619e-06 3.422151651480592606e-06 -6.454327262478779901e-08
3.042800106952526064e-05 4.005201995300744906e-05 3.190701312449024170e-05 3.277894814107217540e-05 3.380314801355178137e-05 3.557918125586419900e-05 3.201975211457935632e-05 2.967003697638311553e-05 2.898494928644711010e-05 2.838005348658347485e-05 2.766649482598488704e-05 2.564332616489562068e-05 2.376266372057330751e-05 2.216968780923790343e-05 2.036592099161785180e-05 1.764714497499812062e-05 1.477797238797363611e-05 9.437030607704812924e-06 3.913642147555561919e-06 -2.648563998535101197e-07
3.055812672856469579e-05 3.778439950457552858e-05 3.314818177048689513e-05 3.244685113123066064e-05 3.485019451882620387e-05 3.201975211457935632e-05 3.481607985552320181e-05 3.115082493169914088e-05 3.018410118801175687e-05 2.977342302033037790e-05 2.888068288092514806e-05 2.690239161808484475e-05 2.510687762818123527e-05 2.362075944470625683e-05 2.170913640374201551e-05 1.879419988828469963e-05 1.529331769485945108e-05 9.759437218380934658e-06 4.317951141003468281e-06 -1.947029819921271670e-08
2.819666419792637388e-05 3.624096280624269011e-05 3.007304566992575901e-05 2.922906833339235119e-05 3.174893491688474226e-05 2.967003697638311553e-05 3.115082493169914088e-05 3.118319432045930998e-05 2.871194595295730579e-05 2.816612169172073060e-05 2.711279434853664544e-05 2.543047490027072516e-05 2.372340607465915803e-05 2.244427296124483154e-05 2.056199522368677850e-05 1.748453221742462220e-05 1.406359569195047267e-05 8.554223389459640115e-06 2.972679331389953663e-06 -1.068196554166390718e-06
2.702704135144439788e-05 3.454975858080538016e-05 2.936326612528507104e-05 2.850387536677952163e-05 3.127228466512923198e-05 2.898494928644711010e-05 3.018410118801175687e-05 2.871194595295730579e-05 2.921318065192946736e-05 2.798822241544161128e-05 2.672997221746150611e-05 2.542559675658675732e-05 2.365078804937416151e-05 2.217108159541120193e-05 2.048910931943929720e-05 1.752889056730673708e-05 1.408516012983288913e-05 8.750125674239955163e-06 3.626760375138565368e-06 -2.404172608893650516e-07
2.792064703766608492e-05 3.368195498232531311e-05 2.926465787059880338e-05 2.800927612022536354e-05 3.097850860337148909e-05 2.838005348658347485e-05 2.977342302033037790e-05 2.816612169172073060e-05 2.798822241544161128e-05 2.869963532160948357e-05 2.700084028988276909e-05 2.567488362820197239e-05 2.417795093320081055e-05 2.275736044783348232e-05 2.097136815613980678e-05 1.824851995716497929e-05 1.476061729341221845e-05 9.422623542157003760e-06 4.026519463477045029e-06 -1.043465187453303496e-07
2.582766651282763476e-05 3.224349961104722471e-05 2.720654030459766982e-05 2.747808751014885352e-05 2.904324111265092542e-05 2.766649482598488704e-05 2.888068288092514806e-05 2.711279434853664544e-05 2.672997221746150611e-05 2.700084028988276909e-05 2.677533674967275370e-05 2.521851511688743327e-05 2.374627740399304221e-05 2.229513226101502576e-05 2.052696574743012893e-05 1.770304735924809437e-05 1.426185916103726285e-05 9.079271933547718802e-06 3.814783524374077108e-06 -3.324156033690305427e-07
2.410291102245068891e-05 2.974868682274075079e-05 2.560367337561730559e-05 2.538398188149201031e-05 2.720345735001942179e-05 2.564332616489562068e-05 2.690239161808484475e-05 2.543047490027072516e-05 2.542559675658675732e-05 2.567488362820197239e-05 2.521851511688743327e-05 2.499772756622939242e-05 2.342289590476690129e-05 2.210206039271520498e-05 2.059625465630950870e-05 1.783016829690236131e-05 1.427618669680285575e-05 9.140119868572643851e-06 3.849269030506371786e-06 -2.228639150914116491e-07
2.244341770030116126e-05 2.774010552406616162e-05 2.378729237244691232e-05 2.369496356794983290e-05 2.556009918085414153e-05 2.376266372057330751e-05 2.510687762818123527e-05 2.372340607465915803e-05 2.365078804937416151e-05 2.417795093320081055e-05 2.374627740399304221e-05 2.342289590476690129e-05 2.276070409189522251e-05 2.144239937564369321e-05 1.999387759085482431e-05 1.729742474366072154e-05 1.380462505709511469e-05 8.844633412884108067e-06 3.751351831985238293e-06 -3.254312927012484106e-07
2.069576787146453419e-05 2.596859180225326579e-05 2.305473863874569083e-05 2.219028765820137264e-05 2.370304812417284255e-05 2.216968780923790343e-05 2.362075944470625683e-05 2.244427296124483154e-05 2.217108159541120193e-05 2.275736044783348232e-05 2.229513226101502576e-05 2.210206039271520498e-05 2.144239937564369321e-05 2.082277929397994098e-05 1.951996508226924091e-05 1.699035515370593530e-05 1.361619160477817743e-05 8.862983687575391498e-06 3.886747063445563609e-06 -5.136189505009026268e-08
1.928301013619507359e-05 2.411101777414682590e-05 2.159894805893776082e-05 2.073511827572523323e-05 2.191055650753990198e-05 2.036592099161785180e-05 2.170913640374201551e-05 2.056199522368677850e-05 2.048910931943929720e-05 2.097136815613980678e-05 2.052696574743012893e-05 2.059625465630950870e-05 1.999387759085482431e-05 1.951996508226924091e-05 1.894863308873287821e-05 1.654803067456395103e-05 1.331980608419491115e-05 8.832519067153193061e-06 4.162359657203298744e-06 4.113590527459099200e-07
1.776754332174756550e-05 2.074527778676559742e-05 1.907482012442753442e-05 1.786543403340832089e-05 1.873088812917364358e-05 1.764714497499812062e-05 1.879419988828469963e-05 1.748453221742462220e-05 1.752889056730673708e-05 1.824851995716497929e-05 1.770304735924809437e-05 1.783016829690236131e-05 1.729742474366072154e-05 1.699035515370593530e-05 1.654803067456395103e-05 1.512321185257348419e-05 1.255017215459958850e-05 8.807612924253002009e-06 4.650428014400850462e-06 1.128613382804769317e-06
1.486090547448476759e-05 1.701747302796504391e-05 1.575069175062657119e-05 1.492760517933954953e-05 1.497446694060099982e-05 1.477797238797363611e-05 1.529331769485945108e-05 1.406359569195047267e-05 1.408516012983288913e-05 1.476061729341221845e-05 1.426185916103726285e-05 1.427618669680285575e-05 1.380462505709511469e-05 1.361619160477817743e-05 1.331980608419491115e-05 1.255017215459958850e-05 1.107634509930136454e-05 8.255284527742015962e-06 4.831746543603942754e-06 1.725065268677469036e-06
9.730031940997352753e-06 1.017629764768644643e-05 1.034180889067049739e-05 9.486221052589626030e-06 8.822904291526794619e-06 9.437030607704812924e-06 9.759437218380934658e-06 8.554223389459640115e-06 8.750125674239955163e-06 9.422623542157003760e-06 9.079271933547718802e-06 9.140119868572643851e-06 8.844633412884108067e-06 8.862983687575391498e-06 8.832519067153193061e-06 8.807612924253002009e-06 8.255284527742015962e-06 7.065227859056153281e-06 5.008585204659803836e-06 2.688290154835710045e-06
4.402758406102121370e-06 3.419771481701906188e-06 5.689754803485089611e-06 4.701816677050912465e-06 3.422151651480592606e-06 3.913642147555561919e-06 4.317951141003468281e-06 2.972679331389953663e-06 3.626760375138565368e-06 4.026519463477045029e-06 3.814783524374077108e-06 3.849269030506371786e-06 3.751351831985238293e-06 3.886747063445563609e-06 4.162359657203298744e-06 4.650428014400850462e-06 4.831746543603942754e-06 5.008585204659803836e-06 5.055518726619738941e-06 4.175839529723406405e-06
-5.979451536846596405e-08 -1.913222069196401599e-06 2.519691346809699061e-06 9.994586593234596316e-07 -6.454327262478779901e-08 -2.648563998535101197e-07 -1.947029819921271670e-08 -1.068196554166390718e-06 -2.404172608893650516e-07 -1.043465187453303496e-07 -3.324156033690305427e-07 -2.228639150914116491e-07 -3.254312927012484106e-07 -5.136189505009026268e-08 4.113590527459099200e-07 1.128613382804769317e-06 1.725065268677469036e-06 2.688290154835710045e-06 4.175839529723406405e-06 5.269690826216206952e-06
