3.124793306667920581e-05 2.687627994964140858e-05 2.868183707132567473e-05 2.867517215730760088e-05 2.765290266368615682e-05 2.774040321889989459e-05 2.717077805713474800e-05 2.709303991393687762e-05 2.649253160750126481e-05 2.553892793801816111e-05 2.413127825749585467e-05 2.311434175563589207e-05 2.209101169170270623e-05 2.092139413175584235e-05 1.906110678657372694e-05 1.667961908429056673e-05 1.367468908563750900e-05 9.294155268367102212e-06 4.594176511042779417e-06 8.138839784817448638e-07
2.687627994964140858e-05 2.815923091278996665e-05 2.836733196678703123e-05 2.753038542886968341e-05 2.665015862450469280e-05 2.678352000145487057e-05 2.649559005547660943e-05 2.617047085782834575e-05 2.574306569169441139e-05 2.498938858539925784e-05 2.378418312686054995e-05 2.289406511200248136e-05 2.196662750654051663e-05 2.097207522967178454e-05 1.916460217794833896e-05 1.650362541408745268e-05 1.300331698975162589e-05 8.392084833243855722e-06 3.665933821541032232e-06 1.110714617834761416e-07
2.868183707132567473e-05 2.836733196678703123e-05 3.165023939521564324e-05 2.966045878135246768e-05 2.856043218336994389e-05 2.886480663011752824e-05 2.838208062029136760e-05 2.804408224665241517e-05 2.747609604111302275e-05 2.664244395184154666e-05 2.539997351779608252e-05 2.443214473215386977e-05 2.345830460167778518e-05 2.238980677632075310e-05 2.053989180161569964e-05 1.792492168479052780e-05 1.443190178853670376e-05 9.521942265113325968e-06 4.187146056336859388e-06 1.660826240293658695e-07
2.867517215730760088e-05 2.753038542886968341e-05 2.966045878135246768e-05 3.022386642599484536e-05 2.843804745317297044e-05 2.876666232599545920e-05 2.835464789499781397e-05 2.815907415542923632e-05 2.757811933726824985e-05 2.658910440398928459e-05 2.519832094544393236e-05 2.423994266497929160e-05 2.318828368688721268e-05 2.221963141929612651e-05 2.034657236172976647e-05 1.779159215311033521e-05 1.445728879487228920e-05 9.771240296706789908e-06 4.820502509266109319e-06 8.781366428769810101e-07
2.765290266368615682e-05 2.665015862450469280e-05 2.856043218336994389e-05 2.843804745317297044e-05 2.802414634209594732e-05 2.768561770300762673e-05 2.726864922045595989e-05 2.704886914315700761e-05 2.650732024673205188e-05 2.564920680276078964e-05 2.443926603314611898e-05 2.353606581440921319e-05 2.251389519966716103e-05 2.151106166666655250e-05 1.969191630708758432e-05 1.715099397589639596e-05 1.388653071015493902e-05 9.207979747720087364e-06 4.294970318235955923e-06 5.266080433692920946e-07
2.774040321889989459e-05 2.678352000145487057e-05 2.886480663011752824e-05 2.876666232599545920e-05 2.768561770300762673e-05 2.851983878693507013e-05 2.787859976969304034e-05 2.759978299293234328e-05 2.707554246355277009e-05 2.624585048098209794e-05 2.497593687745967955e-05 2.403573920258134054e-05 2.301103453949697840e-05 2.204463897230658542e-05 2.026431423106535680e-05 1.762824573483441230e-05 1.421891107512256310e-05 9.473960150178607824e-06 4.387972829360855274e-06 5.066704551695630055e-07
2.717077805713474800e-05 2.649559005547660943e-05 2.838208062029136760e-05 2.835464789499781397e-05 2.726864922045595989e-05 2.787859976969304034e-05 2.772130963431725792e-05 2.728098073996906741e-05 2.672352877107692022e-05 2.591240315246787969e-05 2.464336051821777509e-05 2.374448420075334656e-05 2.272252397305597041e-05 2.176340148979348995e-05 1.996008848399520819e-05 1.737556918666702230e-05 1.401166566568104784e-05 9.369279109843880869e-06 4.458974158900053464e-06 5.947959416990405143e-07
2.709303991393687762e-05 2.617047085782834575e-05 2.804408224665241517e-05 2.815907415542923632e-05 2.704886914315700761e-05 2.759978299293234328e-05 2.728098073996906741e-05 2.741626976583570716e-05 2.682765994773823103e-05 2.595375194115587318e-05 2.472671252845213397e-05 2.383594276555821498e-05 2.277271907032517301e-05 2.182449035227410807e-05 1.997618628904308685e-05 1.739360783526474051e-05 1.401104848681190490e-05 9.290682096170248648e-06 4.239152220452187591e-06 3.067302541421710020e-07
2.649253160750126481e-05 2.574306569169441139e-05 2.747609604111302275e-05 2.757811933726824985e-05 2.650732024673205188e-05 2.707554246355277009e-05 2.672352877107692022e-05 2.682765994773823103e-05 2.666660127479404167e-05 2.577088938068881487e-05 2.456755113679327414e-05 2.370353831619660800e-05 2.268374051475643724e-05 2.170185449466464643e-05 1.985843818331255644e-05 1.721970378213492475e-05 1.377014973301706896e-05 9.086938914946705541e-06 4.136188419352813698e-06 3.114245676383729604e-07
2.553892793801816111e-05 2.498938858539925784e-05 2.664244395184154666e-05 2.658910440398928459e-05 2.564920680276078964e-05 2.624585048098209794e-05 2.591240315246787969e-05 2.595375194115587318e-05 2.577088938068881487e-05 2.530582907698694675e-05 2.416959399361537402e-05 2.338059790418798228e-05 2.249618479526412592e-05 2.158890016953068919e-05 1.982181437730657644e-05 1.716690671953568421e-05 1.367392836046661354e-05 8.946710141454249028e-06 3.969915919752872247e-06 1.865154751138605796e-07
2.413127825749585467e-05 2.378418312686054995e-05 2.539997351779608252e-05 2.519832094544393236e-05 2.443926603314611898e-05 2.497593687745967955e-05 2.464336051821777509e-05 2.472671252845213397e-05 2.456755113679327414e-05 2.416959399361537402e-05 2.341148765045339059e-05 2.275834975530222943e-05 2.196246717191993096e-05 2.111856652181816238e-05 1.939803290058141861e-05 1.685582849063691144e-05 1.341192233325044381e-05 8.783211530103075582e-06 3.831767570717900431e-06 6.417437837619897403e-08
2.311434175563589207e-05 2.289406511200248136e-05 2.443214473215386977e-05 2.423994266497929160e-05 2.353606581440921319e-05 2.403573920258134054e-05 2.374448420075334656e-05 2.383594276555821498e-05 2.370353831619660800e-05 2.338059790418798228e-05 2.275834975530222943e-05 2.246578057310027584e-05 2.174399975583649899e-05 2.100287137585603959e-05 1.938671968228925779e-05 1.689259994083552944e-05 1.343961958689498998e-05 8.830588635753121725e-06 3.968209817970790291e-06 2.788700484930575316e-07
2.209101169170270623e-05 2.196662750654051663e-05 2.345830460167778518e-05 2.318828368688721268e-05 2.251389519966716103e-05 2.301103453949697840e-05 2.272252397305597041e-05 2.277271907032517301e-05 2.268374051475643724e-05 2.249618479526412592e-05 2.196246717191993096e-05 2.174399975583649899e-05 2.136433731191520648e-05 2.075209591613149670e-05 1.919327379788538938e-05 1.677621588651702025e-05 1.334823875070691476e-05 8.788024986349497839e-06 3.960021812663814766e-06 2.646956369760791908e-07
2.092139413175584235e-05 2.097207522967178454e-05 2.238980677632075310e-05 2.221963141929612651e-05 2.151106166666655250e-05 2.204463897230658542e-05 2.176340148979348995e-05 2.182449035227410807e-05 2.170185449466464643e-05 2.158890016953068919e-05 2.111856652181816238e-05 2.100287137585603959e-05 2.075209591613149670e-05 2.044974971360509098e-05 1.904422641749989103e-05 1.669691299470324030e-05 1.334818190605792494e-05 8.853736526323303344e-06 4.107013426927210566e-06 4.646736751595742125e-07
1.906110678657372694e-05 1.916460217794833896e-05 2.053989180161569964e-05 2.034657236172976647e-05 1.969191630708758432e-05 2.026431423106535680e-05 1.996008848399520819e-05 1.997618628904308685e-05 1.985843818331255644e-05 1.982181437730657644e-05 1.939803290058141861e-05 1.938671968228925779e-05 1.919327379788538938e-05 1.904422641749989103e-05 1.805245162870376053e-05 1.599528210902324024e-05 1.294108922336717443e-05 8.805635086001738565e-06 4.372021165315734324e-06 8.735611725745219719e-07
1.667961908429056673e-05 1.650362541408745268e-05 1.792492168479052780e-05 1.779159215311033521e-05 1.715099397589639596e-05 1.762824573483441230e-05 1.737556918666702230e-05 1.739360783526474051e-05 1.721970378213492475e-05 1.716690671953568421e-05 1.685582849063691144e-05 1.689259994083552944e-05 1.677621588651702025e-05 1.669691299470324030e-05 1.599528210902324024e-05 1.464423022495180315e-05 1.226595734680488716e-05 8.807698854322036679e-06 4.907721281596778807e-06 1.645495855066452338e-06
1.367468908563750900e-05 1.300331698975162589e-05 1.443190178853670376e-05 1.445728879487228920e-05 1.388653071015493902e-05 1.421891107512256310e-05 1.401166566568104784e-05 1.401104848681190490e-05 1.377014973301706896e-05 1.367392836046661354e-05 1.341192233325044381e-05 1.343961958689498998e-05 1.334823875070691476e-05 1.334818190605792494e-05 1.294108922336717443e-05 1.226595734680488716e-05 1.090540987273153242e-05 8.382532043900889929e-06 5.206986727453966567e-06 2.304812157109986268e-06
9.294155268367102212e-06 8.392084833243855722e-06 9.521942265113325968e-06 9.771240296706789908e-06 9.207979747720087364e-06 9.473960150178607824e-06 9.369279109843880869e-06 9.290682096170248648e-06 9.086938914946705541e-06 8.946710141454249028e-06 8.783211530103075582e-06 8.830588635753121725e-06 8.788024986349497839e-06 8.853736526323303344e-06 8.805635086001738565e-06 8.807698854322036679e-06 8.382532043900889929e-06 7.311914217546391775e-06 5.393358127536621779e-06 3.221995123227218298e-06
4.594176511042779417e-06 3.665933821541032232e-06 4.187146056336859388e-06 4.820502509266109319e-06 4.294970318235955923e-06 4.387972829360855274e-06 4.458974158900053464e-06 4.239152220452187591e-06 4.136188419352813698e-06 3.969915919752872247e-06 3.831767570717900431e-06 3.968209817970790291e-06 3.960021812663814766e-06 4.107013426927210566e-06 4.372021165315734324e-06 4.907721281596778807e-06 5.206986727453966567e-06 5.393358127536621779e-06 5.271034869942176113e-06 4.392016679873362636e-06
8.138839784817448638e-07 1.110714617834761416e-07 1.660826240293658695e-07 8.781366428769810101e-07 5.266080433692920946e-07 5.066704551695630055e-07 5.947959416990405143e-07 3.067302541421710020e-07 3.114245676383729604e-07 1.865154751138605796e-07 6.417437837619897403e-08 2.788700484930575316e-07 2.646956369760791908e-07 4.646736751595742125e-07 8.735611725745219719e-07 1.645495855066452338e-06 2.304812157109986268e-06 3.221995123227218298e-06 4.392016679873362636e-06 5.152434708597394669e-06
