7.240033117990313368e-05 5.449573722680818463e-05 4.783536601117103620e-05 4.219043689404524799e-05 4.628921887530040163e-05 4.126655647159247999e-05 4.378655174916993637e-05 4.403503251336359810e-05 4.189730347903181026e-05 4.038418220260354822e-05 3.923042032039550901e-05 3.660577562586743314e-05 3.324694733902195255e-05 2.963707947005033645e-05 2.616195592090908548e-05 2.246941181197933455e-05 1.731176200640049457e-05 1.142216727185479776e-05 4.713548696176265325e-06 1.315967942318885349e-07
5.449573722680818463e-05 7.328515930642304774e-05 5.544419672571934617e-05 4.877053382548245748e-05 4.972551773176333363e-05 4.468075669256402151e-05 4.632198782684388894e-05 4.878702553273252306e-05 4.659128167829357275e-05 4.455251794082336450e-05 4.435134317785453117e-05 4.301154146203901564e-05 3.862634076231749174e-05 3.594243206750426787e-05 3.264745066281828247e-05 2.829515656832124121e-05 2.189188682288174546e-05 1.480761509348476449e-05 6.913074260294371210e-06 -3.870251472138272904e-07
4.783536601117103620e-05 5.544419672571934617e-05 7.404869445957832361e-05 5.420350492725503920e-05 5.548058009199224091e-05 5.093491549549471805e-05 5.089420551005933931e-05 5.118618550196892296e-05 5.197485305828385680e-05 4.951402905617876220e-05 4.848197369695569079e-05 4.682623124863244109e-05 4.256026872175375101e-05 3.951874331132834473e-05 3.553213422042570595e-05 3.044355088075626734e-05 2.471487127922876158e-05 1.630985118489360479e-05 9.221028098141899578e-06 2.669406923239416438e-06
4.219043689404524799e-05 4.877053382548245748e-05 5.420350492725503920e-05 5.509881708719067294e-05 4.747579323538909864e-05 4.294348254104918364e-05 4.466439375751596395e-05 4.561746369055638385e-05 4.458449514672645502e-05 4.239335794024370749e-05 4.165267321865984227e-05 3.990223320077373315e-05 3.637165389676041608e-05 3.465594942662848831e-05 3.069236294725965266e-05 2.674393088485904862e-05 2.240854587616257000e-05 1.637052103586583409e-05 1.000395632961748505e-05 3.186533675579845487e-06
4.628921887530040163e-05 4.972551773176333363e-05 5.548058009199224091e-05 4.747579323538909864e-05 6.094166893170959646e-05 4.792584974754735059e-05 4.770828990667432109e-05 4.898829127677516642e-05 4.953252827113687655e-05 4.711749869861560244e-05 4.591670099372308241e-05 4.416646945206774514e-05 4.054678730911124413e-05 3.720443868542762242e-05 3.350803044373798978e-05 2.823287248339903188e-05 2.251081190414911559e-05 1.460198815396282979e-05 7.316974115402692815e-06 1.734453461393586701e-06
4.126655647159247999e-05 4.468075669256402151e-05 5.093491549549471805e-05 4.294348254104918364e-05 4.792584974754735059e-05 4.753096912834003809e-05 4.534134526158346135e-05 4.538916990672738170e-05 4.524620968505401532e-05 4.306086183588730113e-05 4.198134424613340649e-05 4.043737698146978942e-05 3.689016634581351482e-05 3.418630704357692536e-05 3.096242911089581626e-05 2.667624593326044414e-05 2.189514569845801801e-05 1.562386929331459050e-05 8.669180515170744569e-06 1.946689544476368057e-06
4.378655174916993637e-05 4.632198782684388894e-05 5.089420551005933931e-05 4.466439375751596395e-05 4.770828990667432109e-05 4.534134526158346135e-05 4.876481746942793372e-05 4.701005183203975092e-05 4.630572940502619721e-05 4.448359940210518094e-05 4.306182090928966185e-05 4.119123659555476538e-05 3.759360660654889087e-05 3.478940663184659776e-05 3.118604352249014597e-05 2.654981902002506483e-05 2.136884263405312902e-05 1.519727545315498412e-05 8.454842229172579267e-06 1.696555789836497780e-06
4.403503251336359810e-05 4.878702553273252306e-05 5.118618550196892296e-05 4.561746369055638385e-05 4.898829127677516642e-05 4.538916990672738170e-05 4.701005183203975092e-05 5.029847040795016721e-05 4.725589420034184500e-05 4.515834819751155828e-05 4.413397388690697658e-05 4.232473027038343376e-05 3.861631642546548492e-05 3.599465707986010789e-05 3.255426543588078831e-05 2.734278661978695377e-05 2.188613549219883079e-05 1.523297389257349154e-05 7.398359938751793743e-06 5.195690922265185021e-07
4.189730347903181026e-05 4.659128167829357275e-05 5.197485305828385680e-05 4.458449514672645502e-05 4.953252827113687655e-05 4.524620968505401532e-05 4.630572940502619721e-05 4.725589420034184500e-05 4.861840842761153619e-05 4.543501553448051604e-05 4.421452603625964349e-05 4.285506589770398956e-05 3.920999565989935276e-05 3.644304305009818466e-05 3.283567866665653020e-05 2.783281650820196304e-05 2.258611969613671019e-05 1.595397414704379370e-05 8.454163028681336805e-06 1.287358774262993044e-06
4.038418220260354822e-05 4.455251794082336450e-05 4.951402905617876220e-05 4.239335794024370749e-05 4.711749869861560244e-05 4.306086183588730113e-05 4.448359940210518094e-05 4.515834819751155828e-05 4.543501553448051604e-05 4.480102909760852556e-05 4.294479176517113425e-05 4.156706709848312511e-05 3.816420467787195726e-05 3.551977247874357242e-05 3.208338874026439580e-05 2.741486089143385662e-05 2.205339043950549845e-05 1.547715578704250119e-05 8.110113712278100662e-06 1.086087344031513973e-06
3.923042032039550901e-05 4.435134317785453117e-05 4.848197369695569079e-05 4.165267321865984227e-05 4.591670099372308241e-05 4.198134424613340649e-05 4.306182090928966185e-05 4.413397388690697658e-05 4.421452603625964349e-05 4.294479176517113425e-05 4.309417273496623444e-05 4.139982747953885003e-05 3.807270406599066640e-05 3.555756805381238837e-05 3.254788470421975349e-05 2.818944528228878443e-05 2.281116746416135888e-05 1.580016852201239283e-05 8.215973617215010944e-06 1.182838770219240880e-06
3.660577562586743314e-05 4.301154146203901564e-05 4.682623124863244109e-05 3.990223320077373315e-05 4.416646945206774514e-05 4.043737698146978942e-05 4.119123659555476538e-05 4.232473027038343376e-05 4.285506589770398956e-05 4.156706709848312511e-05 4.139982747953885003e-05 4.143316716869743115e-05 3.803228141222074016e-05 3.556036984475635421e-05 3.264025622465583759e-05 2.833036474133388149e-05 2.299193308333952711e-05 1.579436628625376749e-05 8.043586679165823654e-06 7.552230319782056265e-07
3.324694733902195255e-05 3.862634076231749174e-05 4.256026872175375101e-05 3.637165389676041608e-05 4.054678730911124413e-05 3.689016634581351482e-05 3.759360660654889087e-05 3.861631642546548492e-05 3.920999565989935276e-05 3.816420467787195726e-05 3.807270406599066640e-05 3.803228141222074016e-05 3.593158257418331710e-05 3.381738297459016963e-05 3.124227364808704278e-05 2.723345388244343489e-05 2.222065053931033166e-05 1.544002876936018980e-05 8.189695965048335294e-06 1.287138930430715095e-06
2.963707947005033645e-05 3.594243206750426787e-05 3.951874331132834473e-05 3.465594942662848831e-05 3.720443868542762242e-05 3.418630704357692536e-05 3.478940663184659776e-05 3.599465707986010789e-05 3.644304305009818466e-05 3.551977247874357242e-05 3.555756805381238837e-05 3.556036984475635421e-05 3.381738297459016963e-05 3.294250708855938606e-05 3.057183008971873909e-05 2.687728109090035616e-05 2.211633044857278806e-05 1.556373590430343385e-05 8.730496135787004305e-06 1.751788086589304205e-06
2.616195592090908548e-05 3.264745066281828247e-05 3.553213422042570595e-05 3.069236294725965266e-05 3.350803044373798978e-05 3.096242911089581626e-05 3.118604352249014597e-05 3.255426543588078831e-05 3.283567866665653020e-05 3.208338874026439580e-05 3.254788470421975349e-05 3.264025622465583759e-05 3.124227364808704278e-05 3.057183008971873909e-05 2.936267270981096977e-05 2.605269779517987779e-05 2.147293808109177626e-05 1.491438112464359894e-05 8.251967743116266627e-06 1.577266540489057220e-06
2.246941181197933455e-05 2.829515656832124121e-05 3.044355088075626734e-05 2.674393088485904862e-05 2.823287248339903188e-05 2.667624593326044414e-05 2.654981902002506483e-05 2.734278661978695377e-05 2.783281650820196304e-05 2.741486089143385662e-05 2.818944528228878443e-05 2.833036474133388149e-05 2.723345388244343489e-05 2.687728109090035616e-05 2.605269779517987779e-05 2.444133377566235044e-05 2.056440282434147124e-05 1.452570636962814462e-05 8.526744114699473634e-06 2.330797269350761776e-06
1.731176200640049457e-05 2.189188682288174546e-05 2.471487127922876158e-05 2.240854587616257000e-05 2.251081190414911559e-05 2.189514569845801801e-05 2.136884263405312902e-05 2.188613549219883079e-05 2.258611969613671019e-05 2.205339043950549845e-05 2.281116746416135888e-05 2.299193308333952711e-05 2.222065053931033166e-05 2.211633044857278806e-05 2.147293808109177626e-05 2.056440282434147124e-05 1.847818582292271787e-05 1.405330058882900872e-05 9.105597118315801448e-06 3.476219936887176553e-06
1.142216727185479776e-05 1.480761509348476449e-05 1.630985118489360479e-05 1.637052103586583409e-05 1.460198815396282979e-05 1.562386929331459050e-05 1.519727545315498412e-05 1.523297389257349154e-05 1.595397414704379370e-05 1.547715578704250119e-05 1.580016852201239283e-05 1.579436628625376749e-05 1.544002876936018980e-05 1.556373590430343385e-05 1.491438112464359894e-05 1.452570636962814462e-05 1.405330058882900872e-05 1.284139015844705348e-05 9.285423635949116873e-06 4.088586329346365301e-06
4.713548696176265325e-06 6.913074260294371210e-06 9.221028098141899578e-06 1.000395632961748505e-05 7.316974115402692815e-06 8.669180515170744569e-06 8.454842229172579267e-06 7.398359938751793743e-06 8.454163028681336805e-06 8.110113712278100662e-06 8.215973617215010944e-06 8.043586679165823654e-06 8.189695965048335294e-06 8.730496135787004305e-06 8.251967743116266627e-06 8.526744114699473634e-06 9.105597118315801448e-06 9.285423635949116873e-06 8.651264977984901092e-06 5.552037506066272549e-06
1.315967942318885349e-07 -3.870251472138272904e-07 2.669406923239416438e-06 3.186533675579845487e-06 1.734453461393586701e-06 1.946689544476368057e-06 1.696555789836497780e-06 5.195690922265185021e-07 1.287358774262993044e-06 1.086087344031513973e-06 1.182838770219240880e-06 7.552230319782056265e-07 1.287138930430715095e-06 1.751788086589304205e-06 1.577266540489057220e-06 2.330797269350761776e-06 3.476219936887176553e-06 4.088586329346365301e-06 5.552037506066272549e-06 6.117104119266672722e-06
