4.189370110090637547e-05 3.869556657634342614e-05 4.177730809104301024e-05 3.950527172412178863e-05 3.909321814184694570e-05 3.922206079158265603e-05 3.916025670906200502e-05 3.900298034197932477e-05 3.804519898848164974e-05 3.796211093589253879e-05 3.644509411147454827e-05 3.510778956484425235e-05 3.313083654645839632e-05 3.130357872779490234e-05 2.886407708120007564e-05 2.536811749346783417e-05 2.051170936263531995e-05 1.475614993159677115e-05 8.741995134825261487e-06 2.374213194181935340e-06
3.869556657634342614e-05 4.214929032232151427e-05 4.292472542235660184e-05 4.055079151137476972e-05 4.005096791462102950e-05 4.031041221606992487e-05 4.037832698662156844e-05 4.021194016645710868e-05 3.934874866929665224e-05 3.960801999302531281e-05 3.836042188428538544e-05 3.733403770603194638e-05 3.525415179859162562e-05 3.340441710797779641e-05 3.086147158997487670e-05 2.742708704240833230e-05 2.200648593047704188e-05 1.537637637692601425e-05 8.119600519888354627e-06 8.971194942845324951e-07
4.177730809104301024e-05 4.292472542235660184e-05 4.767199628986334411e-05 4.368257681955858168e-05 4.325498153561002179e-05 4.355108412009936508e-05 4.352700358356108578e-05 4.335847597206229470e-05 4.240673738543226934e-05 4.253605178038478339e-05 4.120918609175081905e-05 3.982831577201643704e-05 3.779128433021345133e-05 3.588025005389451692e-05 3.311290116480777868e-05 2.917264754041305909e-05 2.336410811618150631e-05 1.643250987033013810e-05 9.216161300675132446e-06 1.981635042447583713e-06
3.950527172412178863e-05 4.055079151137476972e-05 4.368257681955858168e-05 4.254517002935535500e-05 4.146877049896590263e-05 4.168330914205015521e-05 4.161075115623958840e-05 4.141181213672173777e-05 4.042162046118052623e-05 4.038005992886708155e-05 3.910364447082265030e-05 3.780874796043702974e-05 3.573912012473472855e-05 3.398729518885325161e-05 3.141317356325974447e-05 2.783420038307980369e-05 2.256952087667625373e-05 1.618776970301961574e-05 9.396054500933771064e-06 2.425176810616954272e-06
3.909321814184694570e-05 4.005096791462102950e-05 4.325498153561002179e-05 4.146877049896590263e-05 4.187340513844008637e-05 4.144528794222576131e-05 4.134431604559784385e-05 4.115535381856169704e-05 4.015719087453995765e-05 4.012865070566423671e-05 3.887464393722403944e-05 3.763016499011250502e-05 3.571480736067741485e-05 3.397149904439341912e-05 3.145747285593686104e-05 2.780363884511131395e-05 2.235250381072894377e-05 1.569705941266745240e-05 9.083098127082354467e-06 2.285282014093311836e-06
3.922206079158265603e-05 4.031041221606992487e-05 4.355108412009936508e-05 4.168330914205015521e-05 4.144528794222576131e-05 4.225729667356112329e-05 4.186803715143788408e-05 4.158660935324685464e-05 4.061970198450851163e-05 4.066120208687529902e-05 3.937415569968833731e-05 3.815393405895579746e-05 3.612422619147218392e-05 3.427504497591058906e-05 3.165766221351195707e-05 2.797340092333697404e-05 2.252806930513769735e-05 1.605759369106789762e-05 9.174563791635073805e-06 2.188726942505371630e-06
3.916025670906200502e-05 4.037832698662156844e-05 4.352700358356108578e-05 4.161075115623958840e-05 4.134431604559784385e-05 4.186803715143788408e-05 4.222741376057957794e-05 4.179071153087025230e-05 4.077458607746155191e-05 4.096522170328251432e-05 3.959970031945886197e-05 3.837449519099572076e-05 3.629841515076503311e-05 3.439760667926946674e-05 3.177194632315122699e-05 2.813803406773298993e-05 2.270854451472717169e-05 1.609577486651844367e-05 9.240474413549290827e-06 2.250486924025315581e-06
3.900298034197932477e-05 4.021194016645710868e-05 4.335847597206229470e-05 4.141181213672173777e-05 4.115535381856169704e-05 4.158660935324685464e-05 4.179071153087025230e-05 4.190437697980077335e-05 4.095981823120940280e-05 4.108748791074720634e-05 3.980617906103525722e-05 3.860114069765203427e-05 3.649083851085182189e-05 3.464387374045012227e-05 3.205334550044955903e-05 2.825387213230352149e-05 2.259922586112197537e-05 1.584113391196432808e-05 8.932136399929649156e-06 1.976973221660064015e-06
3.804519898848164974e-05 3.934874866929665224e-05 4.240673738543226934e-05 4.042162046118052623e-05 4.015719087453995765e-05 4.061970198450851163e-05 4.077458607746155191e-05 4.095981823120940280e-05 4.045549200527022270e-05 4.058896417191569961e-05 3.942042408082327925e-05 3.827644709702630296e-05 3.623949007918559018e-05 3.445419402644011632e-05 3.191980504835290213e-05 2.819484683115108863e-05 2.248860262742696943e-05 1.571049825159406686e-05 8.734468151029560771e-06 1.873372417338717178e-06
3.796211093589253879e-05 3.960801999302531281e-05 4.253605178038478339e-05 4.038005992886708155e-05 4.012865070566423671e-05 4.066120208687529902e-05 4.096522170328251432e-05 4.108748791074720634e-05 4.058896417191569961e-05 4.122584841067955942e-05 4.004038023911839271e-05 3.901063826385488248e-05 3.693982633513076015e-05 3.507329587008432018e-05 3.250741436294898781e-05 2.885462721446345713e-05 2.307129180304741997e-05 1.606059206922541574e-05 8.800399024571895797e-06 1.753705995865277907e-06
3.644509411147454827e-05 3.836042188428538544e-05 4.120918609175081905e-05 3.910364447082265030e-05 3.887464393722403944e-05 3.937415569968833731e-05 3.959970031945886197e-05 3.980617906103525722e-05 3.942042408082327925e-05 4.004038023911839271e-05 3.928572965069183659e-05 3.842097032899034265e-05 3.652416243175030585e-05 3.483372420092197209e-05 3.238810908508693332e-05 2.882345209012694302e-05 2.309249911690140246e-05 1.606428348498519534e-05 8.714977526119025488e-06 1.580143566449247196e-06
3.510778956484425235e-05 3.733403770603194638e-05 3.982831577201643704e-05 3.780874796043702974e-05 3.763016499011250502e-05 3.815393405895579746e-05 3.837449519099572076e-05 3.860114069765203427e-05 3.827644709702630296e-05 3.901063826385488248e-05 3.842097032899034265e-05 3.802542161752699948e-05 3.634699083275684604e-05 3.474919487635045115e-05 3.238539516931501804e-05 2.883325535589465957e-05 2.310314524334268141e-05 1.597749346794328219e-05 8.565851122352111547e-06 1.510699120805438950e-06
3.313083654645839632e-05 3.525415179859162562e-05 3.779128433021345133e-05 3.573912012473472855e-05 3.571480736067741485e-05 3.612422619147218392e-05 3.629841515076503311e-05 3.649083851085182189e-05 3.623949007918559018e-05 3.693982633513076015e-05 3.652416243175030585e-05 3.634699083275684604e-05 3.528489408439173077e-05 3.402816525635622724e-05 3.197079097058763231e-05 2.865349994787861975e-05 2.305099842824554453e-05 1.597488690553537858e-05 8.748832328816878097e-06 1.876286078714062580e-06
3.130357872779490234e-05 3.340441710797779641e-05 3.588025005389451692e-05 3.398729518885325161e-05 3.397149904439341912e-05 3.427504497591058906e-05 3.439760667926946674e-05 3.464387374045012227e-05 3.445419402644011632e-05 3.507329587008432018e-05 3.483372420092197209e-05 3.474919487635045115e-05 3.402816525635622724e-05 3.341613932906170207e-05 3.173971278478266285e-05 2.858706348287993229e-05 2.312470267832206780e-05 1.617703980026887603e-05 9.076791504859042770e-06 2.147195883146579003e-06
2.886407708120007564e-05 3.086147158997487670e-05 3.311290116480777868e-05 3.141317356325974447e-05 3.145747285593686104e-05 3.165766221351195707e-05 3.177194632315122699e-05 3.205334550044955903e-05 3.191980504835290213e-05 3.250741436294898781e-05 3.238810908508693332e-05 3.238539516931501804e-05 3.197079097058763231e-05 3.173971278478266285e-05 3.072276224617177538e-05 2.800694573832966268e-05 2.284830385833319785e-05 1.609973972007509993e-05 9.278948713864224539e-06 2.601205926679858159e-06
2.536811749346783417e-05 2.742708704240833230e-05 2.917264754041305909e-05 2.783420038307980369e-05 2.780363884511131395e-05 2.797340092333697404e-05 2.813803406773298993e-05 2.825387213230352149e-05 2.819484683115108863e-05 2.885462721446345713e-05 2.882345209012694302e-05 2.883325535589465957e-05 2.865349994787861975e-05 2.858706348287993229e-05 2.800694573832966268e-05 2.634561754145424832e-05 2.205467399056254828e-05 1.598340700461372337e-05 9.636169861101618543e-06 3.172744504957725542e-06
2.051170936263531995e-05 2.200648593047704188e-05 2.336410811618150631e-05 2.256952087667625373e-05 2.235250381072894377e-05 2.252806930513769735e-05 2.270854451472717169e-05 2.259922586112197537e-05 2.248860262742696943e-05 2.307129180304741997e-05 2.309249911690140246e-05 2.310314524334268141e-05 2.305099842824554453e-05 2.312470267832206780e-05 2.284830385833319785e-05 2.205467399056254828e-05 1.956586322575943455e-05 1.510928651323896833e-05 9.945278229722385275e-06 4.241821869182018287e-06
1.475614993159677115e-05 1.537637637692601425e-05 1.643250987033013810e-05 1.618776970301961574e-05 1.569705941266745240e-05 1.605759369106789762e-05 1.609577486651844367e-05 1.584113391196432808e-05 1.571049825159406686e-05 1.606059206922541574e-05 1.606428348498519534e-05 1.597749346794328219e-05 1.597488690553537858e-05 1.617703980026887603e-05 1.609973972007509993e-05 1.598340700461372337e-05 1.510928651323896833e-05 1.331673771472075656e-05 9.851511636528143573e-06 5.060876553510662692e-06
8.741995134825261487e-06 8.119600519888354627e-06 9.216161300675132446e-06 9.396054500933771064e-06 9.083098127082354467e-06 9.174563791635073805e-06 9.240474413549290827e-06 8.932136399929649156e-06 8.734468151029560771e-06 8.800399024571895797e-06 8.714977526119025488e-06 8.565851122352111547e-06 8.748832328816878097e-06 9.076791504859042770e-06 9.278948713864224539e-06 9.636169861101618543e-06 9.945278229722385275e-06 9.851511636528143573e-06 9.109162099308236785e-06 6.478679955228037930e-06
2.374213194181935340e-06 8.971194942845324951e-07 1.981635042447583713e-06 2.425176810616954272e-06 2.285282014093311836e-06 2.188726942505371630e-06 2.250486924025315581e-06 1.976973221660064015e-06 1.873372417338717178e-06 1.753705995865277907e-06 1.580143566449247196e-06 1.510699120805438950e-06 1.876286078714062580e-06 2.147195883146579003e-06 2.601205926679858159e-06 3.172744504957725542e-06 4.241821869182018287e-06 5.060876553510662692e-06 6.478679955228037930e-06 7.025546619781738280e-06
