2.105544928792104041e-08 -2.199711419370172030e-09 8.419192658972813339e-10 -1.890584521572496218e-10 -2.364598051488200680e-10 8.851470353232155663e-10 -1.215022905190656936e-10 2.931805019642265143e-10 2.366595876502271770e-10 5.814787656441904211e-11 1.472221227240239591e-10 3.387313815651075821e-10 5.412223743818080692e-10 2.919646498292756875e-10 1.286803461929627235e-10 -6.744072870839813131e-11 -1.252586574752028890e-10 1.254582149716547266e-10 1.021125897989229711e-10 -2.064778729741836679e-10
-2.199711419370172030e-09 1.105659960819499820e-08 1.526810247137701240e-10 9.212417666935526490e-10 7.339140087806393880e-10 -1.278986564436402192e-10 1.460241181187375013e-10 -1.092877484688726966e-10 -4.087004587781857104e-10 -6.044606715282666250e-10 -1.071633872753654841e-10 -2.405008315630881235e-10 1.229427923867348539e-10 -1.841150717662383890e-11 1.054594175249107832e-10 -1.843463876454339653e-10 -2.477714423690419837e-10 -1.395453230783964241e-10 -2.520419436303507951e-10 -1.513802826137452085e-10
8.419192658972813339e-10 1.526810247137701240e-10 8.640243451054119888e-09 9.542216292177452846e-10 3.081582662804159009e-10 2.219176925785392776e-10 -5.506220400637950598e-10 -5.159747240652335726e-10 -6.192749109325195060e-10 -1.609765301960605683e-10 -1.409240182723144452e-10 -9.094988682679709037e-12 2.755261872629366510e-11 -9.735721003300243093e-11 -1.235736928446893942e-10 -1.719110889616588144e-10 -6.735937066997993776e-11 -1.189874818129375519e-10 3.223763825051360984e-11 1.298588738845519923e-10
-1.890584521572496218e-10 9.212417666935526490e-10 9.542216292177452846e-10 4.168806919383606649e-09 -4.685827805508395526e-10 -6.635818063977024348e-11 -2.759945370044207861e-10 -1.008772791615833393e-10 -2.752521745066718040e-11 -4.466767781330448576e-11 -1.184213177120888678e-10 1.400138486628011144e-11 -1.643346495136056235e-10 -1.387621658304925114e-10 -3.189521152281901738e-11 1.900433510127523198e-11 1.307426022880002512e-11 -5.856573677458472602e-11 1.929238058222122592e-11 -3.685674628083569815e-13
-2.364598051488200680e-10 7.339140087806393880e-10 3.081582662804159009e-10 -4.685827805508395526e-10 4.609208426450667962e-09 1.511459776279256118e-10 -2.229822219792673821e-10 2.753094581256275783e-10 -1.167882600576156841e-10 -2.932794956066721685e-10 -4.100513424513229846e-10 -5.793346944611999141e-11 -5.386739209893160006e-11 -2.775078898358275349e-11 -8.993362344927873992e-11 -1.624407059750061341e-10 -1.314811307750400201e-10 -1.689997904316961844e-10 -1.641727556363487342e-10 1.181876439093655276e-10
8.851470353232155663e-10 -1.278986564436402192e-10 2.219176925785392776e-10 -6.635818063977024348e-11 1.511459776279256118e-10 2.324082498662826633e-09 -1.075141451632451608e-10 1.112532996255633661e-10 -6.039049184620036741e-11 -2.076411801230100313e-11 3.130298172868627805e-11 4.280106913162587766e-11 2.338754386263208044e-11 6.342124748573162271e-12 -5.968683771642286614e-11 -6.978611488860430933e-11 3.111228367326561277e-11 -1.833463790251064656e-11 6.085058827866192830e-11 4.556912646043504710e-11
-1.215022905190656936e-10 1.460241181187375013e-10 -5.506220400637950598e-10 -2.759945370044207861e-10 -2.229822219792673821e-10 -1.075141451632451608e-10 2.051773695504370336e-09 5.101416952089613306e-11 2.216405519036884196e-10 3.164076453601770830e-10 2.550404917364834488e-10 1.183466077456432706e-10 5.010338158235709766e-11 6.673996159615073361e-12 -7.480400759220974494e-11 1.210320890164745444e-11 1.040998182305622165e-10 1.825016219096991312e-10 6.116633043321536820e-11 -2.277977597047055788e-11
2.931805019642265143e-10 -1.092877484688726966e-10 -5.159747240652335726e-10 -1.008772791615833393e-10 2.753094581256275783e-10 1.112532996255633661e-10 5.101416952089613306e-11 1.103243860475511638e-09 8.580816758923423233e-11 9.016018358832723240e-11 1.532652209553791879e-11 4.012648620266848024e-11 2.417674635282209616e-11 -2.786529874310562257e-11 -5.922228087171369146e-11 -6.537844566675743590e-11 -8.665878378475257028e-11 8.177608470820947287e-12 2.378424068172740865e-11 -1.405652605250397651e-11
2.366595876502271770e-10 -4.087004587781857104e-10 -6.192749109325195060e-10 -2.752521745066718040e-11 -1.167882600576156841e-10 -6.039049184620036741e-11 2.216405519036884196e-10 8.580816758923423233e-11 7.664275920440559651e-10 1.203472166815440390e-10 1.138403020525252559e-10 7.641990792762239890e-11 7.377305300881016407e-11 2.068257020371748266e-11 -2.131904668145537265e-11 8.858894724541773536e-11 -1.236601591676744610e-12 4.944328678983361102e-11 6.046118858426709259e-12 2.031918347861985409e-11
5.814787656441904211e-11 -6.044606715282666250e-10 -1.609765301960605683e-10 -4.466767781330448576e-11 -2.932794956066721685e-10 -2.076411801230100313e-11 3.164076453601770830e-10 9.016018358832723240e-11 1.203472166815440390e-10 6.718005553042503546e-10 2.480782695581493081e-10 6.639720069323454253e-11 -4.370301677667568926e-11 1.611666598008613035e-11 -6.059772424576980404e-11 5.629935179134799073e-11 6.253482388421506639e-11 8.911794977365712540e-11 6.151059352617354507e-11 5.036307586567583308e-11
1.472221227240239591e-10 -1.071633872753654841e-10 -1.409240182723144452e-10 -1.184213177120888678e-10 -4.100513424513229846e-10 3.130298172868627805e-11 2.550404917364834488e-10 1.532652209553791879e-11 1.138403020525252559e-10 2.480782695581493081e-10 5.029505371179729113e-10 1.479163737963283378e-10 7.399505697830552058e-11 2.260934347800491437e-11 1.364321023990492072e-11 7.911943697670553277e-11 1.020414938688559426e-10 1.397670357674177957e-10 6.241031143640283547e-11 4.243192117556156908e-11
3.387313815651075821e-10 -2.405008315630881235e-10 -9.094988682679709037e-12 1.400138486628011144e-11 -5.793346944611999141e-11 4.280106913162587766e-11 1.183466077456432706e-10 4.012648620266848024e-11 7.641990792762239890e-11 6.639720069323454253e-11 1.479163737963283378e-10 3.533844766993249056e-10 1.131483014818471952e-10 7.782166023916814376e-11 9.251518127501314960e-11 5.293881771577422390e-11 5.821767821435643458e-11 5.149683585142806648e-11 8.739872422228793268e-12 1.753329883902608175e-11
5.412223743818080692e-10 1.229427923867348539e-10 2.755261872629366510e-11 -1.643346495136056235e-10 -5.386739209893160006e-11 2.338754386263208044e-11 5.010338158235709766e-11 2.417674635282209616e-11 7.377305300881016407e-11 -4.370301677667568926e-11 7.399505697830552058e-11 1.131483014818471952e-10 2.496460535638739548e-10 1.155628592371745264e-10 1.225643052594978139e-10 4.857276964261410536e-11 1.177495702069032725e-11 2.654687592406321487e-11 1.878729003260229957e-11 -1.202047253839772141e-12
2.919646498292756875e-10 -1.841150717662383890e-11 -9.735721003300243093e-11 -1.387621658304925114e-10 -2.775078898358275349e-11 6.342124748573162271e-12 6.673996159615073361e-12 -2.786529874310562257e-11 2.068257020371748266e-11 1.611666598008613035e-11 2.260934347800491437e-11 7.782166023916814376e-11 1.155628592371745264e-10 2.550753972646114187e-10 1.574978446660941886e-10 5.780619676186597894e-11 -1.296678426885280147e-11 -1.633154291373412779e-11 -3.457241051397552219e-11 -4.110014494936266403e-11
1.286803461929627235e-10 1.054594175249107832e-10 -1.235736928446893942e-10 -3.189521152281901738e-11 -8.993362344927873992e-11 -5.968683771642286614e-11 -7.480400759220974494e-11 -5.922228087171369146e-11 -2.131904668145537265e-11 -6.059772424576980404e-11 1.364321023990492072e-11 9.251518127501314960e-11 1.225643052594978139e-10 1.574978446660941886e-10 2.549418993382619065e-10 8.623419793251964192e-11 3.073653033803300753e-11 2.541180582595533277e-11 7.455603340255273761e-12 -2.101275938714559417e-12
-6.744072870839813131e-11 -1.843463876454339653e-10 -1.719110889616588144e-10 1.900433510127523198e-11 -1.624407059750061341e-10 -6.978611488860430933e-11 1.210320890164745444e-11 -6.537844566675743590e-11 8.858894724541773536e-11 5.629935179134799073e-11 7.911943697670553277e-11 5.293881771577422390e-11 4.857276964261410536e-11 5.780619676186597894e-11 8.623419793251964192e-11 1.474663348280553036e-10 8.015508211982471360e-11 8.000930724302377452e-11 3.692104863986136649e-11 1.108688399166397913e-11
-1.252586574752028890e-10 -2.477714423690419837e-10 -6.735937066997993776e-11 1.307426022880002512e-11 -1.314811307750400201e-10 3.111228367326561277e-11 1.040998182305622165e-10 -8.665878378475257028e-11 -1.236601591676744610e-12 6.253482388421506639e-11 1.020414938688559426e-10 5.821767821435643458e-11 1.177495702069032725e-11 -1.296678426885280147e-11 3.073653033803300753e-11 8.015508211982471360e-11 1.805355044449907481e-10 1.350847857918280279e-10 8.907733398876316815e-11 6.347331724637509626e-11
1.254582149716547266e-10 -1.395453230783964241e-10 -1.189874818129375519e-10 -5.856573677458472602e-11 -1.689997904316961844e-10 -1.833463790251064656e-11 1.825016219096991312e-10 8.177608470820947287e-12 4.944328678983361102e-11 8.911794977365712540e-11 1.397670357674177957e-10 5.149683585142806648e-11 2.654687592406321487e-11 -1.633154291373412779e-11 2.541180582595533277e-11 8.000930724302377452e-11 1.350847857918280279e-10 2.023779315837929839e-10 1.271970614918125252e-10 4.907398168634317645e-11
1.021125897989229711e-10 -2.520419436303507951e-10 3.223763825051360984e-11 1.929238058222122592e-11 -1.641727556363487342e-10 6.085058827866192830e-11 6.116633043321536820e-11 2.378424068172740865e-11 6.046118858426709259e-12 6.151059352617354507e-11 6.241031143640283547e-11 8.739872422228793268e-12 1.878729003260229957e-11 -3.457241051397552219e-11 7.455603340255273761e-12 3.692104863986136649e-11 8.907733398876316815e-11 1.271970614918125252e-10 1.669955218216969328e-10 9.027039939537246085e-11
-2.064778729741836679e-10 -1.513802826137452085e-10 1.298588738845519923e-10 -3.685674628083569815e-13 1.181876439093655276e-10 4.556912646043504710e-11 -2.277977597047055788e-11 -1.405652605250397651e-11 2.031918347861985409e-11 5.036307586567583308e-11 4.243192117556156908e-11 1.753329883902608175e-11 -1.202047253839772141e-12 -4.110014494936266403e-11 -2.101275938714559417e-12 1.108688399166397913e-11 6.347331724637509626e-11 4.907398168634317645e-11 9.027039939537246085e-11 1.582722043095604979e-10
