5.186579360657375614e-06 5.084024034858070304e-06 5.074002621412416231e-06 5.008186248351806508e-06 4.774737015015611151e-06 4.652461029967441975e-06 4.476726362174247777e-06 4.429026035468175404e-06 4.356935816551504064e-06 4.124724261756314339e-06 3.997394342681615946e-06 3.670987801259263857e-06 3.203723386160468960e-06 2.839616070378729974e-06 2.337252413413852793e-06 1.881090676827202141e-06 1.105285040995042611e-06 1.692426188337956151e-07 -4.554042421849611291e-07 -3.511068232498163686e-07
5.084024034858070304e-06 5.641190855762967312e-06 5.499587949517854820e-06 5.399634754928604349e-06 5.150903351928524372e-06 4.919793763122868299e-06 4.771236086069952200e-06 4.819127605531338079e-06 4.732287556112914317e-06 4.486255548818982435e-06 4.312496713473787923e-06 4.052436559210005409e-06 3.561911057596671951e-06 3.221844803531991969e-06 2.704825791257407370e-06 2.199187930602476003e-06 1.157127248403354822e-06 1.650652094321545089e-07 -2.773259924971811576e-07 1.102911646976221231e-08
5.074002621412416231e-06 5.499587949517854820e-06 5.999008640451980671e-06 5.942920357838385097e-06 5.650381258557603193e-06 5.434472461607053443e-06 5.279889799972724164e-06 5.349393279356401662e-06 5.196873848476950869e-06 4.940442134563580901e-06 4.641502961732521285e-06 4.258655496905289239e-06 3.552059561353906036e-06 3.056519849716453697e-06 2.411724731674138867e-06 1.892548777319075935e-06 9.030758798008408962e-07 2.049107869514950711e-08 -2.881958657154131149e-07 2.210948794865258120e-08
5.008186248351806508e-06 5.399634754928604349e-06 5.942920357838385097e-06 6.370593535903632950e-06 6.020685290009414363e-06 5.806949361377325285e-06 5.698676341670652531e-06 5.731273220234099924e-06 5.598924430642058366e-06 5.401129319046155668e-06 5.113913712726194429e-06 4.656595566297882671e-06 3.877203414479262054e-06 3.303480626812789132e-06 2.590597769403760784e-06 2.018303814250736025e-06 1.056227647469478563e-06 9.483652541523352530e-08 -2.445501297867577593e-07 1.487435745797882174e-07
4.774737015015611151e-06 5.150903351928524372e-06 5.650381258557603193e-06 6.020685290009414363e-06 6.206726441755355924e-06 6.024132949460639005e-06 5.910020566657557202e-06 5.884189373559169454e-06 5.697139709913325130e-06 5.492823943380256261e-06 5.140458210537314482e-06 4.644759658743789761e-06 3.868700258679182989e-06 3.320588373375256439e-06 2.687238304598657379e-06 2.113897117151465393e-06 1.207594432498974204e-06 2.173817438044963570e-07 -3.844573244332649992e-07 1.237624569565055035e-08
4.652461029967441975e-06 4.919793763122868299e-06 5.434472461607053443e-06 5.806949361377325285e-06 6.024132949460639005e-06 6.253200708275913503e-06 6.150030862329168780e-06 6.068520156995639224e-06 5.929933503080406141e-06 5.777661716963021622e-06 5.395521638536876781e-06 4.859449540351049562e-06 4.035028636061398477e-06 3.451073178750151210e-06 2.772104567901718080e-06 2.197254249806176385e-06 1.288045473640005693e-06 2.627406291712575558e-07 -4.907525499575720760e-07 -2.132901382845964235e-07
4.476726362174247777e-06 4.771236086069952200e-06 5.279889799972724164e-06 5.698676341670652531e-06 5.910020566657557202e-06 6.150030862329168780e-06 6.421158222531499512e-06 6.301056319073948681e-06 6.188292315713037285e-06 6.065153786536271633e-06 5.716360616760771417e-06 5.216409176186041447e-06 4.430762486796688350e-06 3.809958591859875001e-06 3.094114678322358544e-06 2.518094038693398801e-06 1.507258350188757754e-06 3.292586826227184082e-07 -4.525203093003318773e-07 -1.718918790530916275e-07
4.429026035468175404e-06 4.819127605531338079e-06 5.349393279356401662e-06 5.731273220234099924e-06 5.884189373559169454e-06 6.068520156995639224e-06 6.301056319073948681e-06 6.617931426149814776e-06 6.581056926188092350e-06 6.384948382192370516e-06 5.998719412693684788e-06 5.561736446321389615e-06 4.714855343452460286e-06 4.063688701624671698e-06 3.247006312479010286e-06 2.462114309205486199e-06 1.243029825240558503e-06 -4.015842595636081439e-08 -6.088787696716956099e-07 -5.015385983575852682e-08
4.356935816551504064e-06 4.732287556112914317e-06 5.196873848476950869e-06 5.598924430642058366e-06 5.697139709913325130e-06 5.929933503080406141e-06 6.188292315713037285e-06 6.581056926188092350e-06 6.979612964016165697e-06 6.772662762118734317e-06 6.380021139496030574e-06 5.941536835055941118e-06 5.034073781395957704e-06 4.249155546408222668e-06 3.332005689939030276e-06 2.356445686117314410e-06 1.029765911029559312e-06 -2.550678854097022905e-07 -7.231699415086296603e-07 -3.037607276962005777e-07
4.124724261756314339e-06 4.486255548818982435e-06 4.940442134563580901e-06 5.401129319046155668e-06 5.492823943380256261e-06 5.777661716963021622e-06 6.065153786536271633e-06 6.384948382192370516e-06 6.772662762118734317e-06 6.941951082244418968e-06 6.587970776155445097e-06 6.164156198055067228e-06 5.341301099889755457e-06 4.529977584841889591e-06 3.593195676592560268e-06 2.630060458845246926e-06 1.240093261437527675e-06 -2.618568059812516118e-07 -9.054917498677479673e-07 -4.465611235587892702e-07
3.997394342681615946e-06 4.312496713473787923e-06 4.641502961732521285e-06 5.113913712726194429e-06 5.140458210537314482e-06 5.395521638536876781e-06 5.716360616760771417e-06 5.998719412693684788e-06 6.380021139496030574e-06 6.587970776155445097e-06 6.674832996575495225e-06 6.387772084911985994e-06 5.751253504973514658e-06 5.002961373056558677e-06 4.159241128300832256e-06 3.237198909214647747e-06 1.862007537872817101e-06 1.334895463946448068e-08 -8.523382198218480297e-07 -4.710965275664221860e-07
3.670987801259263857e-06 4.052436559210005409e-06 4.258655496905289239e-06 4.656595566297882671e-06 4.644759658743789761e-06 4.859449540351049562e-06 5.216409176186041447e-06 5.561736446321389615e-06 5.941536835055941118e-06 6.164156198055067228e-06 6.387772084911985994e-06 6.536080087240825295e-06 6.192848004368972093e-06 5.600116555175434908e-06 4.900246695097033326e-06 3.967662332132903158e-06 2.257709638463070817e-06 -3.519919543908644370e-08 -1.039849773227179326e-06 -4.842437071897724387e-07
3.203723386160468960e-06 3.561911057596671951e-06 3.552059561353906036e-06 3.877203414479262054e-06 3.868700258679182989e-06 4.035028636061398477e-06 4.430762486796688350e-06 4.714855343452460286e-06 5.034073781395957704e-06 5.341301099889755457e-06 5.751253504973514658e-06 6.192848004368972093e-06 6.576301273263189122e-06 6.343128588145899131e-06 5.943540146638277948e-06 5.147069386104368793e-06 3.270428160293054486e-06 3.770445211168614649e-07 -1.158182267009463400e-06 -6.906454407416575845e-07
2.839616070378729974e-06 3.221844803531991969e-06 3.056519849716453697e-06 3.303480626812789132e-06 3.320588373375256439e-06 3.451073178750151210e-06 3.809958591859875001e-06 4.063688701624671698e-06 4.249155546408222668e-06 4.529977584841889591e-06 5.002961373056558677e-06 5.600116555175434908e-06 6.343128588145899131e-06 6.732594447799457226e-06 6.667916595294357810e-06 5.887596752420584300e-06 3.839466363712388058e-06 6.156176611823910636e-07 -1.213548649454597163e-06 -7.730532894462477906e-07
2.337252413413852793e-06 2.704825791257407370e-06 2.411724731674138867e-06 2.590597769403760784e-06 2.687238304598657379e-06 2.772104567901718080e-06 3.094114678322358544e-06 3.247006312479010286e-06 3.332005689939030276e-06 3.593195676592560268e-06 4.159241128300832256e-06 4.900246695097033326e-06 5.943540146638277948e-06 6.667916595294357810e-06 7.275526723540011143e-06 6.754724554273488959e-06 4.612660782147057774e-06 1.096906683187106856e-06 -1.271916160018543474e-06 -8.821014800621893305e-07
1.881090676827202141e-06 2.199187930602476003e-06 1.892548777319075935e-06 2.018303814250736025e-06 2.113897117151465393e-06 2.197254249806176385e-06 2.518094038693398801e-06 2.462114309205486199e-06 2.356445686117314410e-06 2.630060458845246926e-06 3.237198909214647747e-06 3.967662332132903158e-06 5.147069386104368793e-06 5.887596752420584300e-06 6.754724554273488959e-06 7.125814509491592973e-06 5.456300155227025577e-06 2.071674024764432207e-06 -7.459170375321104353e-07 -9.500563776385618981e-07
1.105285040995042611e-06 1.157127248403354822e-06 9.030758798008408962e-07 1.056227647469478563e-06 1.207594432498974204e-06 1.288045473640005693e-06 1.507258350188757754e-06 1.243029825240558503e-06 1.029765911029559312e-06 1.240093261437527675e-06 1.862007537872817101e-06 2.257709638463070817e-06 3.270428160293054486e-06 3.839466363712388058e-06 4.612660782147057774e-06 5.456300155227025577e-06 5.601087214438689410e-06 3.492144100932265934e-06 6.653103979049159270e-07 -7.898425026070452801e-07
1.692426188337956151e-07 1.650652094321545089e-07 2.049107869514950711e-08 9.483652541523352530e-08 2.173817438044963570e-07 2.627406291712575558e-07 3.292586826227184082e-07 -4.015842595636081439e-08 -2.550678854097022905e-07 -2.618568059812516118e-07 1.334895463946448068e-08 -3.519919543908644370e-08 3.770445211168614649e-07 6.156176611823910636e-07 1.096906683187106856e-06 2.071674024764432207e-06 3.492144100932265934e-06 4.090392650961399401e-06 2.593976547858397389e-06 -1.050778820638673845e-08
-4.554042421849611291e-07 -2.773259924971811576e-07 -2.881958657154131149e-07 -2.445501297867577593e-07 -3.844573244332649992e-07 -4.907525499575720760e-07 -4.525203093003318773e-07 -6.088787696716956099e-07 -7.231699415086296603e-07 -9.054917498677479673e-07 -8.523382198218480297e-07 -1.039849773227179326e-06 -1.158182267009463400e-06 -1.213548649454597163e-06 -1.271916160018543474e-06 -7.459170375321104353e-07 6.653103979049159270e-07 2.593976547858397389e-06 4.021566381227151028e-06 2.309305850438009106e-06
-3.511068232498163686e-07 1.102911646976221231e-08 2.210948794865258120e-08 1.487435745797882174e-07 1.237624569565055035e-08 -2.132901382845964235e-07 -1.718918790530916275e-07 -5.015385983575852682e-08 -3.037607276962005777e-07 -4.465611235587892702e-07 -4.710965275664221860e-07 -4.842437071897724387e-07 -6.906454407416575845e-07 -7.730532894462477906e-07 -8.821014800621893305e-07 -9.500563776385618981e-07 -7.898425026070452801e-07 -1.050778820638673845e-08 2.309305850438009106e-06 4.325349260167256269e-06
