1.972156973290855977e-08 -2.102943651072140332e-09 7.574718412342410501e-10 -2.284923644653408179e-10 -2.066578528633516321e-10 8.444343074010447522e-10 -1.187820729658836371e-10 2.718110373454863685e-10 2.136675272439080309e-10 5.137121471493139792e-11 1.484039586334326791e-10 3.237224303458767471e-10 5.200496699678729837e-10 2.800650215169368402e-10 1.245891148131788992e-10 -6.456546318352045027e-11 -1.172655826758245985e-10 1.260117595244173611e-10 9.665528245711798075e-11 -2.061704892711965293e-10
-2.102943651072140332e-09 1.036055021687169506e-08 1.140587785142124694e-10 8.249788475822676236e-10 6.785658872257832130e-10 -1.438585007793165768e-10 1.217049153672306626e-10 -1.015972887744414266e-10 -4.022064584902262219e-10 -5.880933777479185243e-10 -1.025798171579518575e-10 -2.360627400818779191e-10 1.152731021009307822e-10 -2.012970603883801432e-11 9.872716421968516904e-11 -1.816396735166419575e-10 -2.454011227121229061e-10 -1.367038524841017708e-10 -2.454848234121690684e-10 -1.535144035725848215e-10
7.574718412342410501e-10 1.140587785142124694e-10 8.225963562904424001e-09 8.812724843850078656e-10 2.994769338448244166e-10 2.060401148381398458e-10 -5.326614355079716984e-10 -5.023235334081753954e-10 -5.973097301452031967e-10 -1.485002389989116048e-10 -1.240487491176048906e-10 -7.559302717319377463e-12 2.579229240537899470e-11 -9.366279382846758231e-11 -1.197151265005807477e-10 -1.632346466508236589e-10 -6.269745655607143555e-11 -1.136620487141375070e-10 3.103521692601164931e-11 1.275450842465248390e-10
-2.284923644653408179e-10 8.249788475822676236e-10 8.812724843850078656e-10 3.964372907583398011e-09 -4.585254630403100011e-10 -8.217083007915994381e-11 -2.732994739423422761e-10 -1.006816599031914826e-10 -3.319743572201311332e-11 -4.618975551078822072e-11 -1.102177661457621596e-10 1.122257864182945893e-11 -1.624802216051806736e-10 -1.357840492629065362e-10 -3.068824105526162833e-11 2.150293488972198154e-11 1.677098894095904314e-11 -5.457642365251605309e-11 1.960715170962579526e-11 1.798210200107402802e-12
-2.066578528633516321e-10 6.785658872257832130e-10 2.994769338448244166e-10 -4.585254630403100011e-10 4.450555759138522119e-09 1.489360905273515606e-10 -2.123763550733772441e-10 2.737811329361816829e-10 -1.134078640378987084e-10 -2.809482753915808033e-10 -3.936850606026584404e-10 -5.543312980466832302e-11 -5.362340558134803310e-11 -2.825291298563100755e-11 -8.635226521635396172e-11 -1.559393060658062050e-10 -1.231197625992082031e-10 -1.596395299187058825e-10 -1.573625186119769935e-10 1.176156990677680209e-10
8.444343074010447522e-10 -1.438585007793165768e-10 2.060401148381398458e-10 -8.217083007915994381e-11 1.489360905273515606e-10 2.249597306839287435e-09 -1.013206586058633059e-10 1.105793448973867434e-10 -6.052861108502142593e-11 -1.732952405248283246e-11 3.555111415520179752e-11 4.446576816169439274e-11 2.258540281096186076e-11 3.863569594280777154e-12 -5.927314851502374307e-11 -6.789084398381278003e-11 3.311635580336485528e-11 -1.652290917849129819e-11 6.190841828327525205e-11 4.680708328371643023e-11
-1.187820729658836371e-10 1.217049153672306626e-10 -5.326614355079716984e-10 -2.732994739423422761e-10 -2.123763550733772441e-10 -1.013206586058633059e-10 2.001104820439472801e-09 5.597390956464368651e-11 2.156823554406741069e-10 3.110293860856894542e-10 2.544823992273017150e-10 1.176487002371114015e-10 4.920300536633412243e-11 4.974679348796646071e-12 -7.380818940305406393e-11 1.347091544791239961e-11 1.063639634823116848e-10 1.838097327563612182e-10 6.440988898692411723e-11 -1.968050709478094801e-11
2.718110373454863685e-10 -1.015972887744414266e-10 -5.023235334081753954e-10 -1.006816599031914826e-10 2.737811329361816829e-10 1.105793448973867434e-10 5.597390956464368651e-11 1.080021631785932968e-09 8.399173796437262720e-11 8.869907166612619640e-11 1.831214576793935236e-11 4.155723155079830957e-11 2.438063320866340942e-11 -2.727866727830118308e-11 -5.710663720855671926e-11 -6.269647351482720978e-11 -8.296979883926173907e-11 1.012254308986571834e-11 2.479344307297846790e-11 -1.283033967501421621e-11
2.136675272439080309e-10 -4.022064584902262219e-10 -5.973097301452031967e-10 -3.319743572201311332e-11 -1.134078640378987084e-10 -6.052861108502142593e-11 2.156823554406741069e-10 8.399173796437262720e-11 7.490998682928749586e-10 1.168038982243680248e-10 1.138079415179274821e-10 7.525611602729953298e-11 7.187637005202194430e-11 1.894558354084942248e-11 -2.231037166558243295e-11 8.812471908051501309e-11 7.116597477528624636e-13 5.035262538571989909e-11 8.174042407008704507e-12 2.344474953932289036e-11
5.137121471493139792e-11 -5.880933777479185243e-10 -1.485002389989116048e-10 -4.618975551078822072e-11 -2.809482753915808033e-10 -1.732952405248283246e-11 3.110293860856894542e-10 8.869907166612619640e-11 1.168038982243680248e-10 6.606994344380917320e-10 2.458685829228916864e-10 6.586356599511831237e-11 -4.359773442669925192e-11 1.528820410552414495e-11 -5.992998697485159525e-11 5.680574105454717747e-11 6.382123854241838397e-11 8.897909588179663454e-11 6.171121621304035724e-11 5.133051940540139381e-11
1.484039586334326791e-10 -1.025798171579518575e-10 -1.240487491176048906e-10 -1.102177661457621596e-10 -3.936850606026584404e-10 3.555111415520179752e-11 2.544823992273017150e-10 1.831214576793935236e-11 1.138079415179274821e-10 2.458685829228916864e-10 4.970961509562187024e-10 1.468034905864874022e-10 7.304252483551508764e-11 2.167657992283268226e-11 1.317120698544896109e-11 7.861829285318262654e-11 1.017562299347900703e-10 1.382549945671736429e-10 6.246548270887675794e-11 4.388468049299908444e-11
3.237224303458767471e-10 -2.360627400818779191e-10 -7.559302717319377463e-12 1.122257864182945893e-11 -5.543312980466832302e-11 4.446576816169439274e-11 1.176487002371114015e-10 4.155723155079830957e-11 7.525611602729953298e-11 6.586356599511831237e-11 1.468034905864874022e-10 3.491920397748827443e-10 1.115648566407372034e-10 7.637115160205060284e-11 9.196254853296666869e-11 5.312591162020529553e-11 5.887857145908380874e-11 5.176289471308927821e-11 9.807502266596532877e-12 1.864933451167804404e-11
5.200496699678729837e-10 1.152731021009307822e-10 2.579229240537899470e-11 -1.624802216051806736e-10 -5.362340558134803310e-11 2.258540281096186076e-11 4.920300536633412243e-11 2.438063320866340942e-11 7.187637005202194430e-11 -4.359773442669925192e-11 7.304252483551508764e-11 1.115648566407372034e-10 2.473619909238346358e-10 1.137888949247191882e-10 1.211076856562327114e-10 4.769469025292131470e-11 1.124305544041975344e-11 2.640307978530307624e-11 1.921568103097442805e-11 -1.325982272896134240e-12
2.800650215169368402e-10 -2.012970603883801432e-11 -9.366279382846758231e-11 -1.357840492629065362e-10 -2.825291298563100755e-11 3.863569594280777154e-12 4.974679348796646071e-12 -2.727866727830118308e-11 1.894558354084942248e-11 1.528820410552414495e-11 2.167657992283268226e-11 7.637115160205060284e-11 1.137888949247191882e-10 2.531101541007558110e-10 1.563399089135289095e-10 5.727023795177001440e-11 -1.368640788350317277e-11 -1.687256412094836769e-11 -3.431668751536137873e-11 -4.146389647524799206e-11
1.245891148131788992e-10 9.872716421968516904e-11 -1.197151265005807477e-10 -3.068824105526162833e-11 -8.635226521635396172e-11 -5.927314851502374307e-11 -7.380818940305406393e-11 -5.710663720855671926e-11 -2.231037166558243295e-11 -5.992998697485159525e-11 1.317120698544896109e-11 9.196254853296666869e-11 1.211076856562327114e-10 1.563399089135289095e-10 2.545535138678699060e-10 8.581679260427870540e-11 3.020115707398011180e-11 2.523819221950265215e-11 7.704109926262527964e-12 -2.325051205048219826e-12
-6.456546318352045027e-11 -1.816396735166419575e-10 -1.632346466508236589e-10 2.150293488972198154e-11 -1.559393060658062050e-10 -6.789084398381278003e-11 1.347091544791239961e-11 -6.269647351482720978e-11 8.812471908051501309e-11 5.680574105454717747e-11 7.861829285318262654e-11 5.312591162020529553e-11 4.769469025292131470e-11 5.727023795177001440e-11 8.581679260427870540e-11 1.480282481865300827e-10 8.062430651082454022e-11 8.040771505069803157e-11 3.741735022604984368e-11 1.182052984638909796e-11
-1.172655826758245985e-10 -2.454011227121229061e-10 -6.269745655607143555e-11 1.677098894095904314e-11 -1.231197625992082031e-10 3.311635580336485528e-11 1.063639634823116848e-10 -8.296979883926173907e-11 7.116597477528624636e-13 6.382123854241838397e-11 1.017562299347900703e-10 5.887857145908380874e-11 1.124305544041975344e-11 -1.368640788350317277e-11 3.020115707398011180e-11 8.062430651082454022e-11 1.820584372046048420e-10 1.361489008795113422e-10 9.007352741046553385e-11 6.531017634099405676e-11
1.260117595244173611e-10 -1.367038524841017708e-10 -1.136620487141375070e-10 -5.457642365251605309e-11 -1.596395299187058825e-10 -1.652290917849129819e-11 1.838097327563612182e-10 1.012254308986571834e-11 5.035262538571989909e-11 8.897909588179663454e-11 1.382549945671736429e-10 5.176289471308927821e-11 2.640307978530307624e-11 -1.687256412094836769e-11 2.523819221950265215e-11 8.040771505069803157e-11 1.361489008795113422e-10 2.035619094235427911e-10 1.283383095670442193e-10 5.091577238352208986e-11
9.665528245711798075e-11 -2.454848234121690684e-10 3.103521692601164931e-11 1.960715170962579526e-11 -1.573625186119769935e-10 6.190841828327525205e-11 6.440988898692411723e-11 2.479344307297846790e-11 8.174042407008704507e-12 6.171121621304035724e-11 6.246548270887675794e-11 9.807502266596532877e-12 1.921568103097442805e-11 -3.431668751536137873e-11 7.704109926262527964e-12 3.741735022604984368e-11 9.007352741046553385e-11 1.283383095670442193e-10 1.678807512381222860e-10 9.170789034218255303e-11
-2.061704892711965293e-10 -1.535144035725848215e-10 1.275450842465248390e-10 1.798210200107402802e-12 1.176156990677680209e-10 4.680708328371643023e-11 -1.968050709478094801e-11 -1.283033967501421621e-11 2.344474953932289036e-11 5.133051940540139381e-11 4.388468049299908444e-11 1.864933451167804404e-11 -1.325982272896134240e-12 -4.146389647524799206e-11 -2.325051205048219826e-12 1.182052984638909796e-11 6.531017634099405676e-11 5.091577238352208986e-11 9.170789034218255303e-11 1.604800574934895931e-10
