1.030678838180541594e-08 -1.293621311300673653e-09 1.550157250640740620e-10 -3.211616644907491290e-10 2.987423465231451481e-10 1.090846348140210472e-10 -5.151683315509219748e-10 -3.825278553010300295e-10 -3.488142827459853765e-11 -2.006980041158229413e-10 6.993227465822086092e-11 6.339385181137112986e-11 -6.415388077706861202e-11 -1.585308511612260504e-12 -7.835131092599974412e-11 -5.729679851688654679e-12 1.439560718901048103e-10 4.491046819283165607e-10 4.335885173099877851e-10 3.350389879520402470e-10
-1.293621311300673653e-09 1.006099192463524913e-08 7.721688329552950490e-10 -8.269908251756636260e-11 2.496825751082631605e-10 6.956296114808734046e-11 1.724639070727124634e-10 4.206234732135653927e-10 -3.601323494685489295e-11 -1.078332175149849231e-10 -8.058344448792936930e-11 -1.056252415641319050e-10 2.419230493495500598e-10 -1.577947202204503439e-10 1.147288285099610963e-10 4.721234056027340212e-11 -1.928933548791580344e-10 1.571903312252954604e-11 5.500113193550159811e-11 2.688476581104730400e-11
1.550157250640740620e-10 7.721688329552950490e-10 4.254206544787571075e-09 -6.425515300111129758e-11 -4.701055069025360131e-11 -5.660255109439638733e-11 1.922457040275977536e-10 -1.524793612798088211e-10 1.779329682479628019e-10 1.041990731198103658e-10 4.586140036868642307e-11 6.826662569989167916e-11 1.602667420066983528e-10 5.130070945200239172e-11 -1.493287837038001407e-11 2.532603108847290970e-11 1.171705046484102880e-10 1.343938992255520900e-10 9.868384940670612878e-11 -1.437921602831662914e-10
-3.211616644907491290e-10 -8.269908251756636260e-11 -6.425515300111129758e-11 3.114875640424296833e-09 -1.158367133609004587e-10 4.024118307888913197e-11 2.892097193229141939e-11 -2.958387884799488364e-10 1.037107180053264202e-10 4.672460260788534045e-11 -6.793277271975133413e-11 -2.799670585846153764e-11 -6.069544912265444227e-11 -6.050091758274831880e-11 -6.201447543888757600e-11 -8.643282628906680372e-11 8.009079832256480555e-11 6.445416601849398328e-11 5.541234559320974801e-11 9.625905901068696533e-12
2.987423465231451481e-10 2.496825751082631605e-10 -4.701055069025360131e-11 -1.158367133609004587e-10 3.186595213286832460e-09 3.453705021156497348e-10 4.121456070332932929e-12 -2.790099843056426079e-10 1.878548426505501317e-11 -1.254057545548404702e-10 -3.820218490308765106e-11 1.588144341496387881e-11 7.096150739554044064e-11 -2.800223846023387041e-11 -8.243171176925862032e-12 4.253549997290901044e-11 1.049726785923135427e-10 2.588692635479792914e-10 3.113937629060078590e-10 3.490839885784746989e-10
1.090846348140210472e-10 6.956296114808734046e-11 -5.660255109439638733e-11 4.024118307888913197e-11 3.453705021156497348e-10 1.819631473964928537e-09 1.123047461056230953e-10 8.180069848908062515e-11 -8.620112334861531345e-11 -3.988961354167542449e-11 -2.165795296655661319e-11 -7.886409881384697809e-11 -4.224816328064653182e-11 -1.277271724534002381e-10 -1.203818138230718078e-10 1.097841603468404063e-11 5.877542522798093373e-11 8.051336049351613148e-11 1.765959613855699549e-10 1.901363083576106161e-10
-5.151683315509219748e-10 1.724639070727124634e-10 1.922457040275977536e-10 2.892097193229141939e-11 4.121456070332932929e-12 1.123047461056230953e-10 1.036418667862576769e-09 1.510751891255723162e-10 6.424010148546046516e-11 1.391010137016504226e-10 6.284272667016266479e-11 1.349907180621847806e-11 3.059929441873423479e-11 -1.312785843719485686e-11 -9.178703480584951884e-12 -3.772147243613998967e-11 -5.252048636166037212e-11 -3.146728021862414204e-11 1.836651633216322081e-11 5.937381970276724446e-11
-3.825278553010300295e-10 4.206234732135653927e-10 -1.524793612798088211e-10 -2.958387884799488364e-10 -2.790099843056426079e-10 8.180069848908062515e-11 1.510751891255723162e-10 6.901982222252648293e-10 1.711288749369112817e-10 9.021700084091611444e-11 1.143589072362139372e-10 4.242488363169149507e-11 1.998149206653406280e-11 -3.908024617041562269e-11 -3.951541185365650889e-11 -5.931454337563979487e-11 -1.185289653147202449e-10 -1.582904904294944453e-10 -2.058835375520798931e-10 -1.800766122490104926e-10
-3.488142827459853765e-11 -3.601323494685489295e-11 1.779329682479628019e-10 1.037107180053264202e-10 1.878548426505501317e-11 -8.620112334861531345e-11 6.424010148546046516e-11 1.711288749369112817e-10 4.986178411788319187e-10 1.006930629299341905e-10 8.665212660557924186e-11 6.163123882598987504e-11 5.282438863908756525e-11 3.612923333788115198e-11 3.665012016571341759e-11 1.983764306727601042e-11 -9.938647028523084371e-13 2.157330400577311045e-11 -2.564697939813757811e-11 -6.243818732053106567e-11
-2.006980041158229413e-10 -1.078332175149849231e-10 1.041990731198103658e-10 4.672460260788534045e-11 -1.254057545548404702e-10 -3.988961354167542449e-11 1.391010137016504226e-10 9.021700084091611444e-11 1.006930629299341905e-10 3.702887590507933706e-10 7.996651369756979186e-11 1.018723726068681831e-10 3.476862815004562862e-11 8.045867249798872845e-11 3.587803965340106362e-11 1.472824276775976387e-11 -1.832115174157124478e-11 -1.669153452740918883e-12 3.910059527334523136e-12 -1.487354010909870654e-11
6.993227465822086092e-11 -8.058344448792936930e-11 4.586140036868642307e-11 -6.793277271975133413e-11 -3.820218490308765106e-11 -2.165795296655661319e-11 6.284272667016266479e-11 1.143589072362139372e-10 8.665212660557924186e-11 7.996651369756979186e-11 3.058700677159273721e-10 8.858289794823378213e-11 3.370200755815949162e-11 8.513537212047391748e-13 1.079016095096234213e-11 5.027190765536472415e-11 3.501878954295461172e-11 3.795900889028531664e-11 2.783458076052022718e-11 1.160252313227744527e-11
6.339385181137112986e-11 -1.056252415641319050e-10 6.826662569989167916e-11 -2.799670585846153764e-11 1.588144341496387881e-11 -7.886409881384697809e-11 1.349907180621847806e-11 4.242488363169149507e-11 6.163123882598987504e-11 1.018723726068681831e-10 8.858289794823378213e-11 2.303400813427927879e-10 1.082497736840229253e-10 1.080053289747247940e-10 8.888220511765336953e-11 8.660003740194842952e-11 5.704938312526238224e-11 7.000821831315373055e-11 6.807352499799288802e-11 2.915341725282854170e-11
-6.415388077706861202e-11 2.419230493495500598e-10 1.602667420066983528e-10 -6.069544912265444227e-11 7.096150739554044064e-11 -4.224816328064653182e-11 3.059929441873423479e-11 1.998149206653406280e-11 5.282438863908756525e-11 3.476862815004562862e-11 3.370200755815949162e-11 1.082497736840229253e-10 2.322664859605116031e-10 1.417923909895495290e-10 9.906770502621401286e-11 1.041194641588528107e-10 6.860069538705672536e-11 8.957600004725140689e-11 1.338205079551989599e-10 1.288326661592817795e-10
-1.585308511612260504e-12 -1.577947202204503439e-10 5.130070945200239172e-11 -6.050091758274831880e-11 -2.800223846023387041e-11 -1.277271724534002381e-10 -1.312785843719485686e-11 -3.908024617041562269e-11 3.612923333788115198e-11 8.045867249798872845e-11 8.513537212047391748e-13 1.080053289747247940e-10 1.417923909895495290e-10 3.084816361761028152e-10 2.042113507687685838e-10 2.248652262066490701e-10 2.121911824823197774e-10 2.217423796393280876e-10 2.524758804559638642e-10 2.019137790745494922e-10
-7.835131092599974412e-11 1.147288285099610963e-10 -1.493287837038001407e-11 -6.201447543888757600e-11 -8.243171176925862032e-12 -1.203818138230718078e-10 -9.178703480584951884e-12 -3.951541185365650889e-11 3.665012016571341759e-11 3.587803965340106362e-11 1.079016095096234213e-11 8.888220511765336953e-11 9.906770502621401286e-11 2.042113507687685838e-10 2.812548489735760634e-10 2.755821866444840240e-10 2.642569005262168607e-10 2.712592788335462962e-10 2.776670601261869373e-10 2.287688377631190376e-10
-5.729679851688654679e-12 4.721234056027340212e-11 2.532603108847290970e-11 -8.643282628906680372e-11 4.253549997290901044e-11 1.097841603468404063e-11 -3.772147243613998967e-11 -5.931454337563979487e-11 1.983764306727601042e-11 1.472824276775976387e-11 5.027190765536472415e-11 8.660003740194842952e-11 1.041194641588528107e-10 2.248652262066490701e-10 2.755821866444840240e-10 4.479980597844823779e-10 4.403429399477919453e-10 4.638663169844362187e-10 4.873451212500845102e-10 4.589750808129696541e-10
1.439560718901048103e-10 -1.928933548791580344e-10 1.171705046484102880e-10 8.009079832256480555e-11 1.049726785923135427e-10 5.877542522798093373e-11 -5.252048636166037212e-11 -1.185289653147202449e-10 -9.938647028523084371e-13 -1.832115174157124478e-11 3.501878954295461172e-11 5.704938312526238224e-11 6.860069538705672536e-11 2.121911824823197774e-10 2.642569005262168607e-10 4.403429399477919453e-10 6.042851941752354656e-10 6.447865957668574674e-10 6.885130267192425490e-10 6.491758456507555248e-10
4.491046819283165607e-10 1.571903312252954604e-11 1.343938992255520900e-10 6.445416601849398328e-11 2.588692635479792914e-10 8.051336049351613148e-11 -3.146728021862414204e-11 -1.582904904294944453e-10 2.157330400577311045e-11 -1.669153452740918883e-12 3.795900889028531664e-11 7.000821831315373055e-11 8.957600004725140689e-11 2.217423796393280876e-10 2.712592788335462962e-10 4.638663169844362187e-10 6.447865957668574674e-10 8.944269090444897282e-10 9.956237697730935665e-10 9.877123742869368385e-10
4.335885173099877851e-10 5.500113193550159811e-11 9.868384940670612878e-11 5.541234559320974801e-11 3.113937629060078590e-10 1.765959613855699549e-10 1.836651633216322081e-11 -2.058835375520798931e-10 -2.564697939813757811e-11 3.910059527334523136e-12 2.783458076052022718e-11 6.807352499799288802e-11 1.338205079551989599e-10 2.524758804559638642e-10 2.776670601261869373e-10 4.873451212500845102e-10 6.885130267192425490e-10 9.956237697730935665e-10 1.299762752136250713e-09 1.375618176514470807e-09
3.350389879520402470e-10 2.688476581104730400e-11 -1.437921602831662914e-10 9.625905901068696533e-12 3.490839885784746989e-10 1.901363083576106161e-10 5.937381970276724446e-11 -1.800766122490104926e-10 -6.243818732053106567e-11 -1.487354010909870654e-11 1.160252313227744527e-11 2.915341725282854170e-11 1.288326661592817795e-10 2.019137790745494922e-10 2.287688377631190376e-10 4.589750808129696541e-10 6.491758456507555248e-10 9.877123742869368385e-10 1.375618176514470807e-09 1.777134129727034158e-09
