4.469191665539831638e-10 1.887160835673307374e-11 2.287494089783331992e-11 3.427693489596281722e-11 4.034825117702893604e-11 1.629622565193856747e-11 7.457263836010745587e-12 1.313903024722122905e-11 2.602017142140079721e-11 1.416550441991751787e-11 4.899298716758145655e-12 -2.400977875867676232e-12 4.036833793334048760e-12 4.028656334109516550e-12 -1.642604338661479809e-11 -2.767822492037530791e-11 -2.230726079346576154e-11 -3.382597002884769234e-11 -1.955836091262949900e-11 2.294473538957607712e-11
1.887160835673307374e-11 3.199062892772400322e-10 5.170932381637042677e-11 1.907349198096460439e-11 1.737855696431430120e-12 5.802881633446971049e-12 7.384814887211232286e-12 -1.047243136883350831e-11 7.456998870220703486e-12 -5.558614596448905259e-12 1.340053349406294150e-11 1.439384805552086169e-11 1.120335359252416415e-11 5.477589198297723925e-12 1.339837953407896096e-11 9.460353641339261729e-12 6.969287535309507674e-12 -1.056338061537500972e-11 -2.187408281146692940e-11 -1.979644933233819400e-11
2.287494089783331992e-11 5.170932381637042677e-11 2.282070920760019826e-10 1.969336627415422155e-11 1.905496717820580665e-11 2.409645041162685292e-11 2.585212665970680587e-12 -5.069412247689274989e-12 3.275731560403694017e-12 8.406155380648932276e-12 2.175162213045420861e-12 4.320226308545686863e-12 4.824869692833213516e-12 -1.425936446238150647e-12 2.611655167288073417e-12 1.085356668582027029e-12 7.661937637229300514e-12 8.673350524808569378e-12 2.225966641119027113e-11 5.327019911697882803e-11
3.427693489596281722e-11 1.907349198096460439e-11 1.969336627415422155e-11 1.412469630988881900e-10 4.289681561073801166e-11 8.509987996044382959e-12 -4.437732569765369435e-12 -1.122678641986468345e-11 7.791056737020462496e-12 -8.849310512141692134e-13 -7.703625605366549750e-12 -7.462819881864432055e-12 -1.263521037612244012e-11 -6.865788825488471253e-12 -1.414377820110534343e-11 -2.981797699390834028e-11 -2.947295920140522961e-11 -3.770403187896876564e-11 -4.124139387908111733e-11 -4.876448659188577179e-11
4.034825117702893604e-11 1.737855696431430120e-12 1.905496717820580665e-11 4.289681561073801166e-11 1.349095922152457333e-10 3.551079771319249073e-11 1.360101769294151559e-11 1.986167338744986678e-11 2.079320818057497899e-11 8.994329495077901569e-12 1.061708261862995938e-11 1.517392287642040974e-12 5.639125046140220160e-12 1.350880347691359303e-12 3.875668586252970879e-12 1.636602230702702076e-11 1.701715912890524938e-11 5.264979469355360039e-12 6.879096892322096901e-12 6.879914568969005686e-12
1.629622565193856747e-11 5.802881633446971049e-12 2.409645041162685292e-11 8.509987996044382959e-12 3.551079771319249073e-11 1.027680214027649410e-10 5.185356128706719730e-11 2.969347743202796210e-11 2.212422312711413894e-11 1.481675291957886417e-11 6.037224873915067591e-13 -2.359884787883238851e-12 1.782636518890658241e-13 1.952598722310202570e-12 5.507041466228675711e-12 1.182676609024538404e-11 1.821426251699339757e-11 2.503776296390255483e-11 3.041833255168110117e-11 3.752740786378047348e-11
7.457263836010745587e-12 7.384814887211232286e-12 2.585212665970680587e-12 -4.437732569765369435e-12 1.360101769294151559e-11 5.185356128706719730e-11 8.495081677530185495e-11 3.750646773864347555e-11 3.141699326794094736e-11 2.894671374306678102e-11 1.306160486068519964e-11 9.783846397985572567e-12 1.044127249033552811e-11 1.001349532259468502e-11 3.467506386275135717e-12 -2.007650727363114300e-12 -2.885893146909751111e-12 1.325957073612426883e-11 2.161009970155025562e-11 3.098763148071622975e-11
1.313903024722122905e-11 -1.047243136883350831e-11 -5.069412247689274989e-12 -1.122678641986468345e-11 1.986167338744986678e-11 2.969347743202796210e-11 3.750646773864347555e-11 7.336977640293492845e-11 4.049752739444447721e-11 2.522710343051766362e-11 1.519749277568036987e-11 1.164894625913306817e-11 1.252428478227731365e-11 1.302739015990157809e-11 6.612698831781586951e-12 2.987069537216537411e-12 4.433350820185660159e-12 1.863287778613438338e-11 1.648981447408334146e-11 1.623373668951254897e-11
2.602017142140079721e-11 7.456998870220703486e-12 3.275731560403694017e-12 7.791056737020462496e-12 2.079320818057497899e-11 2.212422312711413894e-11 3.141699326794094736e-11 4.049752739444447721e-11 6.682498927069993427e-11 4.069620823683846363e-11 2.991522094234838625e-11 2.092055524925754033e-11 2.096871519937012902e-11 2.343349296283638123e-11 1.543876665501091247e-11 7.009664320539861842e-12 5.518858218817525236e-12 8.701424299876807799e-12 9.354650936971055626e-12 1.435220753229862781e-11
1.416550441991751787e-11 -5.558614596448905259e-12 8.406155380648932276e-12 -8.849310512141692134e-13 8.994329495077901569e-12 1.481675291957886417e-11 2.894671374306678102e-11 2.522710343051766362e-11 4.069620823683846363e-11 6.430757584879397404e-11 4.905019524805493895e-11 4.194326943147460976e-11 3.489961998137833302e-11 3.230164596805415661e-11 2.655087001836693434e-11 3.062709661693166283e-11 2.864314362742518565e-11 3.217651140402647105e-11 3.084667314435947728e-11 2.853851378396910797e-11
4.899298716758145655e-12 1.340053349406294150e-11 2.175162213045420861e-12 -7.703625605366549750e-12 1.061708261862995938e-11 6.037224873915067591e-13 1.306160486068519964e-11 1.519749277568036987e-11 2.991522094234838625e-11 4.905019524805493895e-11 7.402154203633296975e-11 6.401367841529053481e-11 5.462618346456757002e-11 4.811534857937046545e-11 4.212620984529170290e-11 4.610835505839463115e-11 4.057451004257646696e-11 4.333212417098475195e-11 4.014033476380988129e-11 2.618517069225918525e-11
-2.400977875867676232e-12 1.439384805552086169e-11 4.320226308545686863e-12 -7.462819881864432055e-12 1.517392287642040974e-12 -2.359884787883238851e-12 9.783846397985572567e-12 1.164894625913306817e-11 2.092055524925754033e-11 4.194326943147460976e-11 6.401367841529053481e-11 9.133109290279591288e-11 8.553601943162008290e-11 7.577152774509163168e-11 6.761258735697772938e-11 7.083517153185931914e-11 6.655416351254605032e-11 7.742678838643545792e-11 8.620543497783926291e-11 6.678620290470210654e-11
4.036833793334048760e-12 1.120335359252416415e-11 4.824869692833213516e-12 -1.263521037612244012e-11 5.639125046140220160e-12 1.782636518890658241e-13 1.044127249033552811e-11 1.252428478227731365e-11 2.096871519937012902e-11 3.489961998137833302e-11 5.462618346456757002e-11 8.553601943162008290e-11 1.154659434109942067e-10 1.169388514082319866e-10 1.095091869239576814e-10 1.135236563472201546e-10 1.084677587882983282e-10 1.257140791718329498e-10 1.555930404617947989e-10 1.452256565991093129e-10
4.028656334109516550e-12 5.477589198297723925e-12 -1.425936446238150647e-12 -6.865788825488471253e-12 1.350880347691359303e-12 1.952598722310202570e-12 1.001349532259468502e-11 1.302739015990157809e-11 2.343349296283638123e-11 3.230164596805415661e-11 4.811534857937046545e-11 7.577152774509163168e-11 1.169388514082319866e-10 1.606427080314318679e-10 1.539801686698741902e-10 1.568753685061619178e-10 1.541190081045567693e-10 1.743199003452295083e-10 1.977900162092800092e-10 1.787691416738214905e-10
-1.642604338661479809e-11 1.339837953407896096e-11 2.611655167288073417e-12 -1.414377820110534343e-11 3.875668586252970879e-12 5.507041466228675711e-12 3.467506386275135717e-12 6.612698831781586951e-12 1.543876665501091247e-11 2.655087001836693434e-11 4.212620984529170290e-11 6.761258735697772938e-11 1.095091869239576814e-10 1.539801686698741902e-10 1.941168439165702126e-10 2.202002384853335884e-10 2.286257141272004070e-10 2.457128188186050586e-10 2.673851127769524635e-10 2.488365584038746892e-10
-2.767822492037530791e-11 9.460353641339261729e-12 1.085356668582027029e-12 -2.981797699390834028e-11 1.636602230702702076e-11 1.182676609024538404e-11 -2.007650727363114300e-12 2.987069537216537411e-12 7.009664320539861842e-12 3.062709661693166283e-11 4.610835505839463115e-11 7.083517153185931914e-11 1.135236563472201546e-10 1.568753685061619178e-10 2.202002384853335884e-10 3.239803056566939486e-10 3.629241375060077606e-10 3.839458174561292698e-10 4.141006054198500509e-10 4.073899056663489569e-10
-2.230726079346576154e-11 6.969287535309507674e-12 7.661937637229300514e-12 -2.947295920140522961e-11 1.701715912890524938e-11 1.821426251699339757e-11 -2.885893146909751111e-12 4.433350820185660159e-12 5.518858218817525236e-12 2.864314362742518565e-11 4.057451004257646696e-11 6.655416351254605032e-11 1.084677587882983282e-10 1.541190081045567693e-10 2.286257141272004070e-10 3.629241375060077606e-10 4.754918906090231221e-10 5.337566861919032010e-10 5.740046016971322542e-10 5.810547808822280018e-10
-3.382597002884769234e-11 -1.056338061537500972e-11 8.673350524808569378e-12 -3.770403187896876564e-11 5.264979469355360039e-12 2.503776296390255483e-11 1.325957073612426883e-11 1.863287778613438338e-11 8.701424299876807799e-12 3.217651140402647105e-11 4.333212417098475195e-11 7.742678838643545792e-11 1.257140791718329498e-10 1.743199003452295083e-10 2.457128188186050586e-10 3.839458174561292698e-10 5.337566861919032010e-10 7.153840276844203999e-10 8.273561674600566510e-10 8.748377715665004194e-10
-1.955836091262949900e-11 -2.187408281146692940e-11 2.225966641119027113e-11 -4.124139387908111733e-11 6.879096892322096901e-12 3.041833255168110117e-11 2.161009970155025562e-11 1.648981447408334146e-11 9.354650936971055626e-12 3.084667314435947728e-11 4.014033476380988129e-11 8.620543497783926291e-11 1.555930404617947989e-10 1.977900162092800092e-10 2.673851127769524635e-10 4.141006054198500509e-10 5.740046016971322542e-10 8.273561674600566510e-10 1.101541054707601113e-09 1.261971801240749713e-09
2.294473538957607712e-11 -1.979644933233819400e-11 5.327019911697882803e-11 -4.876448659188577179e-11 6.879914568969005686e-12 3.752740786378047348e-11 3.098763148071622975e-11 1.623373668951254897e-11 1.435220753229862781e-11 2.853851378396910797e-11 2.618517069225918525e-11 6.678620290470210654e-11 1.452256565991093129e-10 1.787691416738214905e-10 2.488365584038746892e-10 4.073899056663489569e-10 5.810547808822280018e-10 8.748377715665004194e-10 1.261971801240749713e-09 1.687450473826726756e-09
