# 2pt_covariance
5.578555000000000285e-08 6.087372999999999758e-10 2.866407000000000212e-10 1.305328000000000013e-10 6.002744999999999985e-11 2.888467999999999845e-11 1.470990000000000056e-11 7.926339000000000159e-12 4.474285000000000256e-12 2.599803000000000004e-12 1.524586999999999954e-12 8.907371000000000416e-13 5.160663000000000262e-13 2.933472000000000064e-13 1.638131999999999901e-13 8.521153999999999781e-14 4.752044999999999695e-14 2.515607999999999915e-14 1.256005999999999923e-14 3.305030999999999805e-15 4.767271000000000235e-11 3.565480999999999881e-11 2.173349000000000052e-11 1.269775999999999981e-11 7.187655000000000032e-12 3.976007999999999793e-12 2.171090999999999963e-12 1.188581999999999913e-12 6.646091000000000180e-13 3.865609999999999924e-13 2.361070999999999825e-13 1.513916999999999960e-13 1.004960000000000016e-13 6.839595999999999920e-14 4.630913999999999739e-14 3.150461000000000135e-14 2.126213000000000063e-14 1.340002999999999935e-14 7.795136000000000612e-15 4.029497000000000246e-15 6.633866000000000240e-11 4.901864999999999854e-11 2.936684000000000253e-11 1.687425999999999923e-11 9.409257000000000526e-12 5.142608000000000093e-12 2.786401000000000094e-12 1.522289999999999969e-12 8.551905000000000000e-13 5.023396000000000298e-13 3.109538999999999823e-13 2.021205000000000120e-13 1.357838000000000005e-13 9.325023000000000301e-14 6.346152000000000574e-14 4.324760999999999988e-14 3.053540000000000310e-14 1.822336999999999935e-14 1.044624000000000071e-14 5.282088999999999991e-15 7.639637000000000075e-11 5.596207999999999857e-11 3.317243999999999996e-11 1.890122999999999983e-11 1.047284999999999934e-11 5.701647000000000333e-12 3.085952999999999907e-12 1.689436000000000032e-12 9.539029999999999189e-13 5.645435000000000370e-13 3.521766999999999831e-13 2.305900999999999870e-13 1.557458999999999988e-13 1.073381000000000013e-13 7.312614999999999886e-14 4.979684999999999900e-14 3.286118000000000044e-14 2.079651000000000076e-14 1.180244999999999992e-14 5.895739000000000013e-15
6.087372999999999758e-10 3.545159000000000041e-08 5.159973000000000458e-10 2.279017000000000082e-10 1.010565999999999998e-10 4.718820000000000203e-11 2.358909000000000082e-11 1.258025999999999995e-11 7.063504000000000232e-12 4.089761999999999674e-12 2.394862999999999870e-12 1.395691000000000056e-12 8.052944000000000103e-13 4.541749999999999807e-13 2.509033000000000079e-13 1.325007999999999982e-13 7.159332999999999459e-14 3.602921000000000234e-14 1.837156999999999966e-14 -5.609562999999999995e-14 3.565480999999999881e-11 4.731920000000000137e-11 3.458702999999999828e-11 2.042167999999999947e-11 1.156618999999999961e-11 6.378432000000000260e-12 3.470714000000000149e-12 1.893263000000000068e-12 1.055505999999999925e-12 6.124716000000000294e-13 3.736446999999999982e-13 2.390967999999999814e-13 1.592716000000000016e-13 1.078019999999999985e-13 7.384346999999999766e-14 4.939395999999999848e-14 3.316057999999999738e-14 2.108792000000000050e-14 1.266013999999999986e-14 6.192364000000000371e-15 4.901864999999999854e-11 6.529977000000000621e-11 4.706520000000000023e-11 2.726540999999999984e-11 1.518472999999999966e-11 8.262353999999999309e-12 4.457111000000000353e-12 2.424985999999999862e-12 1.357820999999999935e-12 7.956493000000000477e-13 4.919384999999999642e-13 3.191074000000000040e-13 2.151926000000000013e-13 1.469255999999999955e-13 1.012222000000000046e-13 6.832127000000000429e-14 4.539853999999999873e-14 2.866719000000000030e-14 1.696677000000000019e-14 8.092250000000000494e-15 5.596207999999999857e-11 7.480591999999999514e-11 5.341672000000000142e-11 3.061747999999999931e-11 1.692302999999999923e-11 9.165242999999999542e-12 4.936721999999999934e-12 2.690844000000000161e-12 1.514220999999999955e-12 8.939526000000000293e-13 5.570601000000000085e-13 3.639832000000000096e-13 2.468236000000000106e-13 1.690895000000000036e-13 1.171929999999999935e-13 7.865707999999999819e-14 5.205919000000000175e-14 3.270608999999999736e-14 1.919270000000000124e-14 8.667624999999999317e-15
2.866407000000000212e-10 5.159973000000000458e-10 2.257888000000000134e-08 4.263373000000000163e-10 1.785983000000000097e-10 7.919175999999999496e-11 3.837307000000000059e-11 2.016671000000000061e-11 1.123449000000000013e-11 6.485042999999999714e-12 3.781501000000000166e-12 2.212065999999999997e-12 1.271466999999999918e-12 7.175913999999999750e-13 3.967809000000000163e-13 2.132230999999999965e-13 1.136858000000000047e-13 5.910224999999999436e-14 2.915975999999999797e-14 2.785211999999999947e-14 2.173349000000000052e-11 3.458702999999999828e-11 4.624309999999999952e-11 3.290764999999999984e-11 1.877300000000000008e-11 1.032079999999999940e-11 5.584526000000000351e-12 3.030780000000000138e-12 1.682047999999999943e-12 9.728070000000000573e-13 5.921356999999999807e-13 3.789475999999999937e-13 2.516555999999999945e-13 1.710597000000000087e-13 1.166293000000000037e-13 7.954747000000000042e-14 5.235034999999999917e-14 3.354478999999999736e-14 1.991748999999999935e-14 1.014459000000000023e-14 2.936684000000000253e-11 4.706520000000000023e-11 6.325276999999999766e-11 4.430500000000000236e-11 2.477223999999999947e-11 1.340630999999999965e-11 7.180499999999999948e-12 3.883390999999999846e-12 2.163488999999999931e-12 1.263444999999999975e-12 7.793812000000000435e-13 5.056884999999999813e-13 3.399117999999999916e-13 2.331512000000000072e-13 1.598387999999999924e-13 1.092340000000000044e-13 7.165745999999999747e-14 4.555675999999999995e-14 2.671205000000000064e-14 1.322098999999999950e-14 3.317243999999999996e-11 5.341672000000000142e-11 7.208991999999999904e-11 5.000387999999999918e-11 2.767571000000000022e-11 1.488707000000000151e-11 7.955424000000000737e-12 4.308836000000000160e-12 2.412226999999999996e-12 1.419220000000000086e-12 8.824202000000000046e-13 5.767540000000000282e-13 3.898154000000000194e-13 2.685196999999999792e-13 1.841939000000000003e-13 1.257889999999999904e-13 8.224805999999999881e-14 5.192175000000000164e-14 3.020393999999999752e-14 1.475482000000000021e-14
1.305328000000000013e-10 2.279017000000000082e-10 4.263373000000000163e-10 1.441913000000000002e-08 3.474245000000000135e-10 1.405168999999999907e-10 6.423293000000000548e-11 3.278285999999999871e-11 1.804650000000000070e-11 1.038497999999999964e-11 6.054637000000000023e-12 3.537467999999999927e-12 2.039643000000000097e-12 1.154744000000000073e-12 6.386661999999999711e-13 3.471861999999999853e-13 1.837442000000000088e-13 9.583861999999999457e-14 4.964050000000000189e-14 1.141646000000000013e-14 1.269775999999999981e-11 2.042167999999999947e-11 3.290764999999999984e-11 4.456219000000000321e-11 3.076966999999999767e-11 1.692570999999999857e-11 9.088619000000000332e-12 4.887850000000000019e-12 2.694145999999999898e-12 1.551103000000000040e-12 9.411360000000000805e-13 6.015763000000000324e-13 3.991970999999999975e-13 2.711001999999999902e-13 1.853862999999999903e-13 1.253771999999999911e-13 8.346400000000000413e-14 5.293867999999999743e-14 3.179587999999999790e-14 1.590901000000000013e-14 1.687425999999999923e-11 2.726540999999999984e-11 4.430500000000000236e-11 6.041511999999999713e-11 4.099704999999999725e-11 2.210076999999999853e-11 1.171471999999999999e-11 6.269518000000000186e-12 3.465274000000000124e-12 2.014224000000000163e-12 1.238514999999999999e-12 8.027207000000000371e-13 5.391726999999999569e-13 3.694960000000000040e-13 2.541020999999999983e-13 1.721232999999999892e-13 1.138771000000000076e-13 7.196733999999999453e-14 4.265831999999999776e-14 2.083896000000000050e-14 1.890122999999999983e-11 3.061747999999999931e-11 5.000387999999999918e-11 6.853225999999999419e-11 4.604396000000000165e-11 2.459567999999999845e-11 1.298855999999999933e-11 6.956632000000000361e-12 3.862979999999999762e-12 2.262111999999999883e-12 1.402115000000000029e-12 9.154868999999999974e-13 6.183319000000000383e-13 4.252415999999999780e-13 2.923480000000000181e-13 1.981719999999999961e-13 1.307230999999999946e-13 8.211360999999999679e-14 4.815820000000000224e-14 2.324925000000000125e-14
6.002744999999999985e-11 1.010565999999999998e-10 1.785983000000000097e-10 3.474245000000000135e-10 9.239047999999999630e-09 2.799844999999999858e-10 1.123909000000000017e-10 5.389836999999999867e-11 2.893550999999999855e-11 1.646703999999999968e-11 9.577518999999999996e-12 5.574862000000000283e-12 3.207551999999999942e-12 1.811553999999999977e-12 1.001039999999999943e-12 5.404541999999999853e-13 2.835353999999999916e-13 1.426469000000000058e-13 7.635887000000000379e-14 1.554306000000000057e-14 7.187655000000000032e-12 1.156618999999999961e-11 1.877300000000000008e-11 3.076966999999999767e-11 4.225464999999999868e-11 2.823818000000000035e-11 1.502251000000000159e-11 7.964433999999999706e-12 4.335285999999999911e-12 2.473459999999999843e-12 1.494680000000000049e-12 9.520463000000000527e-13 6.317133000000000281e-13 4.286434000000000232e-13 2.930887999999999800e-13 1.984999000000000052e-13 1.314263999999999932e-13 8.403600999999999979e-14 5.030853000000000182e-14 2.534152000000000005e-14 9.409257000000000526e-12 1.518472999999999966e-11 2.477223999999999947e-11 4.099704999999999725e-11 5.679421999999999829e-11 3.725842000000000150e-11 1.945192000000000139e-11 1.022767999999999990e-11 5.575259000000000044e-12 3.209955000000000129e-12 1.965913000000000168e-12 1.269816000000000049e-12 8.530056000000000019e-13 5.841091000000000077e-13 4.016746999999999808e-13 2.724940000000000201e-13 1.799022000000000036e-13 1.142576999999999949e-13 6.751340999999999909e-14 3.318236999999999965e-14 1.047284999999999934e-11 1.692302999999999923e-11 2.767571000000000022e-11 4.604396000000000165e-11 6.415452000000000440e-11 4.167483999999999895e-11 2.159949000000000130e-11 1.134901000000000033e-11 6.212353999999999764e-12 3.603031000000000018e-12 2.224901999999999883e-12 1.447820999999999956e-12 9.781193000000000770e-13 6.721673000000000090e-13 4.628861000000000303e-13 3.134373999999999888e-13 2.064963999999999954e-13 1.303816000000000106e-13 7.629180999999999832e-14 3.703371000000000200e-14
2.888467999999999845e-11 4.718820000000000203e-11 7.919175999999999496e-11 1.405168999999999907e-10 2.799844999999999858e-10 5.945617000000000273e-09 2.259248999999999919e-10 9.299035000000000190e-11 4.723537999999999860e-11 2.639860000000000022e-11 1.525866999999999884e-11 8.870204999999999563e-12 5.099301999999999833e-12 2.878257000000000183e-12 1.592962000000000054e-12 8.566280000000000128e-13 4.490182000000000102e-13 2.317389000000000012e-13 1.260020999999999938e-13 2.548336000000000000e-14 3.976007999999999793e-12 6.378432000000000260e-12 1.032079999999999940e-11 1.692570999999999857e-11 2.823818000000000035e-11 3.943563999999999856e-11 2.554385999999999856e-11 1.325671000000000037e-11 7.063237000000000390e-12 3.970929000000000154e-12 2.378740000000000020e-12 1.510525999999999939e-12 1.000147999999999991e-12 6.789489000000000212e-13 4.636664000000000245e-13 3.143969999999999881e-13 2.081536999999999918e-13 1.327795000000000049e-13 8.009125000000000469e-14 4.012845000000000306e-14 5.142608000000000093e-12 8.262353999999999309e-12 1.340630999999999965e-11 2.210076999999999853e-11 3.725842000000000150e-11 5.257917999999999932e-11 3.342394999999999835e-11 1.708193999999999941e-11 9.085532000000000307e-12 5.149510000000000340e-12 3.126228000000000157e-12 2.013788000000000103e-12 1.350085000000000098e-12 9.250861000000000198e-13 6.353698000000000338e-13 4.315688000000000119e-13 2.846733000000000245e-13 1.805032999999999999e-13 1.075065999999999945e-13 5.259886999999999951e-14 5.701647000000000333e-12 9.165242999999999542e-12 1.488707000000000151e-11 2.459567999999999845e-11 4.167483999999999895e-11 5.918115999999999377e-11 3.727878999999999892e-11 1.896717000000000146e-11 1.011840000000000018e-11 5.775980999999999963e-12 3.536335999999999968e-12 2.295477000000000115e-12 1.547870999999999918e-12 1.064497000000000043e-12 7.324436999999999722e-13 4.968676999999999670e-13 3.267391000000000148e-13 2.059519999999999892e-13 1.215941000000000089e-13 5.870734999999999420e-14
1.470990000000000056e-11 2.358909000000000082e-11 3.837307000000000059e-11 6.423293000000000548e-11 1.123909000000000017e-10 2.259248999999999919e-10 3.848004000000000395e-09 1.833483999999999994e-10 7.987152000000000296e-11 4.273639000000000264e-11 2.438144000000000158e-11 1.413476999999999956e-11 8.115831999999999703e-12 4.582109000000000383e-12 2.527807000000000197e-12 1.363683000000000017e-12 7.163637000000000043e-13 3.672208999999999888e-13 1.942552000000000031e-13 -1.066482999999999955e-13 2.171090999999999963e-12 3.470714000000000149e-12 5.584526000000000351e-12 9.088619000000000332e-12 1.502251000000000159e-11 2.554385999999999856e-11 3.641219999999999706e-11 2.292298000000000135e-11 1.177166999999999966e-11 6.440063000000000041e-12 3.799498999999999944e-12 2.396568999999999984e-12 1.584173000000000019e-12 1.074109999999999954e-12 7.343707999999999873e-13 4.973343000000000208e-13 3.297973999999999817e-13 2.102377000000000060e-13 1.239994999999999908e-13 6.394248999999999667e-14 2.786401000000000094e-12 4.457111000000000353e-12 7.180499999999999948e-12 1.171471999999999999e-11 1.945192000000000139e-11 3.342394999999999835e-11 4.820392999999999936e-11 2.981488999999999717e-11 1.516372000000000115e-11 8.342941000000000165e-12 4.987331999999999857e-12 3.192431999999999902e-12 2.137551000000000087e-12 1.463153999999999967e-12 1.007192999999999988e-12 6.826080000000000132e-13 4.514447999999999870e-13 2.857895000000000012e-13 1.699784999999999911e-13 8.384822999999999420e-14 3.085952999999999907e-12 4.936721999999999934e-12 7.955424000000000737e-12 1.298855999999999933e-11 2.159949000000000130e-11 3.727878999999999892e-11 5.411325000000000310e-11 3.321151000000000012e-11 1.687949000000000041e-11 9.347629000000000054e-12 5.636970999999999731e-12 3.637301000000000033e-12 2.450186999999999968e-12 1.683466000000000008e-12 1.165106999999999955e-12 7.861694999999999854e-13 5.192813999999999849e-13 3.259276999999999906e-13 1.921735000000000040e-13 9.362118999999999672e-14
7.926339000000000159e-12 1.258025999999999995e-11 2.016671000000000061e-11 3.278285999999999871e-11 5.389836999999999867e-11 9.299035000000000190e-11 1.833483999999999994e-10 2.508924999999999998e-09 1.541402000000000092e-10 7.090035999999999659e-11 3.925346999999999995e-11 2.254795000000000148e-11 1.291406999999999932e-11 7.275853000000000057e-12 4.013298999999999700e-12 2.159902999999999829e-12 1.137089999999999954e-12 5.823160999999999566e-13 3.051667000000000148e-13 6.490260000000000509e-14 1.188581999999999913e-12 1.893263000000000068e-12 3.030780000000000138e-12 4.887850000000000019e-12 7.964433999999999706e-12 1.325671000000000037e-11 2.292298000000000135e-11 3.338534999999999809e-11 2.056662999999999958e-11 1.067321000000000032e-11 6.114444000000000235e-12 3.806986000000000233e-12 2.506245000000000091e-12 1.699053000000000031e-12 1.161306999999999910e-12 7.912387999999999828e-13 5.217627999999999909e-13 3.341324999999999901e-13 2.003891000000000029e-13 1.010987999999999948e-13 1.522289999999999969e-12 2.424985999999999862e-12 3.883390999999999846e-12 6.269518000000000186e-12 1.022767999999999990e-11 1.708193999999999941e-11 2.981488999999999717e-11 4.398085999999999845e-11 2.667266000000000077e-11 1.381497999999999936e-11 8.010689999999999261e-12 5.064285999999999733e-12 3.379131000000000134e-12 2.313660999999999829e-12 1.590909999999999933e-12 1.083709000000000063e-12 7.142864000000000209e-13 4.502827000000000196e-13 2.688025000000000050e-13 1.325456999999999923e-13 1.689436000000000032e-12 2.690844000000000161e-12 4.308836000000000160e-12 6.956632000000000361e-12 1.134901000000000033e-11 1.896717000000000146e-11 3.321151000000000012e-11 4.929832999999999922e-11 2.972993000000000194e-11 1.545434000000000016e-11 9.041599000000000801e-12 5.765514000000000024e-12 3.871917999999999981e-12 2.661455999999999964e-12 1.833045999999999862e-12 1.245886999999999940e-12 8.200264999999999895e-13 5.123570000000000351e-13 3.039682999999999943e-13 1.463753999999999985e-13
4.474285000000000256e-12 7.063504000000000232e-12 1.123449000000000013e-11 1.804650000000000070e-11 2.893550999999999855e-11 4.723537999999999860e-11 7.987152000000000296e-11 1.541402000000000092e-10 1.652670000000000043e-09 1.319348000000000085e-10 6.439304999999999975e-11 3.622644999999999979e-11 2.064115000000000076e-11 1.160825999999999965e-11 6.390203999999999859e-12 3.436966000000000160e-12 1.802990999999999946e-12 9.273978000000000088e-13 4.828143999999999546e-13 1.052151999999999983e-13 6.646091000000000180e-13 1.055505999999999925e-12 1.682047999999999943e-12 2.694145999999999898e-12 4.335285999999999911e-12 7.063237000000000390e-12 1.177166999999999966e-11 2.056662999999999958e-11 3.059837999999999831e-11 1.866015999999999872e-11 1.001734999999999992e-11 6.071354000000000264e-12 3.963633000000000262e-12 2.683307999999999859e-12 1.836034999999999860e-12 1.245554999999999937e-12 8.272117000000000385e-13 5.276511999999999640e-13 3.176918000000000115e-13 1.602042999999999972e-13 8.551905000000000000e-13 1.357820999999999935e-12 2.163488999999999931e-12 3.465274000000000124e-12 5.575259000000000044e-12 9.085532000000000307e-12 1.516372000000000115e-11 2.667266000000000077e-11 4.017443000000000010e-11 2.422583999999999929e-11 1.308765000000000068e-11 8.058135000000000177e-12 5.337403000000000375e-12 3.651740000000000351e-12 2.514551999999999967e-12 1.709259999999999928e-12 1.131301999999999979e-12 7.174916999999999769e-13 4.263858000000000127e-13 2.101857000000000027e-13 9.539029999999999189e-13 1.514220999999999955e-12 2.412226999999999996e-12 3.862979999999999762e-12 6.212353999999999764e-12 1.011840000000000018e-11 1.687949000000000041e-11 2.972993000000000194e-11 4.502238000000000066e-11 2.708146000000000121e-11 1.473853999999999952e-11 9.161674000000000772e-12 6.111890000000000122e-12 4.199814999999999710e-12 2.896503000000000143e-12 1.967763999999999975e-12 1.298484000000000024e-12 8.186664000000000264e-13 4.822369000000000007e-13 2.346647000000000189e-13
2.599803000000000004e-12 4.089761999999999674e-12 6.485042999999999714e-12 1.038497999999999964e-11 1.646703999999999968e-11 2.639860000000000022e-11 4.273639000000000264e-11 7.090035999999999659e-11 1.319348000000000085e-10 1.104186000000000058e-09 1.156272999999999979e-10 5.905279000000000045e-11 3.320264999999999727e-11 1.859749000000000096e-11 1.021744000000000013e-11 5.483714999999999924e-12 2.874960000000000101e-12 1.474019000000000042e-12 7.662978999999999755e-13 1.720420999999999925e-13 3.865609999999999924e-13 6.124716000000000294e-13 9.728070000000000573e-13 1.551103000000000040e-12 2.473459999999999843e-12 3.970929000000000154e-12 6.440063000000000041e-12 1.067321000000000032e-11 1.866015999999999872e-11 2.822291999999999946e-11 1.731436999999999865e-11 9.798006000000000286e-12 6.270573999999999893e-12 4.229976000000000231e-12 2.896598999999999823e-12 1.968964000000000010e-12 1.307154000000000026e-12 8.360489999999999851e-13 5.027101999999999999e-13 2.552309999999999855e-13 5.023396000000000298e-13 7.956493000000000477e-13 1.263444999999999975e-12 2.014224000000000163e-12 3.209955000000000129e-12 5.149510000000000340e-12 8.342941000000000165e-12 1.381497999999999936e-11 2.422583999999999929e-11 3.703678999999999732e-11 2.259355999999999971e-11 1.295524000000000004e-11 8.425645000000000092e-12 5.750673000000000290e-12 3.965250999999999660e-12 2.702749999999999969e-12 1.789211999999999950e-12 1.136650000000000009e-12 6.747243000000000354e-13 3.347445999999999750e-13 5.645435000000000370e-13 8.939526000000000293e-13 1.419220000000000086e-12 2.262111999999999883e-12 3.603031000000000018e-12 5.775980999999999963e-12 9.347629000000000054e-12 1.545434000000000016e-11 2.708146000000000121e-11 4.155738000000000280e-11 2.536909999999999941e-11 1.469351000000000006e-11 9.637384999999999531e-12 6.610659000000000256e-12 4.567490000000000362e-12 3.111464999999999809e-12 2.053626999999999889e-12 1.297128999999999975e-12 7.631524999999999635e-13 3.738271999999999826e-13
1.524586999999999954e-12 2.394862999999999870e-12 3.781501000000000166e-12 6.054637000000000023e-12 9.577518999999999996e-12 1.525866999999999884e-11 2.438144000000000158e-11 3.925346999999999995e-11 6.439304999999999975e-11 1.156272999999999979e-10 7.512031000000000071e-10 1.031269999999999971e-10 5.405464999999999929e-11 2.998278999999999770e-11 1.639750000000000076e-11 8.776968000000000371e-12 4.585667000000000073e-12 2.350251999999999950e-12 1.209412999999999908e-12 2.871687999999999910e-13 2.361070999999999825e-13 3.736446999999999982e-13 5.921356999999999807e-13 9.411360000000000805e-13 1.494680000000000049e-12 2.378740000000000020e-12 3.799498999999999944e-12 6.114444000000000235e-12 1.001734999999999992e-11 1.731436999999999865e-11 2.639429000000000021e-11 1.656612000000000010e-11 9.969108999999999946e-12 6.651728000000000028e-12 4.557586999999999652e-12 3.105435999999999855e-12 2.067847999999999975e-12 1.323023000000000067e-12 7.960937999999999657e-13 4.061220999999999907e-13 3.109538999999999823e-13 4.919384999999999642e-13 7.793812000000000435e-13 1.238514999999999999e-12 1.965913000000000168e-12 3.126228000000000157e-12 4.987331999999999857e-12 8.010689999999999261e-12 1.308765000000000068e-11 2.259355999999999971e-11 3.470327000000000102e-11 2.179726999999999927e-11 1.334259999999999931e-11 9.026527000000000197e-12 6.234109000000000210e-12 4.259600000000000146e-12 2.830414999999999911e-12 1.798831000000000093e-12 1.067521000000000051e-12 5.327937999999999668e-13 3.521766999999999831e-13 5.570601000000000085e-13 8.824202000000000046e-13 1.402115000000000029e-12 2.224901999999999883e-12 3.536335999999999968e-12 5.636970999999999731e-12 9.041599000000000801e-12 1.473853999999999952e-11 2.536909999999999941e-11 3.904027000000000244e-11 2.461772000000000024e-11 1.522829999999999964e-11 1.036750999999999931e-11 7.178712000000000158e-12 4.903447999999999727e-12 3.246646999999999989e-12 2.052769999999999946e-12 1.207469999999999903e-12 5.951435999999999845e-13
8.907371000000000416e-13 1.395691000000000056e-12 2.212065999999999997e-12 3.537467999999999927e-12 5.574862000000000283e-12 8.870204999999999563e-12 1.413476999999999956e-11 2.254795000000000148e-11 3.622644999999999979e-11 5.905279000000000045e-11 1.031269999999999971e-10 5.229400999999999859e-10 9.280416000000000267e-11 4.897316000000000173e-11 2.655667000000000017e-11 1.413722000000000022e-11 7.360990000000000525e-12 3.762923999999999769e-12 1.907535000000000111e-12 4.842506000000000248e-13 1.513916999999999960e-13 2.390967999999999814e-13 3.789475999999999937e-13 6.015763000000000324e-13 9.520463000000000527e-13 1.510525999999999939e-12 2.396568999999999984e-12 3.806986000000000233e-12 6.071354000000000264e-12 9.798006000000000286e-12 1.656612000000000010e-11 2.518044999999999859e-11 1.639418000000000033e-11 1.044758999999999991e-11 7.140529999999999665e-12 4.883165000000000024e-12 3.261569999999999804e-12 2.094673000000000116e-12 1.250378999999999998e-12 6.478462999999999958e-13 2.021205000000000120e-13 3.191074000000000040e-13 5.056884999999999813e-13 8.027207000000000371e-13 1.269816000000000049e-12 2.013788000000000103e-12 3.192431999999999902e-12 5.064285999999999733e-12 8.058135000000000177e-12 1.295524000000000004e-11 2.179726999999999927e-11 3.325885999999999789e-11 2.171490999999999920e-11 1.412813000000000030e-11 9.753381999999999324e-12 6.694607999999999942e-12 4.464138000000000057e-12 2.846615000000000185e-12 1.689926999999999934e-12 8.515222000000000489e-13 2.305900999999999870e-13 3.639832000000000096e-13 5.767540000000000282e-13 9.154868999999999974e-13 1.447820999999999956e-12 2.295477000000000115e-12 3.637301000000000033e-12 5.765514000000000024e-12 9.161674000000000772e-12 1.469351000000000006e-11 2.461772000000000024e-11 3.755247999999999914e-11 2.475761999999999968e-11 1.619906999999999915e-11 1.122479000000000028e-11 7.705548000000000479e-12 5.124247999999999755e-12 3.248924999999999911e-12 1.912765999999999849e-12 9.515873000000000442e-13
5.160663000000000262e-13 8.052944000000000103e-13 1.271466999999999918e-12 2.039643000000000097e-12 3.207551999999999942e-12 5.099301999999999833e-12 8.115831999999999703e-12 1.291406999999999932e-11 2.064115000000000076e-11 3.320264999999999727e-11 5.405464999999999929e-11 9.280416000000000267e-11 3.738562999999999987e-10 8.353317000000000241e-11 4.366017000000000217e-11 2.301199000000000159e-11 1.189810000000000077e-11 6.057927999999999872e-12 3.008007999999999879e-12 8.344325999999999961e-13 1.004960000000000016e-13 1.592716000000000016e-13 2.516555999999999945e-13 3.991970999999999975e-13 6.317133000000000281e-13 1.000147999999999991e-12 1.584173000000000019e-12 2.506245000000000091e-12 3.963633000000000262e-12 6.270573999999999893e-12 9.969108999999999946e-12 1.639418000000000033e-11 2.458812999999999895e-11 1.671809000000000071e-11 1.112334999999999945e-11 7.639180999999999537e-12 5.131906999999999975e-12 3.308170000000000029e-12 1.990099000000000000e-12 1.039253999999999926e-12 1.357838000000000005e-13 2.151926000000000013e-13 3.399117999999999916e-13 5.391726999999999569e-13 8.530056000000000019e-13 1.350085000000000098e-12 2.137551000000000087e-12 3.379131000000000134e-12 5.337403000000000375e-12 8.425645000000000092e-12 1.334259999999999931e-11 2.171490999999999920e-11 3.268305000000000017e-11 2.244307999999999973e-11 1.515104000000000003e-11 1.046300999999999946e-11 7.023078999999999826e-12 4.499158999999999812e-12 2.672937000000000003e-12 1.365529999999999938e-12 1.557458999999999988e-13 2.468236000000000106e-13 3.898154000000000194e-13 6.183319000000000383e-13 9.781193000000000770e-13 1.547870999999999918e-12 2.450186999999999968e-12 3.871917999999999981e-12 6.111890000000000122e-12 9.637384999999999531e-12 1.522829999999999964e-11 2.475761999999999968e-11 3.705549999999999937e-11 2.562573999999999941e-11 1.741555999999999895e-11 1.203962999999999926e-11 8.061981000000000522e-12 5.136287000000000003e-12 3.025075999999999983e-12 1.526792999999999914e-12
2.933472000000000064e-13 4.541749999999999807e-13 7.175913999999999750e-13 1.154744000000000073e-12 1.811553999999999977e-12 2.878257000000000183e-12 4.582109000000000383e-12 7.275853000000000057e-12 1.160825999999999965e-11 1.859749000000000096e-11 2.998278999999999770e-11 4.897316000000000173e-11 8.353317000000000241e-11 2.749910000000000071e-10 7.466569000000000554e-11 3.815802000000000142e-11 1.948450000000000003e-11 9.838003000000000807e-12 4.750223000000000044e-12 1.486895999999999968e-12 6.839595999999999920e-14 1.078019999999999985e-13 1.710597000000000087e-13 2.711001999999999902e-13 4.286434000000000232e-13 6.789489000000000212e-13 1.074109999999999954e-12 1.699053000000000031e-12 2.683307999999999859e-12 4.229976000000000231e-12 6.651728000000000028e-12 1.044758999999999991e-11 1.671809000000000071e-11 2.455067000000000085e-11 1.740264000000000146e-11 1.184960999999999923e-11 8.033185000000000369e-12 5.214108000000000344e-12 3.143577999999999876e-12 1.671835999999999986e-12 9.325023000000000301e-14 1.469255999999999955e-13 2.331512000000000072e-13 3.694960000000000040e-13 5.841091000000000077e-13 9.250861000000000198e-13 1.463153999999999967e-12 2.313660999999999829e-12 3.651740000000000351e-12 5.750673000000000290e-12 9.026527000000000197e-12 1.412813000000000030e-11 2.244307999999999973e-11 3.285853000000000135e-11 2.354716000000000081e-11 1.619750000000000081e-11 1.098940999999999932e-11 7.092757000000000046e-12 4.224495000000000368e-12 2.199757999999999965e-12 1.073381000000000013e-13 1.690895000000000036e-13 2.685196999999999792e-13 4.252415999999999780e-13 6.721673000000000090e-13 1.064497000000000043e-12 1.683466000000000008e-12 2.661455999999999964e-12 4.199814999999999710e-12 6.610659000000000256e-12 1.036750999999999931e-11 1.619906999999999915e-11 2.562573999999999941e-11 3.739876000000000290e-11 2.697633000000000123e-11 1.862491000000000005e-11 1.261677000000000057e-11 8.099800999999999648e-12 4.783403000000000111e-12 2.461992000000000037e-12
1.638131999999999901e-13 2.509033000000000079e-13 3.967809000000000163e-13 6.386661999999999711e-13 1.001039999999999943e-12 1.592962000000000054e-12 2.527807000000000197e-12 4.013298999999999700e-12 6.390203999999999859e-12 1.021744000000000013e-11 1.639750000000000076e-11 2.655667000000000017e-11 4.366017000000000217e-11 7.466569000000000554e-11 2.080468000000000089e-10 6.593319999999999779e-11 3.266052000000000309e-11 1.619769000000000063e-11 7.559910000000000651e-12 2.684132000000000139e-12 4.630913999999999739e-14 7.384346999999999766e-14 1.166293000000000037e-13 1.853862999999999903e-13 2.930887999999999800e-13 4.636664000000000245e-13 7.343707999999999873e-13 1.161306999999999910e-12 1.836034999999999860e-12 2.896598999999999823e-12 4.557586999999999652e-12 7.140529999999999665e-12 1.112334999999999945e-11 1.740264000000000146e-11 2.493488000000000088e-11 1.825191999999999843e-11 1.245486999999999982e-11 8.179383000000000348e-12 4.959642999999999772e-12 2.703985000000000014e-12 6.346152000000000574e-14 1.012222000000000046e-13 1.598387999999999924e-13 2.541020999999999983e-13 4.016746999999999808e-13 6.353698000000000338e-13 1.007192999999999988e-12 1.590909999999999933e-12 2.514551999999999967e-12 3.965250999999999660e-12 6.234109000000000210e-12 9.753381999999999324e-12 1.515104000000000003e-11 2.354716000000000081e-11 3.357547999999999700e-11 2.481614999999999862e-11 1.702009000000000003e-11 1.112809999999999981e-11 6.670663000000000290e-12 3.564803999999999802e-12 7.312614999999999886e-14 1.171929999999999935e-13 1.841939000000000003e-13 2.923480000000000181e-13 4.628861000000000303e-13 7.324436999999999722e-13 1.165106999999999955e-12 1.833045999999999862e-12 2.896503000000000143e-12 4.567490000000000362e-12 7.178712000000000158e-12 1.122479000000000028e-11 1.741555999999999895e-11 2.697633000000000123e-11 3.832565000000000119e-11 2.846746999999999967e-11 1.953463999999999925e-11 1.271413000000000007e-11 7.559275999999999788e-12 3.994897999999999928e-12
8.521153999999999781e-14 1.325007999999999982e-13 2.132230999999999965e-13 3.471861999999999853e-13 5.404541999999999853e-13 8.566280000000000128e-13 1.363683000000000017e-12 2.159902999999999829e-12 3.436966000000000160e-12 5.483714999999999924e-12 8.776968000000000371e-12 1.413722000000000022e-11 2.301199000000000159e-11 3.815802000000000142e-11 6.593319999999999779e-11 1.613122999999999931e-10 5.739615999999999683e-11 2.731726000000000067e-11 1.232232000000000075e-11 4.886664000000000391e-12 3.150461000000000135e-14 4.939395999999999848e-14 7.954747000000000042e-14 1.253771999999999911e-13 1.984999000000000052e-13 3.143969999999999881e-13 4.973343000000000208e-13 7.912387999999999828e-13 1.245554999999999937e-12 1.968964000000000010e-12 3.105435999999999855e-12 4.883165000000000024e-12 7.639180999999999537e-12 1.184960999999999923e-11 1.825191999999999843e-11 2.552927999999999924e-11 1.902458000000000010e-11 1.270124000000000051e-11 7.816591000000000090e-12 4.391220000000000347e-12 4.324760999999999988e-14 6.832127000000000429e-14 1.092340000000000044e-13 1.721232999999999892e-13 2.724940000000000201e-13 4.315688000000000119e-13 6.826080000000000132e-13 1.083709000000000063e-12 1.709259999999999928e-12 2.702749999999999969e-12 4.259600000000000146e-12 6.694607999999999942e-12 1.046300999999999946e-11 1.619750000000000081e-11 2.481614999999999862e-11 3.451571999999999866e-11 2.590017000000000030e-11 1.728161999999999882e-11 1.052648000000000020e-11 5.805722000000000371e-12 4.979684999999999900e-14 7.865707999999999819e-14 1.257889999999999904e-13 1.981719999999999961e-13 3.134373999999999888e-13 4.968676999999999670e-13 7.861694999999999854e-13 1.245886999999999940e-12 1.967763999999999975e-12 3.111464999999999809e-12 4.903447999999999727e-12 7.705548000000000479e-12 1.203962999999999926e-11 1.862491000000000005e-11 2.846746999999999967e-11 3.945353999999999831e-11 2.968670999999999720e-11 1.975544999999999858e-11 1.194292000000000017e-11 6.517630999999999736e-12
4.752044999999999695e-14 7.159332999999999459e-14 1.136858000000000047e-13 1.837442000000000088e-13 2.835353999999999916e-13 4.490182000000000102e-13 7.163637000000000043e-13 1.137089999999999954e-12 1.802990999999999946e-12 2.874960000000000101e-12 4.585667000000000073e-12 7.360990000000000525e-12 1.189810000000000077e-11 1.948450000000000003e-11 3.266052000000000309e-11 5.739615999999999683e-11 1.275676999999999957e-10 4.860213999999999994e-11 2.110782000000000042e-11 8.939040000000000248e-12 2.126213000000000063e-14 3.316057999999999738e-14 5.235034999999999917e-14 8.346400000000000413e-14 1.314263999999999932e-13 2.081536999999999918e-13 3.297973999999999817e-13 5.217627999999999909e-13 8.272117000000000385e-13 1.307154000000000026e-12 2.067847999999999975e-12 3.261569999999999804e-12 5.131906999999999975e-12 8.033185000000000369e-12 1.245486999999999982e-11 1.902458000000000010e-11 2.604382999999999890e-11 1.934072999999999932e-11 1.227798999999999987e-11 7.145177000000000342e-12 3.053540000000000310e-14 4.539853999999999873e-14 7.165745999999999747e-14 1.138771000000000076e-13 1.799022000000000036e-13 2.846733000000000245e-13 4.514447999999999870e-13 7.142864000000000209e-13 1.131301999999999979e-12 1.789211999999999950e-12 2.830414999999999911e-12 4.464138000000000057e-12 7.023078999999999826e-12 1.098940999999999932e-11 1.702009000000000003e-11 2.590017000000000030e-11 3.525892999999999908e-11 2.626457999999999914e-11 1.656161000000000096e-11 9.482105999999999986e-12 3.286118000000000044e-14 5.205919000000000175e-14 8.224805999999999881e-14 1.307230999999999946e-13 2.064963999999999954e-13 3.267391000000000148e-13 5.192813999999999849e-13 8.200264999999999895e-13 1.298484000000000024e-12 2.053626999999999889e-12 3.246646999999999989e-12 5.124247999999999755e-12 8.061981000000000522e-12 1.261677000000000057e-11 1.953463999999999925e-11 2.968670999999999720e-11 4.028893000000000007e-11 2.997183999999999682e-11 1.882117999999999877e-11 1.067040999999999956e-11
2.515607999999999915e-14 3.602921000000000234e-14 5.910224999999999436e-14 9.583861999999999457e-14 1.426469000000000058e-13 2.317389000000000012e-13 3.672208999999999888e-13 5.823160999999999566e-13 9.273978000000000088e-13 1.474019000000000042e-12 2.350251999999999950e-12 3.762923999999999769e-12 6.057927999999999872e-12 9.838003000000000807e-12 1.619769000000000063e-11 2.731726000000000067e-11 4.860213999999999994e-11 1.010309000000000016e-10 3.943820000000000294e-11 1.658878000000000113e-11 1.340002999999999935e-14 2.108792000000000050e-14 3.354478999999999736e-14 5.293867999999999743e-14 8.403600999999999979e-14 1.327795000000000049e-13 2.102377000000000060e-13 3.341324999999999901e-13 5.276511999999999640e-13 8.360489999999999851e-13 1.323023000000000067e-12 2.094673000000000116e-12 3.308170000000000029e-12 5.214108000000000344e-12 8.179383000000000348e-12 1.270124000000000051e-11 1.934072999999999932e-11 2.602178000000000103e-11 1.900265000000000042e-11 1.158204000000000019e-11 1.822336999999999935e-14 2.866719000000000030e-14 4.555675999999999995e-14 7.196733999999999453e-14 1.142576999999999949e-13 1.805032999999999999e-13 2.857895000000000012e-13 4.502827000000000196e-13 7.174916999999999769e-13 1.136650000000000009e-12 1.798831000000000093e-12 2.846615000000000185e-12 4.499158999999999812e-12 7.092757000000000046e-12 1.112809999999999981e-11 1.728161999999999882e-11 2.626457999999999914e-11 3.516613000000000174e-11 2.564948999999999959e-11 1.544084999999999999e-11 2.079651000000000076e-14 3.270608999999999736e-14 5.192175000000000164e-14 8.211360999999999679e-14 1.303816000000000106e-13 2.059519999999999892e-13 3.259276999999999906e-13 5.123570000000000351e-13 8.186664000000000264e-13 1.297128999999999975e-12 2.052769999999999946e-12 3.248924999999999911e-12 5.136287000000000003e-12 8.099800999999999648e-12 1.271413000000000007e-11 1.975544999999999858e-11 2.997183999999999682e-11 4.010484999999999748e-11 2.919381999999999970e-11 1.743019000000000128e-11
1.256005999999999923e-14 1.837156999999999966e-14 2.915975999999999797e-14 4.964050000000000189e-14 7.635887000000000379e-14 1.260020999999999938e-13 1.942552000000000031e-13 3.051667000000000148e-13 4.828143999999999546e-13 7.662978999999999755e-13 1.209412999999999908e-12 1.907535000000000111e-12 3.008007999999999879e-12 4.750223000000000044e-12 7.559910000000000651e-12 1.232232000000000075e-11 2.110782000000000042e-11 3.943820000000000294e-11 8.081314000000000637e-11 3.262157000000000112e-11 7.795136000000000612e-15 1.266013999999999986e-14 1.991748999999999935e-14 3.179587999999999790e-14 5.030853000000000182e-14 8.009125000000000469e-14 1.239994999999999908e-13 2.003891000000000029e-13 3.176918000000000115e-13 5.027101999999999999e-13 7.960937999999999657e-13 1.250378999999999998e-12 1.990099000000000000e-12 3.143577999999999876e-12 4.959642999999999772e-12 7.816591000000000090e-12 1.227798999999999987e-11 1.900265000000000042e-11 2.562643000000000029e-11 1.840646999999999881e-11 1.044624000000000071e-14 1.696677000000000019e-14 2.671205000000000064e-14 4.265831999999999776e-14 6.751340999999999909e-14 1.075065999999999945e-13 1.699784999999999911e-13 2.688025000000000050e-13 4.263858000000000127e-13 6.747243000000000354e-13 1.067521000000000051e-12 1.689926999999999934e-12 2.672937000000000003e-12 4.224495000000000368e-12 6.670663000000000290e-12 1.052648000000000020e-11 1.656161000000000096e-11 2.564948999999999959e-11 3.448357999999999876e-11 2.464638000000000105e-11 1.180244999999999992e-14 1.919270000000000124e-14 3.020393999999999752e-14 4.815820000000000224e-14 7.629180999999999832e-14 1.215941000000000089e-13 1.921735000000000040e-13 3.039682999999999943e-13 4.822369000000000007e-13 7.631524999999999635e-13 1.207469999999999903e-12 1.912765999999999849e-12 3.025075999999999983e-12 4.783403000000000111e-12 7.559275999999999788e-12 1.194292000000000017e-11 1.882117999999999877e-11 2.919381999999999970e-11 3.921123999999999802e-11 2.791731000000000032e-11
