# 2pt_covariance
2.527561999999999879e-08 8.279562000000000323e-10 3.954294999999999940e-10 1.805115999999999984e-10 8.210871999999999912e-11 3.874041999999999700e-11 1.932475999999999893e-11 1.024894999999999986e-11 5.738816000000000091e-12 3.333177000000000025e-12 1.963858999999999902e-12 1.155231000000000089e-12 6.741187999999999730e-13 3.855858999999999817e-13 2.163005999999999902e-13 1.124796999999999948e-13 6.286298000000000292e-14 3.319145999999999759e-14 1.580932000000000028e-14 7.581478999999999673e-15 1.595983000000000107e-11 1.250490000000000016e-11 8.180116000000000200e-12 5.156000000000000244e-12 3.160942000000000003e-12 1.900315000000000067e-12 1.132347000000000002e-12 6.791649000000000074e-13 4.168890999999999891e-13 2.650700000000000004e-13 1.751695999999999961e-13 1.202304999999999944e-13 8.410427000000000378e-14 5.896020999999999571e-14 4.202974000000000126e-14 2.947763000000000169e-14 2.003102999999999843e-14 1.334383999999999951e-14 8.532223999999999703e-15 4.761348000000000312e-15 2.168557999999999937e-11 1.683691000000000000e-11 1.087012999999999944e-11 6.761462000000000093e-12 4.093198999999999793e-12 2.434255000000000112e-12 1.439307999999999909e-12 8.601806000000000193e-13 5.285906000000000156e-13 3.381912999999999890e-13 2.251933999999999914e-13 1.560983999999999965e-13 1.102389999999999961e-13 7.871923000000000414e-14 5.590543999999999912e-14 3.933527999999999731e-14 2.687495999999999997e-14 1.770131000000000048e-14 1.124608999999999969e-14 6.011394999999999935e-15 2.460999999999999954e-11 1.899250999999999861e-11 1.217035000000000014e-11 7.522530999999999221e-12 4.530317999999999680e-12 2.684001999999999815e-12 1.583874000000000083e-12 9.469957000000000459e-13 5.835693999999999630e-13 3.748012000000000145e-13 2.510666000000000159e-13 1.749742000000000119e-13 1.241643999999999884e-13 8.898085999999999967e-14 6.337952000000000164e-14 4.456664999999999696e-14 3.025085000000000206e-14 1.994374000000000012e-14 1.254434000000000062e-14 6.656713000000000297e-15
8.279562000000000323e-10 1.629369000000000063e-08 7.053442999999999917e-10 3.146113000000000135e-10 1.385590000000000020e-10 6.347285000000000535e-11 3.105008999999999901e-11 1.628194999999999890e-11 9.063129000000000610e-12 5.244269999999999827e-12 3.084603999999999889e-12 1.810387999999999980e-12 1.066870000000000078e-12 5.973391000000000432e-13 3.315833999999999803e-13 1.752473999999999990e-13 9.483637000000000003e-14 4.872227000000000117e-14 2.313451999999999870e-14 1.007946000000000069e-14 1.250490000000000016e-11 1.642173999999999945e-11 1.269745999999999949e-11 8.142241000000000020e-12 5.022220000000000384e-12 3.023010000000000061e-12 1.800380000000000049e-12 1.078349999999999944e-12 6.610179000000000444e-13 4.198628999999999981e-13 2.779456999999999836e-13 1.897438000000000048e-13 1.334229999999999910e-13 9.423699999999999518e-14 6.674825000000000540e-14 4.651692999999999756e-14 3.201277000000000052e-14 2.098294000000000013e-14 1.321827999999999989e-14 7.607668000000000383e-15 1.683691000000000000e-11 2.215615000000000147e-11 1.695010999999999915e-11 1.071149999999999934e-11 6.517062000000000044e-12 3.877090999999999761e-12 2.289750000000000013e-12 1.366001999999999979e-12 8.381126000000000370e-13 5.353909999999999752e-13 3.573417999999999991e-13 2.462756999999999782e-13 1.748943000000000084e-13 1.245748000000000126e-13 8.879142000000000265e-14 6.206207999999999418e-14 4.270254000000000067e-14 2.785486999999999976e-14 1.740773000000000016e-14 9.708434999999999756e-15 1.899250999999999861e-11 2.504035999999999934e-11 1.903292999999999936e-11 1.193673999999999988e-11 7.219654000000000127e-12 4.276797000000000401e-12 2.520177999999999927e-12 1.503856999999999900e-12 9.252035999999999938e-13 5.935418999999999995e-13 3.984050000000000073e-13 2.767572000000000236e-13 1.969912999999999949e-13 1.408089000000000040e-13 1.005738000000000046e-13 7.030846000000000493e-14 4.829989999999999900e-14 3.137703999999999759e-14 1.949051000000000045e-14 1.067315999999999928e-14
3.954294999999999940e-10 7.053442999999999917e-10 1.056833000000000004e-08 5.842883999999999611e-10 2.453559000000000047e-10 1.069931999999999961e-10 5.066790999999999993e-11 2.613979000000000125e-11 1.442234999999999983e-11 8.316223000000000803e-12 4.870533999999999732e-12 2.869194999999999872e-12 1.661497000000000024e-12 9.438266000000000852e-13 5.243055000000000422e-13 2.822052000000000222e-13 1.505013000000000082e-13 7.799961000000000291e-14 3.669030000000000220e-14 1.657765999999999888e-14 8.180116000000000200e-12 1.269745999999999949e-11 1.671588000000000127e-11 1.271762000000000009e-11 7.976495999999999498e-12 4.820999999999999753e-12 2.869690000000000064e-12 1.715696999999999934e-12 1.049468000000000027e-12 6.655743999999999756e-13 4.401776999999999834e-13 3.013675999999999850e-13 2.110331000000000078e-13 1.495435999999999950e-13 1.056799000000000029e-13 7.398388999999999768e-14 5.156748000000000071e-14 3.415661000000000106e-14 2.086912999999999917e-14 1.171734000000000040e-14 1.087012999999999944e-11 1.695010999999999915e-11 2.237970999999999855e-11 1.682288000000000152e-11 1.038794999999999998e-11 6.196237999999999916e-12 3.653541000000000376e-12 2.174195999999999877e-12 1.330713999999999978e-12 8.484926000000000392e-13 5.658445000000000130e-13 3.912018999999999751e-13 2.765858999999999918e-13 1.976984999999999982e-13 1.405392999999999997e-13 9.872558999999999817e-14 6.729955000000000630e-14 4.446774000000000183e-14 2.761749000000000062e-14 1.517357000000000095e-14 1.217035000000000014e-11 1.903292999999999936e-11 2.518847000000000122e-11 1.880613999999999887e-11 1.152701000000000058e-11 6.840766000000000257e-12 4.022593000000000245e-12 2.393744000000000145e-12 1.468884999999999955e-12 9.407092999999999365e-13 6.308077000000000001e-13 4.384550999999999802e-13 3.115061999999999798e-13 2.234684999999999984e-13 1.591824000000000064e-13 1.118529000000000060e-13 7.611155000000000197e-14 5.010222999999999845e-14 3.164451999999999853e-14 1.682763000000000006e-14
1.805115999999999984e-10 3.146113000000000135e-10 5.842883999999999611e-10 6.904023000000000034e-09 4.757329999999999949e-10 1.909682999999999887e-10 8.524248999999999739e-11 4.260022999999999730e-11 2.318630999999999877e-11 1.331778000000000023e-11 7.797480999999999781e-12 4.587145000000000241e-12 2.664432000000000132e-12 1.518091000000000019e-12 8.435329999999999560e-13 4.594028999999999993e-13 2.429451999999999956e-13 1.262129000000000074e-13 6.283858000000000355e-14 2.637924999999999965e-14 5.156000000000000244e-12 8.142241000000000020e-12 1.271762000000000009e-11 1.684568999999999867e-11 1.258079000000000056e-11 7.708481000000000463e-12 4.593362000000000072e-12 2.737696000000000051e-12 1.669377999999999958e-12 1.056375999999999900e-12 6.976804000000000409e-13 4.772743000000000033e-13 3.343793999999999918e-13 2.367676999999999949e-13 1.702375999999999925e-13 1.171821999999999942e-13 8.017537000000000575e-14 5.277543999999999757e-14 3.326046000000000088e-14 1.861879000000000055e-14 6.761462000000000093e-12 1.071149999999999934e-11 1.682288000000000152e-11 2.237415000000000075e-11 1.649045999999999999e-11 9.945226000000000541e-12 5.859423999999999974e-12 3.471963999999999967e-12 2.117117000000000055e-12 1.346613999999999941e-12 8.967868000000000295e-13 6.194807999999999588e-13 4.382306999999999918e-13 3.129862999999999969e-13 2.230189999999999961e-13 1.563283000000000045e-13 1.069331000000000020e-13 7.006584000000000258e-14 4.378365000000000297e-14 2.458501999999999968e-14 7.522530999999999221e-12 1.193673999999999988e-11 1.880613999999999887e-11 2.508323999999999844e-11 1.835974000000000028e-11 1.099724999999999982e-11 6.455705999999999876e-12 3.823348999999999686e-12 2.336761000000000003e-12 1.492844999999999987e-12 9.996532999999999729e-13 6.942677000000000145e-13 4.935473000000000088e-13 3.537743999999999814e-13 2.526110999999999999e-13 1.771110999999999934e-13 1.209431000000000100e-13 7.911512000000000277e-14 4.886185999999999916e-14 2.656388000000000124e-14
8.210871999999999912e-11 1.385590000000000020e-10 2.453559000000000047e-10 4.757329999999999949e-10 4.547947000000000073e-09 3.817390999999999893e-10 1.504831999999999927e-10 7.037587000000000071e-11 3.723927999999999680e-11 2.112394000000000016e-11 1.233312000000000067e-11 7.228604999999999772e-12 4.190327000000000266e-12 2.382249999999999871e-12 1.322808999999999922e-12 7.156618999999999881e-13 3.765290999999999975e-13 1.912485999999999925e-13 9.757661000000000371e-14 4.060714000000000058e-14 3.160942000000000003e-12 5.022220000000000384e-12 7.976495999999999498e-12 1.258079000000000056e-11 1.677683000000000133e-11 1.228590999999999970e-11 7.381913999999999478e-12 4.384784000000000110e-12 2.658654999999999843e-12 1.676336999999999989e-12 1.104810000000000015e-12 7.551141000000000449e-13 5.290279000000000182e-13 3.748556000000000148e-13 2.653867000000000065e-13 1.858398000000000045e-13 1.269099000000000043e-13 8.384012000000000283e-14 5.245743000000000012e-14 2.932761000000000089e-14 4.093198999999999793e-12 6.517062000000000044e-12 1.038794999999999998e-11 1.649045999999999999e-11 2.210609999999999928e-11 1.596415000000000039e-11 9.449913000000000186e-12 5.568380000000000149e-12 3.372536000000000201e-12 2.136058000000000146e-12 1.419780000000000035e-12 9.799003999999999228e-13 6.931836999999999961e-13 4.954835999999999831e-13 3.530004999999999962e-13 2.479899999999999864e-13 1.692144999999999905e-13 1.113209000000000013e-13 6.918442999999999917e-14 3.796985000000000304e-14 4.530317999999999680e-12 7.219654000000000127e-12 1.152701000000000058e-11 1.835974000000000028e-11 2.469301999999999932e-11 1.771164999999999875e-11 1.042502000000000075e-11 6.133493999999999835e-12 3.721897000000000009e-12 2.367397999999999845e-12 1.582341000000000073e-12 1.098072999999999899e-12 7.806177000000000454e-13 5.600348999999999889e-13 3.998276000000000017e-13 2.809662999999999980e-13 1.913797999999999990e-13 1.254176999999999948e-13 7.745243000000000494e-14 4.209834999999999903e-14
3.874041999999999700e-11 6.347285000000000535e-11 1.069931999999999961e-10 1.909682999999999887e-10 3.817390999999999893e-10 3.026232000000000019e-09 3.056420999999999883e-10 1.225403999999999959e-10 6.099081999999999598e-11 3.388338000000000299e-11 1.964490000000000084e-11 1.149806999999999970e-11 6.660158000000000225e-12 3.784332000000000237e-12 2.104551000000000127e-12 1.134002999999999929e-12 5.939448999999999929e-13 3.050197999999999823e-13 1.554605000000000119e-13 6.572706000000000034e-14 1.900315000000000067e-12 3.023010000000000061e-12 4.820999999999999753e-12 7.708481000000000463e-12 1.228590999999999970e-11 1.652663999999999914e-11 1.189900000000000009e-11 7.073691000000000095e-12 4.254029999999999797e-12 2.664535999999999987e-12 1.749207000000000061e-12 1.194684000000000001e-12 8.367727000000000217e-13 5.931939000000000499e-13 4.202357999999999833e-13 2.941907999999999888e-13 2.012947999999999876e-13 1.327143000000000053e-13 8.342605999999999389e-14 4.640688999999999942e-14 2.434255000000000112e-12 3.877090999999999761e-12 6.196237999999999916e-12 9.945226000000000541e-12 1.596415000000000039e-11 2.161231999999999853e-11 1.534406999999999926e-11 9.008663000000000223e-12 5.400144000000000340e-12 3.394917000000000124e-12 2.247073000000000153e-12 1.549925999999999953e-12 1.096300000000000085e-12 7.839817000000000298e-13 5.589366999999999523e-13 3.925081999999999814e-13 2.684715000000000239e-13 1.761626999999999972e-13 1.097774999999999960e-13 6.014058000000000585e-14 2.684001999999999815e-12 4.276797000000000401e-12 6.840766000000000257e-12 1.099724999999999982e-11 1.771164999999999875e-11 2.406555000000000059e-11 1.697948999999999877e-11 9.930955000000000268e-12 5.958884000000000037e-12 3.761303000000000255e-12 2.503631999999999848e-12 1.736576999999999942e-12 1.234421000000000077e-12 8.860012000000000476e-13 6.330666000000000038e-13 4.446909000000000111e-13 3.036493999999999804e-13 1.984930999999999926e-13 1.228989999999999896e-13 6.667879000000000289e-14
1.932475999999999893e-11 3.105008999999999901e-11 5.066790999999999993e-11 8.524248999999999739e-11 1.504831999999999927e-10 3.056420999999999883e-10 2.038525000000000051e-09 2.474338000000000147e-10 1.039003000000000031e-10 5.493422999999999704e-11 3.138356999999999852e-11 1.831383999999999944e-11 1.059602000000000073e-11 6.009455000000000065e-12 3.339337000000000072e-12 1.805067999999999958e-12 9.475009000000000668e-13 4.833267999999999919e-13 2.477248999999999798e-13 1.051909000000000062e-13 1.132347000000000002e-12 1.800380000000000049e-12 2.869690000000000064e-12 4.593362000000000072e-12 7.381913999999999478e-12 1.189900000000000009e-11 1.618777999999999911e-11 1.150788000000000003e-11 6.858354999999999810e-12 4.242794000000000228e-12 2.769282999999999803e-12 1.887462999999999831e-12 1.322516999999999988e-12 9.376971000000000758e-13 6.648825000000000197e-13 4.658016000000000092e-13 3.187308000000000034e-13 2.105425999999999909e-13 1.321103000000000010e-13 7.462823999999999483e-14 1.439307999999999909e-12 2.289750000000000013e-12 3.653541000000000376e-12 5.859423999999999974e-12 9.449913000000000186e-12 1.534406999999999926e-11 2.102971000000000128e-11 1.475508999999999867e-11 8.719973000000000572e-12 5.405653000000000211e-12 3.555417999999999866e-12 2.447616000000000140e-12 1.732226000000000095e-12 1.239033999999999908e-12 8.842352000000000328e-13 6.215117000000000163e-13 4.250864000000000011e-13 2.795580999999999859e-13 1.738779000000000118e-13 9.526720000000000628e-14 1.583874000000000083e-12 2.520177999999999927e-12 4.022593000000000245e-12 6.455705999999999876e-12 1.042502000000000075e-11 1.697948999999999877e-11 2.336099999999999951e-11 1.630546999999999878e-11 9.623614999999999278e-12 5.987832999999999655e-12 3.959612999999999639e-12 2.741638000000000076e-12 1.950206999999999911e-12 1.400249000000000045e-12 1.001460000000000056e-12 7.041324000000000219e-13 4.807659999999999933e-13 3.148408000000000068e-13 1.946580999999999892e-13 1.054651999999999973e-13
1.024894999999999986e-11 1.628194999999999890e-11 2.613979000000000125e-11 4.260022999999999730e-11 7.037587000000000071e-11 1.225403999999999959e-10 2.474338000000000147e-10 1.393565999999999942e-09 2.041092000000000100e-10 9.154748000000000242e-11 5.052915999999999873e-11 2.919447000000000010e-11 1.685171000000000030e-11 9.560977000000000610e-12 5.301166999999999600e-12 2.859367999999999818e-12 1.504114999999999998e-12 7.665394999999999974e-13 3.900260999999999753e-13 1.626781999999999904e-13 6.791649000000000074e-13 1.078349999999999944e-12 1.715696999999999934e-12 2.737696000000000051e-12 4.384784000000000110e-12 7.073691000000000095e-12 1.150788000000000003e-11 1.584380999999999931e-11 1.120342000000000074e-11 6.804176000000000309e-12 4.387050000000000376e-12 2.977052999999999836e-12 2.085930999999999950e-12 1.481037000000000003e-12 1.050934999999999904e-12 7.370032999999999763e-13 5.047066000000000337e-13 3.334327000000000177e-13 2.096374999999999991e-13 1.165132000000000048e-13 8.601806000000000193e-13 1.366001999999999979e-12 2.174195999999999877e-12 3.471963999999999967e-12 5.568380000000000149e-12 9.008663000000000223e-12 1.475508999999999867e-11 2.047544000000000105e-11 1.431839999999999925e-11 8.670517999999999345e-12 5.628213000000000022e-12 3.857901999999999892e-12 2.730843999999999991e-12 1.956400000000000024e-12 1.397292999999999911e-12 9.832885999999999427e-13 6.731068999999999740e-13 4.427057999999999876e-13 2.758459999999999941e-13 1.509476000000000060e-13 9.469957000000000459e-13 1.503856999999999900e-12 2.393744000000000145e-12 3.823348999999999686e-12 6.133493999999999835e-12 9.930955000000000268e-12 1.630546999999999878e-11 2.271250000000000041e-11 1.582467000000000107e-11 9.597730999999999910e-12 6.263989999999999848e-12 4.319425000000000247e-12 3.073672000000000113e-12 2.210596000000000005e-12 1.582418000000000094e-12 1.114759000000000016e-12 7.612929999999999955e-13 4.991293000000000147e-13 3.088288000000000219e-13 1.673611999999999917e-13
5.738816000000000091e-12 9.063129000000000610e-12 1.442234999999999983e-11 2.318630999999999877e-11 3.723927999999999680e-11 6.099081999999999598e-11 1.039003000000000031e-10 2.041092000000000100e-10 9.708751999999999810e-10 1.730207000000000041e-10 8.303986999999999440e-11 4.686041999999999714e-11 2.691057000000000011e-11 1.524708999999999941e-11 8.438489000000000557e-12 4.549329000000000193e-12 2.385108999999999950e-12 1.220249000000000004e-12 6.188479000000000333e-13 2.549872000000000063e-13 4.168890999999999891e-13 6.610179000000000444e-13 1.049468000000000027e-12 1.669377999999999958e-12 2.658654999999999843e-12 4.254029999999999797e-12 6.858354999999999810e-12 1.120342000000000074e-11 1.559245999999999958e-11 1.108555999999999987e-11 6.972047000000000251e-12 4.687759999999999808e-12 3.280782000000000025e-12 2.333512999999999934e-12 1.659214000000000042e-12 1.164857000000000032e-12 7.986253999999999708e-13 5.280576999999999583e-13 3.319047000000000165e-13 1.848090000000000004e-13 5.285906000000000156e-13 8.381126000000000370e-13 1.330713999999999978e-12 2.117117000000000055e-12 3.372536000000000201e-12 5.400144000000000340e-12 8.719973000000000572e-12 1.431839999999999925e-11 2.008651999999999952e-11 1.416947999999999992e-11 8.936004999999999545e-12 6.067687999999999621e-12 4.291817000000000068e-12 3.081034999999999907e-12 2.205683999999999833e-12 1.553909000000000018e-12 1.065763999999999981e-12 7.011565000000000123e-13 4.371878000000000206e-13 2.391513999999999961e-13 5.835693999999999630e-13 9.252035999999999938e-13 1.468884999999999955e-12 2.336761000000000003e-12 3.721897000000000009e-12 5.958884000000000037e-12 9.623614999999999278e-12 1.582467000000000107e-11 2.227451999999999948e-11 1.568712000000000112e-11 9.935240000000000386e-12 6.788594000000000144e-12 4.829202000000000005e-12 3.480645000000000059e-12 2.497649999999999965e-12 1.760290999999999936e-12 1.206680000000000065e-12 7.899891000000000351e-13 4.964665999999999598e-13 2.651612999999999962e-13
3.333177000000000025e-12 5.244269999999999827e-12 8.316223000000000803e-12 1.331778000000000023e-11 2.112394000000000016e-11 3.388338000000000299e-11 5.493422999999999704e-11 9.154748000000000242e-11 1.730207000000000041e-10 6.928953000000000071e-10 1.507244000000000043e-10 7.632968999999999845e-11 4.322418000000000293e-11 2.440165999999999965e-11 1.348555999999999934e-11 7.257183999999999867e-12 3.803086999999999989e-12 1.938749999999999994e-12 9.872374999999999118e-13 4.040180999999999928e-13 2.650700000000000004e-13 4.198628999999999981e-13 6.655743999999999756e-13 1.056375999999999900e-12 1.676336999999999989e-12 2.664535999999999987e-12 4.242794000000000228e-12 6.804176000000000309e-12 1.108555999999999987e-11 1.553534999999999963e-11 1.123325999999999933e-11 7.373620000000000240e-12 5.140144000000000236e-12 3.663379999999999684e-12 2.612829000000000114e-12 1.839126000000000175e-12 1.262561999999999967e-12 8.363921999999999911e-13 5.258273000000000489e-13 2.930148999999999817e-13 3.381912999999999890e-13 5.353909999999999752e-13 8.484926000000000392e-13 1.346613999999999941e-12 2.136058000000000146e-12 3.394917000000000124e-12 5.405653000000000211e-12 8.670517999999999345e-12 1.416947999999999992e-11 1.999519000000000095e-11 1.440522999999999960e-11 9.527424999999999866e-12 6.715698000000000209e-12 4.833186999999999810e-12 3.471902999999999893e-12 2.452907999999999952e-12 1.683635999999999996e-12 1.111765999999999930e-12 6.921537000000000499e-13 3.794822999999999793e-13 3.748012000000000145e-13 5.935418999999999995e-13 9.407092999999999365e-13 1.492844999999999987e-12 2.367397999999999845e-12 3.761303000000000255e-12 5.987832999999999655e-12 9.597730999999999910e-12 1.568712000000000112e-11 2.219463999999999962e-11 1.599994999999999990e-11 1.064597999999999944e-11 7.550014999999999712e-12 5.458516000000000164e-12 3.930772999999999936e-12 2.778636000000000076e-12 1.904031999999999858e-12 1.252676999999999954e-12 7.749779999999999518e-13 4.207935999999999752e-13
1.963858999999999902e-12 3.084603999999999889e-12 4.870533999999999732e-12 7.797480999999999781e-12 1.233312000000000067e-11 1.964490000000000084e-11 3.138356999999999852e-11 5.052915999999999873e-11 8.303986999999999440e-11 1.507244000000000043e-10 5.083426999999999552e-10 1.340448999999999948e-10 7.022329000000000339e-11 3.927840999999999883e-11 2.162510999999999852e-11 1.161202999999999975e-11 6.066095999999999884e-12 3.089560000000000014e-12 1.570105999999999974e-12 6.383635000000000193e-13 1.751695999999999961e-13 2.779456999999999836e-13 4.401776999999999834e-13 6.976804000000000409e-13 1.104810000000000015e-12 1.749207000000000061e-12 2.769282999999999803e-12 4.387050000000000376e-12 6.972047000000000251e-12 1.123325999999999933e-11 1.575472000000000135e-11 1.169106000000000007e-11 8.009343000000000398e-12 5.719575000000000092e-12 4.097837000000000122e-12 2.895962000000000055e-12 1.994000000000000187e-12 1.322042000000000033e-12 8.308381000000000360e-13 4.640521000000000276e-13 2.251933999999999914e-13 3.573417999999999991e-13 5.658445000000000130e-13 8.967868000000000295e-13 1.419780000000000035e-12 2.247073000000000153e-12 3.555417999999999866e-12 5.628213000000000022e-12 8.936004999999999545e-12 1.440522999999999960e-11 2.030975999999999928e-11 1.508145000000000134e-11 1.044199999999999933e-11 7.536314000000000516e-12 5.441844000000000051e-12 3.861187000000000317e-12 2.659302999999999902e-12 1.755421999999999949e-12 1.097156000000000056e-12 6.010384000000000171e-13 2.510666000000000159e-13 3.984050000000000073e-13 6.308077000000000001e-13 9.996532999999999729e-13 1.582341000000000073e-12 2.503631999999999848e-12 3.959612999999999639e-12 6.263989999999999848e-12 9.935240000000000386e-12 1.599994999999999990e-11 2.259218000000000118e-11 1.682083000000000074e-11 1.172411999999999952e-11 8.504933999999999675e-12 6.159220000000000083e-12 4.373435999999999703e-12 3.007667000000000133e-12 1.977911999999999943e-12 1.227708000000000084e-12 6.665182000000000427e-13
1.155231000000000089e-12 1.810387999999999980e-12 2.869194999999999872e-12 4.587145000000000241e-12 7.228604999999999772e-12 1.149806999999999970e-11 1.831383999999999944e-11 2.919447000000000010e-11 4.686041999999999714e-11 7.632968999999999845e-11 1.340448999999999948e-10 3.846255000000000073e-10 1.206839999999999991e-10 6.399240999999999874e-11 3.496639000000000001e-11 1.868999999999999892e-11 9.737392999999999280e-12 4.942560999999999663e-12 2.503217999999999967e-12 9.994995999999999026e-13 1.202304999999999944e-13 1.897438000000000048e-13 3.013675999999999850e-13 4.772743000000000033e-13 7.551141000000000449e-13 1.194684000000000001e-12 1.887462999999999831e-12 2.977052999999999836e-12 4.687759999999999808e-12 7.373620000000000240e-12 1.169106000000000007e-11 1.630644999999999904e-11 1.247573000000000060e-11 8.848923000000000745e-12 6.385198000000000355e-12 4.540997000000000022e-12 3.141350000000000140e-12 2.090053999999999850e-12 1.317196999999999966e-12 7.356987000000000426e-13 1.560983999999999965e-13 2.462756999999999782e-13 3.912018999999999751e-13 6.194807999999999588e-13 9.799003999999999228e-13 1.549925999999999953e-12 2.447616000000000140e-12 3.857901999999999892e-12 6.067687999999999621e-12 9.527424999999999866e-12 1.508145000000000134e-11 2.110145000000000032e-11 1.621478000000000131e-11 1.163369000000000028e-11 8.468485999999999303e-12 6.051725999999999815e-12 4.187938000000000083e-12 2.775449000000000082e-12 1.734061999999999927e-12 9.527436000000000966e-13 1.749742000000000119e-13 2.767572000000000236e-13 4.384550999999999802e-13 6.942677000000000145e-13 1.098072999999999899e-12 1.736576999999999942e-12 2.741638000000000076e-12 4.319425000000000247e-12 6.788594000000000144e-12 1.064597999999999944e-11 1.682083000000000074e-11 2.354379999999999991e-11 1.816414000000000059e-11 1.311338000000000001e-11 9.579518000000000420e-12 6.853240000000000392e-12 4.736449999999999674e-12 3.127563999999999940e-12 1.941926999999999870e-12 1.056290999999999906e-12
6.741187999999999730e-13 1.066870000000000078e-12 1.661497000000000024e-12 2.664432000000000132e-12 4.190327000000000266e-12 6.660158000000000225e-12 1.059602000000000073e-11 1.685171000000000030e-11 2.691057000000000011e-11 4.322418000000000293e-11 7.022329000000000339e-11 1.206839999999999991e-10 3.000620999999999931e-10 1.089012000000000013e-10 5.733782000000000094e-11 3.039177999999999796e-11 1.573490000000000154e-11 7.951774999999999406e-12 4.004646999999999789e-12 1.570024000000000096e-12 8.410427000000000378e-14 1.334229999999999910e-13 2.110331000000000078e-13 3.343793999999999918e-13 5.290279000000000182e-13 8.367727000000000217e-13 1.322516999999999988e-12 2.085930999999999950e-12 3.280782000000000025e-12 5.140144000000000236e-12 8.009343000000000398e-12 1.247573000000000060e-11 1.721250000000000001e-11 1.356371999999999989e-11 9.834053000000000203e-12 7.071274999999999674e-12 4.929531999999999841e-12 3.295928000000000130e-12 2.083376000000000068e-12 1.165445999999999960e-12 1.102389999999999961e-13 1.748943000000000084e-13 2.765858999999999918e-13 4.382306999999999918e-13 6.931836999999999961e-13 1.096300000000000085e-12 1.732226000000000095e-12 2.730843999999999991e-12 4.291817000000000068e-12 6.715698000000000209e-12 1.044199999999999933e-11 1.621478000000000131e-11 2.239387000000000099e-11 1.776386999999999992e-11 1.301457000000000035e-11 9.413926999999999939e-12 6.569866999999999636e-12 4.376843000000000276e-12 2.743125000000000189e-12 1.510736999999999967e-12 1.241643999999999884e-13 1.969912999999999949e-13 3.115061999999999798e-13 4.935473000000000088e-13 7.806177000000000454e-13 1.234421000000000077e-12 1.950206999999999911e-12 3.073672000000000113e-12 4.829202000000000005e-12 7.550014999999999712e-12 1.172411999999999952e-11 1.816414000000000059e-11 2.507055000000000125e-11 1.997678000000000083e-11 1.470764000000000134e-11 1.065688000000000053e-11 7.429986000000000447e-12 4.932619999999999635e-12 3.072489999999999967e-12 1.676104999999999955e-12
3.855858999999999817e-13 5.973391000000000432e-13 9.438266000000000852e-13 1.518091000000000019e-12 2.382249999999999871e-12 3.784332000000000237e-12 6.009455000000000065e-12 9.560977000000000610e-12 1.524708999999999941e-11 2.440165999999999965e-11 3.927840999999999883e-11 6.399240999999999874e-11 1.089012000000000013e-10 2.405578000000000169e-10 9.765371999999999559e-11 5.028682000000000120e-11 2.575147999999999964e-11 1.291422000000000028e-11 6.428447000000000023e-12 2.484858999999999802e-12 5.896020999999999571e-14 9.423699999999999518e-14 1.495435999999999950e-13 2.367676999999999949e-13 3.748556000000000148e-13 5.931939000000000499e-13 9.376971000000000758e-13 1.481037000000000003e-12 2.333512999999999934e-12 3.663379999999999684e-12 5.719575000000000092e-12 8.848923000000000745e-12 1.356371999999999989e-11 1.845133000000000030e-11 1.488687999999999846e-11 1.086831000000000057e-11 7.681939999999999880e-12 5.181163000000000225e-12 3.287206000000000200e-12 1.850667999999999885e-12 7.871923000000000414e-14 1.245748000000000126e-13 1.976984999999999982e-13 3.129862999999999969e-13 4.954835999999999831e-13 7.839817000000000298e-13 1.239033999999999908e-12 1.956400000000000024e-12 3.081034999999999907e-12 4.833186999999999810e-12 7.536314000000000516e-12 1.163369000000000028e-11 1.776386999999999992e-11 2.414537000000000135e-11 1.962354999999999992e-11 1.444298999999999963e-11 1.023210999999999971e-11 6.880525999999999676e-12 4.326774000000000038e-12 2.400367999999999855e-12 8.898085999999999967e-14 1.408089000000000040e-13 2.234684999999999984e-13 3.537743999999999814e-13 5.600348999999999889e-13 8.860012000000000476e-13 1.400249000000000045e-12 2.210596000000000005e-12 3.480645000000000059e-12 5.458516000000000164e-12 8.504933999999999675e-12 1.311338000000000001e-11 1.997678000000000083e-11 2.711632000000000092e-11 2.212918000000000043e-11 1.633725000000000089e-11 1.157014000000000022e-11 7.755342000000000297e-12 4.850605999999999779e-12 2.664294000000000037e-12
2.163005999999999902e-13 3.315833999999999803e-13 5.243055000000000422e-13 8.435329999999999560e-13 1.322808999999999922e-12 2.104551000000000127e-12 3.339337000000000072e-12 5.301166999999999600e-12 8.438489000000000557e-12 1.348555999999999934e-11 2.162510999999999852e-11 3.496639000000000001e-11 5.733782000000000094e-11 9.765371999999999559e-11 1.971308999999999980e-10 8.649177000000000396e-11 4.308743999999999881e-11 2.131072000000000070e-11 1.037244000000000018e-11 4.002890999999999892e-12 4.202974000000000126e-14 6.674825000000000540e-14 1.056799000000000029e-13 1.702375999999999925e-13 2.653867000000000065e-13 4.202357999999999833e-13 6.648825000000000197e-13 1.050934999999999904e-12 1.659214000000000042e-12 2.612829000000000114e-12 4.097837000000000122e-12 6.385198000000000355e-12 9.834053000000000203e-12 1.488687999999999846e-11 1.994961000000000066e-11 1.631763999999999952e-11 1.181226999999999931e-11 8.093799999999999298e-12 5.173914000000000000e-12 2.941098000000000117e-12 5.590543999999999912e-14 8.879142000000000265e-14 1.405392999999999997e-13 2.230189999999999961e-13 3.530004999999999962e-13 5.589366999999999523e-13 8.842352000000000328e-13 1.397292999999999911e-12 2.205683999999999833e-12 3.471902999999999893e-12 5.441844000000000051e-12 8.468485999999999303e-12 1.301457000000000035e-11 1.962354999999999992e-11 2.624000000000000128e-11 2.160366000000000127e-11 1.571357999999999856e-11 1.074751999999999983e-11 6.813805000000000368e-12 3.820736000000000250e-12 6.337952000000000164e-14 1.005738000000000046e-13 1.591824000000000064e-13 2.526110999999999999e-13 3.998276000000000017e-13 6.330666000000000038e-13 1.001460000000000056e-12 1.582418000000000094e-12 2.497649999999999965e-12 3.930772999999999936e-12 6.159220000000000083e-12 9.579518000000000420e-12 1.470764000000000134e-11 2.212918000000000043e-11 2.953752999999999804e-11 2.439523000000000045e-11 1.776198000000000102e-11 1.211596000000000000e-11 7.637260000000000518e-12 4.243737999999999905e-12
1.124796999999999948e-13 1.752473999999999990e-13 2.822052000000000222e-13 4.594028999999999993e-13 7.156618999999999881e-13 1.134002999999999929e-12 1.805067999999999958e-12 2.859367999999999818e-12 4.549329000000000193e-12 7.257183999999999867e-12 1.161202999999999975e-11 1.868999999999999892e-11 3.039177999999999796e-11 5.028682000000000120e-11 8.649177000000000396e-11 1.638685000000000117e-10 7.537487999999999356e-11 3.612644000000000212e-11 1.694739999999999865e-11 6.680055999999999824e-12 2.947763000000000169e-14 4.651692999999999756e-14 7.398388999999999768e-14 1.171821999999999942e-13 1.858398000000000045e-13 2.941907999999999888e-13 4.658016000000000092e-13 7.370032999999999763e-13 1.164857000000000032e-12 1.839126000000000175e-12 2.895962000000000055e-12 4.540997000000000022e-12 7.071274999999999674e-12 1.086831000000000057e-11 1.631763999999999952e-11 2.156062000000000027e-11 1.767452000000000050e-11 1.248002000000000037e-11 8.091026000000000627e-12 4.696375000000000171e-12 3.933527999999999731e-14 6.206207999999999418e-14 9.872558999999999817e-14 1.563283000000000045e-13 2.479899999999999864e-13 3.925081999999999814e-13 6.215117000000000163e-13 9.832885999999999427e-13 1.553909000000000018e-12 2.452907999999999952e-12 3.861187000000000317e-12 6.051725999999999815e-12 9.413926999999999939e-12 1.444298999999999963e-11 2.160366000000000127e-11 2.845838999999999906e-11 2.343980999999999885e-11 1.656332999999999865e-11 1.066695000000000071e-11 6.105730000000000076e-12 4.456664999999999696e-14 7.030846000000000493e-14 1.118529000000000060e-13 1.771110999999999934e-13 2.809662999999999980e-13 4.446909000000000111e-13 7.041324000000000219e-13 1.114759000000000016e-12 1.760290999999999936e-12 2.778636000000000076e-12 4.373435999999999703e-12 6.853240000000000392e-12 1.065688000000000053e-11 1.633725000000000089e-11 2.439523000000000045e-11 3.207139999999999923e-11 2.646235000000000104e-11 1.867419000000000042e-11 1.196342999999999924e-11 6.788849000000000328e-12
6.286298000000000292e-14 9.483637000000000003e-14 1.505013000000000082e-13 2.429451999999999956e-13 3.765290999999999975e-13 5.939448999999999929e-13 9.475009000000000668e-13 1.504114999999999998e-12 2.385108999999999950e-12 3.803086999999999989e-12 6.066095999999999884e-12 9.737392999999999280e-12 1.573490000000000154e-11 2.575147999999999964e-11 4.308743999999999881e-11 7.537487999999999356e-11 1.373368000000000018e-10 6.446163000000000025e-11 2.862861000000000114e-11 1.163184999999999956e-11 2.003102999999999843e-14 3.201277000000000052e-14 5.156748000000000071e-14 8.017537000000000575e-14 1.269099000000000043e-13 2.012947999999999876e-13 3.187308000000000034e-13 5.047066000000000337e-13 7.986253999999999708e-13 1.262561999999999967e-12 1.994000000000000187e-12 3.141350000000000140e-12 4.929531999999999841e-12 7.681939999999999880e-12 1.181226999999999931e-11 1.767452000000000050e-11 2.306864000000000095e-11 1.867317999999999900e-11 1.252626999999999970e-11 7.515592999999999195e-12 2.687495999999999997e-14 4.270254000000000067e-14 6.729955000000000630e-14 1.069331000000000020e-13 1.692144999999999905e-13 2.684715000000000239e-13 4.250864000000000011e-13 6.731068999999999740e-13 1.065763999999999981e-12 1.683635999999999996e-12 2.659302999999999902e-12 4.187938000000000083e-12 6.569866999999999636e-12 1.023210999999999971e-11 1.571357999999999856e-11 2.343980999999999885e-11 3.048788000000000034e-11 2.473164000000000144e-11 1.652433999999999944e-11 9.791496000000000145e-12 3.025085000000000206e-14 4.829989999999999900e-14 7.611155000000000197e-14 1.209431000000000100e-13 1.913797999999999990e-13 3.036493999999999804e-13 4.807659999999999933e-13 7.612929999999999955e-13 1.206680000000000065e-12 1.904031999999999858e-12 3.007667000000000133e-12 4.736449999999999674e-12 7.429986000000000447e-12 1.157014000000000022e-11 1.776198000000000102e-11 2.646235000000000104e-11 3.435151000000000213e-11 2.786836999999999912e-11 1.854775000000000001e-11 1.090408000000000053e-11
3.319145999999999759e-14 4.872227000000000117e-14 7.799961000000000291e-14 1.262129000000000074e-13 1.912485999999999925e-13 3.050197999999999823e-13 4.833267999999999919e-13 7.665394999999999974e-13 1.220249000000000004e-12 1.938749999999999994e-12 3.089560000000000014e-12 4.942560999999999663e-12 7.951774999999999406e-12 1.291422000000000028e-11 2.131072000000000070e-11 3.612644000000000212e-11 6.446163000000000025e-11 1.145658999999999967e-10 5.233621999999999931e-11 2.137677000000000121e-11 1.334383999999999951e-14 2.098294000000000013e-14 3.415661000000000106e-14 5.277543999999999757e-14 8.384012000000000283e-14 1.327143000000000053e-13 2.105425999999999909e-13 3.334327000000000177e-13 5.280576999999999583e-13 8.363921999999999911e-13 1.322042000000000033e-12 2.090053999999999850e-12 3.295928000000000130e-12 5.181163000000000225e-12 8.093799999999999298e-12 1.248002000000000037e-11 1.867317999999999900e-11 2.407001999999999925e-11 1.889191999999999893e-11 1.199129999999999960e-11 1.770131000000000048e-14 2.785486999999999976e-14 4.446774000000000183e-14 7.006584000000000258e-14 1.113209000000000013e-13 1.761626999999999972e-13 2.795580999999999859e-13 4.427057999999999876e-13 7.011565000000000123e-13 1.111765999999999930e-12 1.755421999999999949e-12 2.775449000000000082e-12 4.376843000000000276e-12 6.880525999999999676e-12 1.074751999999999983e-11 1.656332999999999865e-11 2.473164000000000144e-11 3.176904999999999820e-11 2.490964000000000007e-11 1.566472000000000153e-11 1.994374000000000012e-14 3.137703999999999759e-14 5.010222999999999845e-14 7.911512000000000277e-14 1.254176999999999948e-13 1.984930999999999926e-13 3.148408000000000068e-13 4.991293000000000147e-13 7.899891000000000351e-13 1.252676999999999954e-12 1.977911999999999943e-12 3.127563999999999940e-12 4.932619999999999635e-12 7.755342000000000297e-12 1.211596000000000000e-11 1.867419000000000042e-11 2.786836999999999912e-11 3.573715999999999956e-11 2.797487000000000154e-11 1.748066000000000036e-11
1.580932000000000028e-14 2.313451999999999870e-14 3.669030000000000220e-14 6.283858000000000355e-14 9.757661000000000371e-14 1.554605000000000119e-13 2.477248999999999798e-13 3.900260999999999753e-13 6.188479000000000333e-13 9.872374999999999118e-13 1.570105999999999974e-12 2.503217999999999967e-12 4.004646999999999789e-12 6.428447000000000023e-12 1.037244000000000018e-11 1.694739999999999865e-11 2.862861000000000114e-11 5.233621999999999931e-11 9.399679999999999950e-11 4.234682000000000070e-11 8.532223999999999703e-15 1.321827999999999989e-14 2.086912999999999917e-14 3.326046000000000088e-14 5.245743000000000012e-14 8.342605999999999389e-14 1.321103000000000010e-13 2.096374999999999991e-13 3.319047000000000165e-13 5.258273000000000489e-13 8.308381000000000360e-13 1.317196999999999966e-12 2.083376000000000068e-12 3.287206000000000200e-12 5.173914000000000000e-12 8.091026000000000627e-12 1.252626999999999970e-11 1.889191999999999893e-11 2.436816999999999915e-11 1.866676999999999842e-11 1.124608999999999969e-14 1.740773000000000016e-14 2.761749000000000062e-14 4.378365000000000297e-14 6.918442999999999917e-14 1.097774999999999960e-13 1.738779000000000118e-13 2.758459999999999941e-13 4.371878000000000206e-13 6.921537000000000499e-13 1.097156000000000056e-12 1.734061999999999927e-12 2.743125000000000189e-12 4.326774000000000038e-12 6.813805000000000368e-12 1.066695000000000071e-11 1.652433999999999944e-11 2.490964000000000007e-11 3.203938999999999683e-11 2.444183000000000148e-11 1.254434000000000062e-14 1.949051000000000045e-14 3.164451999999999853e-14 4.886185999999999916e-14 7.745243000000000494e-14 1.228989999999999896e-13 1.946580999999999892e-13 3.088288000000000219e-13 4.964665999999999598e-13 7.749779999999999518e-13 1.227708000000000084e-12 1.941926999999999870e-12 3.072489999999999967e-12 4.850605999999999779e-12 7.637260000000000518e-12 1.196342999999999924e-11 1.854775000000000001e-11 2.797487000000000154e-11 3.594404999999999930e-11 2.733403000000000081e-11
