7.862472962666718206e-09 6.179826059514276830e-10 1.201021492059826420e-09 7.877866719543759930e-10 -2.829291486670837066e-10 3.663049148386134094e-11 -8.976796920193660549e-11 -1.472754793780144720e-10 -1.208092283889137648e-10 -9.319471026363872860e-11 -2.375611428576917430e-10 -1.325988344077151771e-10 -2.283580263892967724e-10 -1.926015415257924614e-10 -1.293314311439393654e-10 -2.162588185975446125e-10 -2.188124692298860182e-10 -2.732118878295108737e-10 -2.839425703237337032e-10 -2.522055868873730711e-10
6.179826059514276830e-10 5.588804896567656529e-09 1.180249965625339323e-09 4.170299396469143343e-10 4.086233837800323271e-10 -2.168020368880616770e-10 4.631242496275531761e-11 -3.535334851100132458e-10 2.169077699375653856e-10 1.152503929647287716e-12 -2.967059947245644146e-10 -1.184744078105682120e-10 -2.970776795373904294e-11 5.810277777802149374e-11 3.858529549190067498e-11 3.727905388105674265e-11 1.378605706782056610e-11 -9.453192756647179462e-11 -4.525732328667772304e-11 -7.971179345891064961e-11
1.201021492059826420e-09 1.180249965625339323e-09 4.570178649408794592e-09 1.080405002017127748e-09 2.117705909954046187e-10 -3.404798710857757666e-10 8.428249216572622644e-11 1.067877446362874285e-10 7.669090064742586268e-11 -8.815691390793608839e-11 -8.168147970349093529e-12 3.553695691649866530e-11 -7.020153216522773075e-11 -5.039041887869295131e-12 -7.580705391095648867e-11 -7.337814214456105303e-11 -3.786102294355188464e-11 -1.828595681459423546e-12 8.926547320954504705e-11 1.372425226155894447e-10
7.877866719543759930e-10 4.170299396469143343e-10 1.080405002017127748e-09 3.433294420577774577e-09 7.988930500452553193e-10 5.734882878827902219e-12 7.623928255965902771e-11 9.148868171525148874e-11 1.199372275398210244e-10 -5.672678502338895147e-11 -1.270204601563468278e-10 -6.544003566817056850e-11 -1.172020723905783230e-10 -1.673151495956682249e-10 -1.085532378904016813e-10 -1.269411371387501712e-10 -1.707579569827803908e-10 -1.592980436169896986e-10 -9.229696627365825623e-11 -9.061847680779371429e-11
-2.829291486670837066e-10 4.086233837800323271e-10 2.117705909954046187e-10 7.988930500452553193e-10 2.154715012560478113e-09 1.771298676436403183e-10 -1.107184463553962126e-10 -1.386928209752010328e-11 1.159375016969927119e-10 3.650252749674291670e-11 -5.071360564528159128e-11 -4.579465691726297595e-11 -4.952874152940189870e-11 -1.971323598169067969e-11 -7.391675308945486065e-11 -9.164501702364379528e-11 -3.620600172219357813e-11 2.424994273950044254e-11 1.229116075534470015e-10 1.937180287538850981e-10
3.663049148386134094e-11 -2.168020368880616770e-10 -3.404798710857757666e-10 5.734882878827902219e-12 1.771298676436403183e-10 1.355547710978111577e-09 2.298304911957108702e-11 8.098994105137678995e-11 9.669087393576737509e-11 1.707197221264910059e-11 1.499710788150060799e-10 8.939932003213577089e-12 2.579811970417221274e-11 -6.038160230265910136e-11 -9.770076790606001879e-11 -2.576198014336772173e-11 2.082362139797103792e-11 1.022606810227445101e-10 1.660631211675772843e-10 1.889190295183090265e-10
-8.976796920193660549e-11 4.631242496275531761e-11 8.428249216572622644e-11 7.623928255965902771e-11 -1.107184463553962126e-10 2.298304911957108702e-11 8.738166513155568917e-10 9.531884154291311584e-11 1.164050315210015661e-10 9.019631382017408936e-11 5.786129926329781350e-11 5.434924038268977811e-11 5.614008803598253618e-11 3.831815216381320324e-11 -2.599256663887556689e-11 -9.474803758634465735e-11 -7.083214625515006436e-11 -6.806692513718531257e-11 -3.016650261922574684e-11 -1.190142056229394752e-11
-1.472754793780144720e-10 -3.535334851100132458e-10 1.067877446362874285e-10 9.148868171525148874e-11 -1.386928209752010328e-11 8.098994105137678995e-11 9.531884154291311584e-11 5.385922309015957509e-10 8.815182155938503652e-11 6.813018432569340078e-11 1.013666357901835483e-10 9.575372752698486951e-11 4.846351724153911151e-11 5.491016172047443322e-11 2.007096903258025193e-11 7.172334003968670530e-11 1.232526827654741778e-10 1.936049319629780448e-10 2.221567535168508986e-10 2.428088733518159170e-10
-1.208092283889137648e-10 2.169077699375653856e-10 7.669090064742586268e-11 1.199372275398210244e-10 1.159375016969927119e-10 9.669087393576737509e-11 1.164050315210015661e-10 8.815182155938503652e-11 5.008964735735701612e-10 1.200168607029776466e-10 1.324257575476650408e-10 -4.200577354105520074e-13 1.463730908970407145e-11 1.496142724967984599e-12 -2.979143044677205516e-11 -1.958511494802936050e-12 2.822871116641818114e-11 8.695800283780436093e-12 2.898908533800007971e-11 1.168060099499511129e-11
-9.319471026363872860e-11 1.152503929647287716e-12 -8.815691390793608839e-11 -5.672678502338895147e-11 3.650252749674291670e-11 1.707197221264910059e-11 9.019631382017408936e-11 6.813018432569340078e-11 1.200168607029776466e-10 3.750154606829703621e-10 1.194892558469584320e-10 1.179514157998295203e-11 3.802274334015000791e-11 5.665798867258857892e-11 3.330183496889092314e-11 1.279296198252358408e-11 8.161848669033967148e-12 6.151717244478894217e-11 7.528827109171077752e-11 7.966451577148620733e-11
-2.375611428576917430e-10 -2.967059947245644146e-10 -8.168147970349093529e-12 -1.270204601563468278e-10 -5.071360564528159128e-11 1.499710788150060799e-10 5.786129926329781350e-11 1.013666357901835483e-10 1.324257575476650408e-10 1.194892558469584320e-10 3.131300439005682714e-10 9.751337758108185521e-11 8.096801617682937007e-11 6.749299710219407641e-11 3.058786478624125570e-11 6.810498505300363150e-11 7.810736785907689176e-11 1.041091352645158433e-10 8.766107336405997511e-11 5.284799180246231100e-11
-1.325988344077151771e-10 -1.184744078105682120e-10 3.553695691649866530e-11 -6.544003566817056850e-11 -4.579465691726297595e-11 8.939932003213577089e-12 5.434924038268977811e-11 9.575372752698486951e-11 -4.200577354105520074e-13 1.179514157998295203e-11 9.751337758108185521e-11 1.976140425740005023e-10 1.187150841965196156e-10 8.349500752425098337e-11 9.183105842809328772e-11 1.159438760600333477e-10 1.081290852498588616e-10 1.277371864628758797e-10 1.600095845382435205e-10 1.839029801747703589e-10
-2.283580263892967724e-10 -2.970776795373904294e-11 -7.020153216522773075e-11 -1.172020723905783230e-10 -4.952874152940189870e-11 2.579811970417221274e-11 5.614008803598253618e-11 4.846351724153911151e-11 1.463730908970407145e-11 3.802274334015000791e-11 8.096801617682937007e-11 1.187150841965196156e-10 2.491242568048533432e-10 1.680800751287307591e-10 1.485778354864451593e-10 1.616818537961276912e-10 1.299395644407728825e-10 1.317400212669129934e-10 1.161121009689740366e-10 9.535347252339309125e-11
-1.926015415257924614e-10 5.810277777802149374e-11 -5.039041887869295131e-12 -1.673151495956682249e-10 -1.971323598169067969e-11 -6.038160230265910136e-11 3.831815216381320324e-11 5.491016172047443322e-11 1.496142724967984599e-12 5.665798867258857892e-11 6.749299710219407641e-11 8.349500752425098337e-11 1.680800751287307591e-10 3.080173753346956579e-10 2.739828589429393199e-10 2.730991279619924789e-10 2.783537072099283853e-10 2.781937800835742793e-10 2.837120090777326549e-10 2.473893748755510057e-10
-1.293314311439393654e-10 3.858529549190067498e-11 -7.580705391095648867e-11 -1.085532378904016813e-10 -7.391675308945486065e-11 -9.770076790606001879e-11 -2.599256663887556689e-11 2.007096903258025193e-11 -2.979143044677205516e-11 3.330183496889092314e-11 3.058786478624125570e-11 9.183105842809328772e-11 1.485778354864451593e-10 2.739828589429393199e-10 3.918357877921420095e-10 3.911438093566484088e-10 3.793570054843235210e-10 3.618428644701373682e-10 3.601456330935911931e-10 3.102670317730053525e-10
-2.162588185975446125e-10 3.727905388105674265e-11 -7.337814214456105303e-11 -1.269411371387501712e-10 -9.164501702364379528e-11 -2.576198014336772173e-11 -9.474803758634465735e-11 7.172334003968670530e-11 -1.958511494802936050e-12 1.279296198252358408e-11 6.810498505300363150e-11 1.159438760600333477e-10 1.616818537961276912e-10 2.730991279619924789e-10 3.911438093566484088e-10 5.504802048121991148e-10 5.859954235522499139e-10 5.885999592348581835e-10 5.702659175466056282e-10 4.936046257688448965e-10
-2.188124692298860182e-10 1.378605706782056610e-11 -3.786102294355188464e-11 -1.707579569827803908e-10 -3.620600172219357813e-11 2.082362139797103792e-11 -7.083214625515006436e-11 1.232526827654741778e-10 2.822871116641818114e-11 8.161848669033967148e-12 7.810736785907689176e-11 1.081290852498588616e-10 1.299395644407728825e-10 2.783537072099283853e-10 3.793570054843235210e-10 5.859954235522499139e-10 7.990932939207567485e-10 8.473576715746800744e-10 8.369984071651625548e-10 7.533490686465466941e-10
-2.732118878295108737e-10 -9.453192756647179462e-11 -1.828595681459423546e-12 -1.592980436169896986e-10 2.424994273950044254e-11 1.022606810227445101e-10 -6.806692513718531257e-11 1.936049319629780448e-10 8.695800283780436093e-12 6.151717244478894217e-11 1.041091352645158433e-10 1.277371864628758797e-10 1.317400212669129934e-10 2.781937800835742793e-10 3.618428644701373682e-10 5.885999592348581835e-10 8.473576715746800744e-10 1.088266897220672781e-09 1.156472350076341288e-09 1.120275336931395577e-09
-2.839425703237337032e-10 -4.525732328667772304e-11 8.926547320954504705e-11 -9.229696627365825623e-11 1.229116075534470015e-10 1.660631211675772843e-10 -3.016650261922574684e-11 2.221567535168508986e-10 2.898908533800007971e-11 7.528827109171077752e-11 8.766107336405997511e-11 1.600095845382435205e-10 1.161121009689740366e-10 2.837120090777326549e-10 3.601456330935911931e-10 5.702659175466056282e-10 8.369984071651625548e-10 1.156472350076341288e-09 1.474517547458560604e-09 1.588612282085725761e-09
-2.522055868873730711e-10 -7.971179345891064961e-11 1.372425226155894447e-10 -9.061847680779371429e-11 1.937180287538850981e-10 1.889190295183090265e-10 -1.190142056229394752e-11 2.428088733518159170e-10 1.168060099499511129e-11 7.966451577148620733e-11 5.284799180246231100e-11 1.839029801747703589e-10 9.535347252339309125e-11 2.473893748755510057e-10 3.102670317730053525e-10 4.936046257688448965e-10 7.533490686465466941e-10 1.120275336931395577e-09 1.588612282085725761e-09 2.044696609993628823e-09
