3.695609957737746791e-10 -6.141328086162058535e-12 4.018846959469623674e-12 3.091440743399008997e-11 3.800034269793850492e-13 -2.062669431385600115e-11 3.705271797042165558e-12 -1.458978864528663177e-11 -2.372659161656826802e-11 -1.489834823236644443e-11 -1.145547351018995018e-11 -2.785820849609946641e-11 -1.451633511071780456e-11 -1.147156070235235913e-11 5.625188724240080174e-12 -1.003874227462379458e-11 -2.492689913382993397e-12 -4.619382151286855220e-12 -4.011704668367877403e-11 -1.064709091879174535e-10
-6.141328086162058535e-12 2.762351001607331445e-10 9.373218462686828355e-12 3.795872109084670275e-11 3.800845664605048306e-11 2.136725542358913780e-11 6.092175405872962728e-12 -1.763067718959438269e-11 3.561845693408758061e-12 4.257773858212122442e-12 1.888598820899439338e-11 2.254034718210380586e-11 1.092298956986452575e-11 1.140881539161494164e-11 4.824855787669843942e-12 -6.396307652229190855e-12 -3.062011185119648518e-12 3.208457836706246336e-11 3.312596174312591236e-11 1.929700660243769686e-12
4.018846959469623674e-12 9.373218462686828355e-12 1.552938367462457769e-10 4.618063063573580960e-11 1.391051795766956897e-11 1.181626346471525143e-11 -4.850998089399857299e-12 4.639640707072339115e-12 -3.754130503753511930e-12 -1.225798910183189713e-11 -2.451646613795740082e-12 2.203708188648146351e-12 1.671143000671396387e-14 -1.027259656939405978e-12 -3.924692984797366294e-12 -9.529073167113935217e-12 -3.451859857520432365e-11 -4.284855493532261752e-11 -4.063350169012451185e-11 -4.999552498717380554e-11
3.091440743399008997e-11 3.795872109084670275e-11 4.618063063573580960e-11 1.562060547535572788e-10 4.970859131801032614e-11 2.346905423268797824e-11 1.390569028877245345e-11 1.248812271650346395e-11 9.235601320955226052e-13 4.105156830888573607e-12 8.023430540277079758e-12 2.961079004511488266e-12 -3.930252188245028199e-12 -1.006239413539888194e-11 -1.920760804187111645e-11 -3.522343021362931763e-11 -3.578409596290203265e-11 -2.830553458542997716e-11 -2.832245403112038634e-11 -2.903211825615384116e-11
3.800034269793850492e-13 3.800845664605048306e-11 1.391051795766956897e-11 4.970859131801032614e-11 9.468101726735439184e-11 2.797912206469894012e-11 1.918653561272220325e-11 3.931072503050694565e-12 1.723255924785985334e-12 3.475170503280955263e-12 3.200363149668583815e-12 -2.428825388884243563e-12 -1.058285134473290671e-11 -1.409715320758275962e-11 -2.576763801010678869e-11 -3.372708089798023924e-11 -3.436388027652795419e-11 -3.307047461083444193e-11 -4.004454024229889061e-11 -4.611890101222227561e-11
-2.062669431385600115e-11 2.136725542358913780e-11 1.181626346471525143e-11 2.346905423268797824e-11 2.797912206469894012e-11 7.125297842767610607e-11 2.780741124504022390e-11 2.160457890741432860e-11 1.619765734265524317e-11 1.765274812902124889e-11 1.197811882033778791e-11 9.882842997239755284e-12 8.726837876148772508e-12 8.471153886660439274e-12 8.641121666203888186e-12 1.903668585139841766e-11 2.552959193092149275e-11 4.336499141056569286e-11 5.456491231997732834e-11 6.430535243869689301e-11
3.705271797042165558e-12 6.092175405872962728e-12 -4.850998089399857299e-12 1.390569028877245345e-11 1.918653561272220325e-11 2.780741124504022390e-11 6.014298709739858879e-11 2.050902388893565880e-11 1.725356478357061439e-11 1.859300467416933044e-11 8.279556598396037388e-12 3.570286970691721461e-12 1.822941136057432308e-12 -3.170621063763178589e-12 -2.031219444464082025e-12 -2.943776436717122994e-12 1.684299890319181311e-12 1.101192063460340106e-11 1.111989176989573259e-11 1.399547451129766200e-11
-1.458978864528663177e-11 -1.763067718959438269e-11 4.639640707072339115e-12 1.248812271650346395e-11 3.931072503050694565e-12 2.160457890741432860e-11 2.050902388893565880e-11 4.915058846977234537e-11 2.761256729259682823e-11 2.376302419305331284e-11 1.348231342598603331e-11 8.415797510015610209e-12 8.635509512070031626e-12 5.673162322854656757e-12 9.599011109174108853e-12 1.569400911953864622e-11 1.512233064989096222e-11 1.652421645672898263e-11 1.715283213402008726e-11 2.284469987919303842e-11
-2.372659161656826802e-11 3.561845693408758061e-12 -3.754130503753511930e-12 9.235601320955226052e-13 1.723255924785985334e-12 1.619765734265524317e-11 1.725356478357061439e-11 2.761256729259682823e-11 5.635906719483868791e-11 3.909126098025775964e-11 2.432681867870082987e-11 1.764446428908266528e-11 1.420001611650597521e-11 1.155350675219048074e-11 8.342688941167987488e-12 6.317199596725196351e-12 8.410594726160177266e-12 1.889718038123345445e-11 1.601753978303793605e-11 1.626481311036345530e-11
-1.489834823236644443e-11 4.257773858212122442e-12 -1.225798910183189713e-11 4.105156830888573607e-12 3.475170503280955263e-12 1.765274812902124889e-11 1.859300467416933044e-11 2.376302419305331284e-11 3.909126098025775964e-11 5.025402236304841683e-11 3.229438936220639543e-11 2.586729641562830479e-11 2.416833421803719052e-11 2.599490049212337347e-11 2.411102972541180382e-11 1.858535565497496450e-11 1.536200108763763469e-11 3.354825989598656189e-11 4.066212219840801545e-11 5.198382887496287906e-11
-1.145547351018995018e-11 1.888598820899439338e-11 -2.451646613795740082e-12 8.023430540277079758e-12 3.200363149668583815e-12 1.197811882033778791e-11 8.279556598396037388e-12 1.348231342598603331e-11 2.432681867870082987e-11 3.229438936220639543e-11 5.101598942895857245e-11 4.428988154691438446e-11 4.109840211393554798e-11 4.752904460272773210e-11 4.979277369352383355e-11 4.769788207029136514e-11 4.613834179760861530e-11 6.140912728765591398e-11 6.017269472468668076e-11 5.798588322305997302e-11
-2.785820849609946641e-11 2.254034718210380586e-11 2.203708188648146351e-12 2.961079004511488266e-12 -2.428825388884243563e-12 9.882842997239755284e-12 3.570286970691721461e-12 8.415797510015610209e-12 1.764446428908266528e-11 2.586729641562830479e-11 4.428988154691438446e-11 6.798933851527925892e-11 6.877424208479054121e-11 7.791855342312459594e-11 8.318837359427325145e-11 8.288339575344709384e-11 7.809584318555885953e-11 8.630228822732429390e-11 8.538178188637858866e-11 8.705847244028691862e-11
-1.451633511071780456e-11 1.092298956986452575e-11 1.671143000671396387e-14 -3.930252188245028199e-12 -1.058285134473290671e-11 8.726837876148772508e-12 1.822941136057432308e-12 8.635509512070031626e-12 1.420001611650597521e-11 2.416833421803719052e-11 4.109840211393554798e-11 6.877424208479054121e-11 1.009028625965956864e-10 1.226542033250863887e-10 1.350819405372435673e-10 1.405022574728009126e-10 1.382935813658473419e-10 1.424154089796724407e-10 1.461782160658221836e-10 1.471767283029052175e-10
-1.147156070235235913e-11 1.140881539161494164e-11 -1.027259656939405978e-12 -1.006239413539888194e-11 -1.409715320758275962e-11 8.471153886660439274e-12 -3.170621063763178589e-12 5.673162322854656757e-12 1.155350675219048074e-11 2.599490049212337347e-11 4.752904460272773210e-11 7.791855342312459594e-11 1.226542033250863887e-10 1.840154183123309717e-10 2.098614071353290528e-10 2.262633910247685811e-10 2.349595805954511067e-10 2.424567803959332940e-10 2.422111597506962231e-10 2.237295073565496557e-10
5.625188724240080174e-12 4.824855787669843942e-12 -3.924692984797366294e-12 -1.920760804187111645e-11 -2.576763801010678869e-11 8.641121666203888186e-12 -2.031219444464082025e-12 9.599011109174108853e-12 8.342688941167987488e-12 2.411102972541180382e-11 4.979277369352383355e-11 8.318837359427325145e-11 1.350819405372435673e-10 2.098614071353290528e-10 2.917848773788591028e-10 3.370071932647115314e-10 3.493583001198279655e-10 3.594153932691520678e-10 3.550866250885744696e-10 3.202594858014585211e-10
-1.003874227462379458e-11 -6.396307652229190855e-12 -9.529073167113935217e-12 -3.522343021362931763e-11 -3.372708089798023924e-11 1.903668585139841766e-11 -2.943776436717122994e-12 1.569400911953864622e-11 6.317199596725196351e-12 1.858535565497496450e-11 4.769788207029136514e-11 8.288339575344709384e-11 1.405022574728009126e-10 2.262633910247685811e-10 3.370071932647115314e-10 4.657818854207236426e-10 5.130436158917695559e-10 5.422267842382362909e-10 5.467641003642738457e-10 5.010907544686402947e-10
-2.492689913382993397e-12 -3.062011185119648518e-12 -3.451859857520432365e-11 -3.578409596290203265e-11 -3.436388027652795419e-11 2.552959193092149275e-11 1.684299890319181311e-12 1.512233064989096222e-11 8.410594726160177266e-12 1.536200108763763469e-11 4.613834179760861530e-11 7.809584318555885953e-11 1.382935813658473419e-10 2.349595805954511067e-10 3.493583001198279655e-10 5.130436158917695559e-10 6.379439866294535140e-10 7.210358437076927542e-10 7.502935962819124935e-10 7.113399436092541113e-10
-4.619382151286855220e-12 3.208457836706246336e-11 -4.284855493532261752e-11 -2.830553458542997716e-11 -3.307047461083444193e-11 4.336499141056569286e-11 1.101192063460340106e-11 1.652421645672898263e-11 1.889718038123345445e-11 3.354825989598656189e-11 6.140912728765591398e-11 8.630228822732429390e-11 1.424154089796724407e-10 2.424567803959332940e-10 3.594153932691520678e-10 5.422267842382362909e-10 7.210358437076927542e-10 9.368151176429749553e-10 1.051943064080594843e-09 1.066802099891055893e-09
-4.011704668367877403e-11 3.312596174312591236e-11 -4.063350169012451185e-11 -2.832245403112038634e-11 -4.004454024229889061e-11 5.456491231997732834e-11 1.111989176989573259e-11 1.715283213402008726e-11 1.601753978303793605e-11 4.066212219840801545e-11 6.017269472468668076e-11 8.538178188637858866e-11 1.461782160658221836e-10 2.422111597506962231e-10 3.550866250885744696e-10 5.467641003642738457e-10 7.502935962819124935e-10 1.051943064080594843e-09 1.380890312608207913e-09 1.551591179789988871e-09
-1.064709091879174535e-10 1.929700660243769686e-12 -4.999552498717380554e-11 -2.903211825615384116e-11 -4.611890101222227561e-11 6.430535243869689301e-11 1.399547451129766200e-11 2.284469987919303842e-11 1.626481311036345530e-11 5.198382887496287906e-11 5.798588322305997302e-11 8.705847244028691862e-11 1.471767283029052175e-10 2.237295073565496557e-10 3.202594858014585211e-10 5.010907544686402947e-10 7.113399436092541113e-10 1.066802099891055893e-09 1.551591179789988871e-09 1.993778553212485020e-09
