3.234133920180486940e-05 3.105474362290821605e-05 3.193331551262205850e-05 3.204707384758792967e-05 3.152277708899259458e-05 3.169392013294539177e-05 3.143647242991085380e-05 3.076355659906196248e-05 3.021162046189926876e-05 2.943681185434812288e-05 2.873561605191526282e-05 2.775321099731668494e-05 2.687833528378111175e-05 2.516421086463037802e-05 2.289358208462382397e-05 2.009674641828862969e-05 1.657767132386388717e-05 1.264792633269065275e-05 8.120060971181398420e-06 3.723213386945020100e-06
3.105474362290821605e-05 3.192754786104963906e-05 3.203423346215778054e-05 3.189277435928094016e-05 3.142191100997084654e-05 3.165376074969391553e-05 3.139084222728277113e-05 3.062952070325338378e-05 3.011035993158913616e-05 2.932807131443224214e-05 2.855717290788901700e-05 2.757230536683755596e-05 2.670237014442769789e-05 2.503666618090486589e-05 2.279033014476402903e-05 1.997014665732760923e-05 1.634681975391322084e-05 1.215085883456024067e-05 7.433941719358568869e-06 2.859303175251163550e-06
3.193331551262205850e-05 3.203423346215778054e-05 3.345971666358139748e-05 3.303845381546654023e-05 3.252884427753035840e-05 3.274542550847850132e-05 3.248018945168564973e-05 3.173643501616699159e-05 3.119482530647538199e-05 3.046013615896104194e-05 2.975069096373041003e-05 2.871481344959011335e-05 2.776299764951108129e-05 2.606191122492320105e-05 2.375998594127130050e-05 2.080317211754291224e-05 1.703418217366915849e-05 1.270958499400220210e-05 7.822250335833933152e-06 3.085039399095032848e-06
3.204707384758792967e-05 3.189277435928094016e-05 3.303845381546654023e-05 3.345970116903397313e-05 3.256331833202018099e-05 3.285283666667068806e-05 3.256856484499910599e-05 3.187806988147991118e-05 3.132615593926415100e-05 3.056562603717211070e-05 2.983908591497203282e-05 2.879690597208286651e-05 2.782647801418241994e-05 2.605217687202808524e-05 2.373749963698932358e-05 2.080917084779724730e-05 1.706014807226983107e-05 1.283223517989427659e-05 7.976008311581557288e-06 3.332176309262937213e-06
3.152277708899259458e-05 3.142191100997084654e-05 3.252884427753035840e-05 3.256331833202018099e-05 3.234427308498293160e-05 3.241479038004762306e-05 3.212657095470510866e-05 3.144384490396350793e-05 3.095512667990869376e-05 3.022974817021325034e-05 2.950425770314807082e-05 2.846866822609689506e-05 2.750949687972604107e-05 2.577939544616046175e-05 2.344887338289651182e-05 2.050731466341938007e-05 1.674099821284999351e-05 1.245302528439201432e-05 7.632370551614233120e-06 3.016233732244364759e-06
3.169392013294539177e-05 3.165376074969391553e-05 3.274542550847850132e-05 3.285283666667068806e-05 3.241479038004762306e-05 3.295354038077119812e-05 3.260332525634753695e-05 3.193512505939037947e-05 3.139359735070544242e-05 3.067806534806815006e-05 2.994151109188493266e-05 2.885591492634257429e-05 2.786581523551150157e-05 2.611991923239515346e-05 2.374479102723642111e-05 2.073664452945605426e-05 1.688149611888499079e-05 1.255225627256235773e-05 7.618953442460367184e-06 2.910172877254375296e-06
3.143647242991085380e-05 3.139084222728277113e-05 3.248018945168564973e-05 3.256856484499910599e-05 3.212657095470510866e-05 3.260332525634753695e-05 3.258756282430080783e-05 3.185958940536328933e-05 3.134795742197343820e-05 3.066517556325797436e-05 2.997619225253264532e-05 2.891462402603975276e-05 2.794787795969855219e-05 2.618451888240869114e-05 2.375666393980017303e-05 2.071381681123679133e-05 1.686136618368690209e-05 1.249298005193041680e-05 7.484849599443058297e-06 2.741636236277815248e-06
3.076355659906196248e-05 3.062952070325338378e-05 3.173643501616699159e-05 3.187806988147991118e-05 3.144384490396350793e-05 3.193512505939037947e-05 3.185958940536328933e-05 3.142724393753179102e-05 3.094370192637533923e-05 3.028950531828989139e-05 2.963756244613285473e-05 2.859091157617241503e-05 2.763821399180935477e-05 2.593250715575981324e-05 2.352972150610107484e-05 2.055144843032716647e-05 1.678097280137125523e-05 1.244863634852261747e-05 7.456749612147014512e-06 2.757882398164403788e-06
3.021162046189926876e-05 3.011035993158913616e-05 3.119482530647538199e-05 3.132615593926415100e-05 3.095512667990869376e-05 3.139359735070544242e-05 3.134795742197343820e-05 3.094370192637533923e-05 3.068449936234739775e-05 3.007045499967454596e-05 2.945719661050132660e-05 2.844036975437168465e-05 2.748696978580638848e-05 2.576642339857370545e-05 2.334897590962691804e-05 2.036828902685407103e-05 1.662466178378586130e-05 1.226014100350852419e-05 7.274726208506784242e-06 2.592889589067112132e-06
2.943681185434812288e-05 2.932807131443224214e-05 3.046013615896104194e-05 3.056562603717211070e-05 3.022974817021325034e-05 3.067806534806815006e-05 3.066517556325797436e-05 3.028950531828989139e-05 3.007045499967454596e-05 2.964524756737328722e-05 2.907875450371261557e-05 2.812343592591617513e-05 2.718746437374634740e-05 2.550921481492310182e-05 2.309699804000311347e-05 2.013281698520684869e-05 1.643563700255180215e-05 1.209069207502475313e-05 7.113880954750588855e-06 2.456464879603692112e-06
2.873561605191526282e-05 2.855717290788901700e-05 2.975069096373041003e-05 2.983908591497203282e-05 2.950425770314807082e-05 2.994151109188493266e-05 2.997619225253264532e-05 2.963756244613285473e-05 2.945719661050132660e-05 2.907875450371261557e-05 2.871192882913976106e-05 2.786848201457940892e-05 2.696963955033590679e-05 2.535690365466516076e-05 2.298509915173202234e-05 2.006748408848056035e-05 1.640968566442251218e-05 1.210224894017882307e-05 7.169825237736777541e-06 2.561075203133352497e-06
2.775321099731668494e-05 2.757230536683755596e-05 2.871481344959011335e-05 2.879690597208286651e-05 2.846866822609689506e-05 2.885591492634257429e-05 2.891462402603975276e-05 2.859091157617241503e-05 2.844036975437168465e-05 2.812343592591617513e-05 2.786848201457940892e-05 2.729621417834523966e-05 2.653239877579852143e-05 2.505146319958239000e-05 2.278425160466619978e-05 1.998192423158542299e-05 1.643309334666039818e-05 1.220295159445818918e-05 7.360781278890832978e-06 2.776615808249611270e-06
2.687833528378111175e-05 2.670237014442769789e-05 2.776299764951108129e-05 2.782647801418241994e-05 2.750949687972604107e-05 2.786581523551150157e-05 2.794787795969855219e-05 2.763821399180935477e-05 2.748696978580638848e-05 2.718746437374634740e-05 2.696963955033590679e-05 2.653239877579852143e-05 2.604763861418684442e-05 2.472708055297945018e-05 2.258776189949811459e-05 1.991730270888853328e-05 1.646666172079336185e-05 1.231502856038250154e-05 7.512991981946438540e-06 2.965571841689462220e-06
2.516421086463037802e-05 2.503666618090486589e-05 2.606191122492320105e-05 2.605217687202808524e-05 2.577939544616046175e-05 2.611991923239515346e-05 2.618451888240869114e-05 2.593250715575981324e-05 2.576642339857370545e-05 2.550921481492310182e-05 2.535690365466516076e-05 2.505146319958239000e-05 2.472708055297945018e-05 2.375829889599510441e-05 2.188542017676205442e-05 1.943779238495843637e-05 1.615490475674127919e-05 1.217784980365954732e-05 7.594458159412158010e-06 3.141871471049199801e-06
2.289358208462382397e-05 2.279033014476402903e-05 2.375998594127130050e-05 2.373749963698932358e-05 2.344887338289651182e-05 2.374479102723642111e-05 2.375666393980017303e-05 2.352972150610107484e-05 2.334897590962691804e-05 2.309699804000311347e-05 2.298509915173202234e-05 2.278425160466619978e-05 2.258776189949811459e-05 2.188542017676205442e-05 2.047038344260124050e-05 1.845848225742193239e-05 1.556606412301714428e-05 1.196123098546064361e-05 7.743677863936233912e-06 3.513981690826192138e-06
2.009674641828862969e-05 1.997014665732760923e-05 2.080317211754291224e-05 2.080917084779724730e-05 2.050731466341938007e-05 2.073664452945605426e-05 2.071381681123679133e-05 2.055144843032716647e-05 2.036828902685407103e-05 2.013281698520684869e-05 2.006748408848056035e-05 1.998192423158542299e-05 1.991730270888853328e-05 1.943779238495843637e-05 1.845848225742193239e-05 1.714352174492269200e-05 1.487930043456870859e-05 1.181620015165042290e-05 8.072178376886437657e-06 4.144030058899133973e-06
1.657767132386388717e-05 1.634681975391322084e-05 1.703418217366915849e-05 1.706014807226983107e-05 1.674099821284999351e-05 1.688149611888499079e-05 1.686136618368690209e-05 1.678097280137125523e-05 1.662466178378586130e-05 1.643563700255180215e-05 1.640968566442251218e-05 1.643309334666039818e-05 1.646666172079336185e-05 1.615490475674127919e-05 1.556606412301714428e-05 1.487930043456870859e-05 1.363805585116559321e-05 1.138622385548816813e-05 8.263766110492233363e-06 4.775070431115249232e-06
1.264792633269065275e-05 1.215085883456024067e-05 1.270958499400220210e-05 1.283223517989427659e-05 1.245302528439201432e-05 1.255225627256235773e-05 1.249298005193041680e-05 1.244863634852261747e-05 1.226014100350852419e-05 1.209069207502475313e-05 1.210224894017882307e-05 1.220295159445818918e-05 1.231502856038250154e-05 1.217784980365954732e-05 1.196123098546064361e-05 1.181620015165042290e-05 1.138622385548816813e-05 1.043422694759157078e-05 8.362610830436198136e-06 5.593473934322766558e-06
8.120060971181398420e-06 7.433941719358568869e-06 7.822250335833933152e-06 7.976008311581557288e-06 7.632370551614233120e-06 7.618953442460367184e-06 7.484849599443058297e-06 7.456749612147014512e-06 7.274726208506784242e-06 7.113880954750588855e-06 7.169825237736777541e-06 7.360781278890832978e-06 7.512991981946438540e-06 7.594458159412158010e-06 7.743677863936233912e-06 8.072178376886437657e-06 8.263766110492233363e-06 8.362610830436198136e-06 7.839133208551684644e-06 6.286197510356577705e-06
3.723213386945020100e-06 2.859303175251163550e-06 3.085039399095032848e-06 3.332176309262937213e-06 3.016233732244364759e-06 2.910172877254375296e-06 2.741636236277815248e-06 2.757882398164403788e-06 2.592889589067112132e-06 2.456464879603692112e-06 2.561075203133352497e-06 2.776615808249611270e-06 2.965571841689462220e-06 3.141871471049199801e-06 3.513981690826192138e-06 4.144030058899133973e-06 4.775070431115249232e-06 5.593473934322766558e-06 6.286197510356577705e-06 6.507322966340740204e-06
