4.240592656296055528e-08 2.888933264005195618e-09 3.319229223086660193e-09 1.795585182894299415e-09 2.538292133004039474e-10 3.125453322731066350e-09 2.448536191838912344e-09 5.802538729027556578e-10 7.375057841674523402e-10 -2.590064833215326890e-10 1.758396246853760939e-09 3.923257980103733570e-10 -5.465485310838890396e-11 -3.931949145961089955e-10 -9.491229546805651370e-10 -2.946534093446780527e-10 -3.176263224897147581e-10 -1.263422926251340367e-11 1.390475571776993392e-10 3.681286766484981080e-10
2.888933264005195618e-09 4.062248305172260099e-08 4.346470600414396776e-09 3.620997932329984036e-09 -1.194896059399879333e-09 -2.231367545579878882e-09 2.030106377268901222e-09 9.580886010234561382e-11 1.810115994899145379e-09 7.829938682646722428e-10 3.319471054565614900e-11 3.059062581005922242e-10 -4.203349217568561739e-10 -4.845245483745225654e-12 1.752391003487236084e-10 -2.561239404788598355e-10 -5.022614362367217281e-10 -1.449852977068762665e-10 7.449534531553680354e-11 2.194553475159930105e-10
3.319229223086660193e-09 4.346470600414396776e-09 2.230806165270892810e-08 1.224977945091384318e-09 -8.526510245454398137e-10 -9.855485355724864926e-10 6.235755159495267346e-11 -6.048997994703934646e-10 4.956731350997207712e-10 2.509903756319861447e-10 1.765277090550180564e-10 4.787303681175287844e-10 -1.860658473267832622e-11 -3.826683589197318131e-10 -8.580205222376595152e-11 1.286280330409594390e-11 1.210475225180615527e-10 2.900361445636319364e-10 6.781699400987251823e-11 2.595220247249756280e-11
1.795585182894299415e-09 3.620997932329984036e-09 1.224977945091384318e-09 1.687266326450758093e-08 1.477426892336507232e-09 1.038410927632248996e-09 6.737036642055994694e-10 1.513435683241014704e-09 5.525377369363697176e-10 -4.511723705772940695e-10 2.690385398329382022e-10 6.547271834932862175e-11 -2.970444252376871868e-11 -3.361923532636538544e-10 -6.455896011130321233e-10 -3.367576302380995166e-10 -2.941412558193300860e-10 -3.320105654989057233e-10 -2.348622645876487192e-10 7.964429539266920269e-11
2.538292133004039474e-10 -1.194896059399879333e-09 -8.526510245454398137e-10 1.477426892336507232e-09 8.921092083134408213e-09 8.100086516581604259e-10 6.684120754940390083e-10 8.808922646468691553e-10 2.681856353239367756e-10 2.497189942883934371e-10 4.424585932822938648e-11 5.088948128832764851e-10 1.287307807374192527e-10 -1.633066556610651073e-10 -2.849965286146290679e-10 -1.409088796488865752e-10 -8.005660679357023329e-11 -6.448561521467672103e-11 -1.301965561933820536e-11 2.642911927279833840e-11
3.125453322731066350e-09 -2.231367545579878882e-09 -9.855485355724864926e-10 1.038410927632248996e-09 8.100086516581604259e-10 5.701340642274198717e-09 -1.188373207947270124e-10 1.053295962553451612e-10 2.077115923584751722e-10 -1.753540966573735707e-10 9.251271598774088902e-11 2.657501961244963400e-10 1.816133408353078908e-10 1.282615592205424620e-10 -1.988806018489604271e-10 -2.598791260082464976e-11 1.126769601987286382e-10 1.202127939205565027e-10 -4.142219078271407926e-11 -2.104282535440804554e-11
2.448536191838912344e-09 2.030106377268901222e-09 6.235755159495267346e-11 6.737036642055994694e-10 6.684120754940390083e-10 -1.188373207947270124e-10 4.183701686582830675e-09 3.087447043731559468e-10 1.409645634186696357e-10 4.101050152927827662e-10 7.239150684652115358e-11 2.302259532914710210e-11 -1.587323029841598748e-10 -1.840348289647849042e-10 -2.621870320777201267e-10 -9.014378758890818065e-11 -1.668249264574496379e-11 4.256179423161063737e-11 2.810595218423381138e-11 5.423901264693068358e-11
5.802538729027556578e-10 9.580886010234561382e-11 -6.048997994703934646e-10 1.513435683241014704e-09 8.808922646468691553e-10 1.053295962553451612e-10 3.087447043731559468e-10 3.077400533003900010e-09 6.316975520214450023e-10 5.299972282177143842e-11 2.045033699577117726e-10 5.891476332741862035e-11 9.016456494992602115e-11 4.338617786084345935e-11 -4.777209460057163278e-12 1.299343905606681875e-10 -1.419743553613430379e-11 7.169384620928208176e-11 -9.648635388458139191e-11 -8.203108141986291748e-11
7.375057841674523402e-10 1.810115994899145379e-09 4.956731350997207712e-10 5.525377369363697176e-10 2.681856353239367756e-10 2.077115923584751722e-10 1.409645634186696357e-10 6.316975520214450023e-10 2.420591874173966678e-09 4.445027179902904975e-10 2.992457199048086611e-10 3.613925444465945546e-10 2.490114940593112777e-10 7.970908461897016930e-11 5.322663142215321569e-11 8.002389973211457417e-11 1.284818300764886562e-10 6.757045062545965057e-11 -4.356257927790658942e-11 -1.538684786990546521e-14
-2.590064833215326890e-10 7.829938682646722428e-10 2.509903756319861447e-10 -4.511723705772940695e-10 2.497189942883934371e-10 -1.753540966573735707e-10 4.101050152927827662e-10 5.299972282177143842e-11 4.445027179902904975e-10 1.253697212938296396e-09 2.922689655856632667e-10 1.846712831859733284e-10 1.516607952709223007e-10 1.490132251181175382e-11 -1.201102621405383435e-11 2.632731410773216607e-11 6.727259439530254706e-11 -3.832954854155299108e-12 -1.185769660075750994e-11 -5.894578372828628741e-11
1.758396246853760939e-09 3.319471054565614900e-11 1.765277090550180564e-10 2.690385398329382022e-10 4.424585932822938648e-11 9.251271598774088902e-11 7.239150684652115358e-11 2.045033699577117726e-10 2.992457199048086611e-10 2.922689655856632667e-10 1.063739332166638317e-09 2.937368998132199348e-10 1.075118325187138952e-10 -3.852633272753094997e-11 -2.338271241463853735e-11 -3.969942385124800662e-11 -1.040254895604525456e-11 7.610815020726634981e-11 8.723489773663329497e-11 7.502559114380916811e-11
3.923257980103733570e-10 3.059062581005922242e-10 4.787303681175287844e-10 6.547271834932862175e-11 5.088948128832764851e-10 2.657501961244963400e-10 2.302259532914710210e-11 5.891476332741862035e-11 3.613925444465945546e-10 1.846712831859733284e-10 2.937368998132199348e-10 9.601032553354374000e-10 2.125347987806916460e-10 3.427550609375669660e-11 2.645773871320986594e-11 7.437464421433946979e-11 2.153408340735829884e-11 1.511209813154995731e-11 -4.261233433809286486e-11 -1.592845337518997364e-11
-5.465485310838890396e-11 -4.203349217568561739e-10 -1.860658473267832622e-11 -2.970444252376871868e-11 1.287307807374192527e-10 1.816133408353078908e-10 -1.587323029841598748e-10 9.016456494992602115e-11 2.490114940593112777e-10 1.516607952709223007e-10 1.075118325187138952e-10 2.125347987806916460e-10 4.864550753558837827e-10 2.275896341042406753e-10 1.132293184796034939e-10 1.245825222266898482e-10 1.098510342086742262e-10 8.863292872471492493e-11 4.164714813751756309e-11 7.096752753168685376e-12
-3.931949145961089955e-10 -4.845245483745225654e-12 -3.826683589197318131e-10 -3.361923532636538544e-10 -1.633066556610651073e-10 1.282615592205424620e-10 -1.840348289647849042e-10 4.338617786084345935e-11 7.970908461897016930e-11 1.490132251181175382e-11 -3.852633272753094997e-11 3.427550609375669660e-11 2.275896341042406753e-10 4.985753682819773021e-10 2.463681363816460981e-10 1.575249811993543425e-10 1.100848136273427486e-10 7.708668447979240196e-11 1.549277412392277899e-11 5.788780513817833406e-13
-9.491229546805651370e-10 1.752391003487236084e-10 -8.580205222376595152e-11 -6.455896011130321233e-10 -2.849965286146290679e-10 -1.988806018489604271e-10 -2.621870320777201267e-10 -4.777209460057163278e-12 5.322663142215321569e-11 -1.201102621405383435e-11 -2.338271241463853735e-11 2.645773871320986594e-11 1.132293184796034939e-10 2.463681363816460981e-10 4.643703498913226619e-10 2.309761091520923902e-10 1.290513919311530971e-10 7.367607512417905519e-11 4.411057918989919574e-11 1.588758862498995041e-11
-2.946534093446780527e-10 -2.561239404788598355e-10 1.286280330409594390e-11 -3.367576302380995166e-10 -1.409088796488865752e-10 -2.598791260082464976e-11 -9.014378758890818065e-11 1.299343905606681875e-10 8.002389973211457417e-11 2.632731410773216607e-11 -3.969942385124800662e-11 7.437464421433946979e-11 1.245825222266898482e-10 1.575249811993543425e-10 2.309761091520923902e-10 3.270617622081018678e-10 1.409324714524513901e-10 5.532533288150674420e-11 2.010282748444495022e-11 4.600061450926878211e-12
-3.176263224897147581e-10 -5.022614362367217281e-10 1.210475225180615527e-10 -2.941412558193300860e-10 -8.005660679357023329e-11 1.126769601987286382e-10 -1.668249264574496379e-11 -1.419743553613430379e-11 1.284818300764886562e-10 6.727259439530254706e-11 -1.040254895604525456e-11 2.153408340735829884e-11 1.098510342086742262e-10 1.100848136273427486e-10 1.290513919311530971e-10 1.409324714524513901e-10 2.629363849451359527e-10 1.556357889912218921e-10 6.897681717583791387e-11 1.793245128116797919e-11
-1.263422926251340367e-11 -1.449852977068762665e-10 2.900361445636319364e-10 -3.320105654989057233e-10 -6.448561521467672103e-11 1.202127939205565027e-10 4.256179423161063737e-11 7.169384620928208176e-11 6.757045062545965057e-11 -3.832954854155299108e-12 7.610815020726634981e-11 1.511209813154995731e-11 8.863292872471492493e-11 7.708668447979240196e-11 7.367607512417905519e-11 5.532533288150674420e-11 1.556357889912218921e-10 3.160021964578621455e-10 1.481010058869699667e-10 4.807089207671757001e-11
1.390475571776993392e-10 7.449534531553680354e-11 6.781699400987251823e-11 -2.348622645876487192e-10 -1.301965561933820536e-11 -4.142219078271407926e-11 2.810595218423381138e-11 -9.648635388458139191e-11 -4.356257927790658942e-11 -1.185769660075750994e-11 8.723489773663329497e-11 -4.261233433809286486e-11 4.164714813751756309e-11 1.549277412392277899e-11 4.411057918989919574e-11 2.010282748444495022e-11 6.897681717583791387e-11 1.481010058869699667e-10 1.991085691535589130e-10 9.135202315134163499e-11
3.681286766484981080e-10 2.194553475159930105e-10 2.595220247249756280e-11 7.964429539266920269e-11 2.642911927279833840e-11 -2.104282535440804554e-11 5.423901264693068358e-11 -8.203108141986291748e-11 -1.538684786990546521e-14 -5.894578372828628741e-11 7.502559114380916811e-11 -1.592845337518997364e-11 7.096752753168685376e-12 5.788780513817833406e-13 1.588758862498995041e-11 4.600061450926878211e-12 1.793245128116797919e-11 4.807089207671757001e-11 9.135202315134163499e-11 1.530543065327691400e-10
