1.736389473456552813e-09 3.171807492387697387e-10 3.241668230636829406e-10 1.589627134437040962e-10 4.970292661136196851e-11 3.955864224726702761e-11 -1.052546958344268708e-10 3.061893144173847739e-11 -1.852317732668455646e-12 2.259585932552453977e-12 -2.082277878651013861e-11 2.663931004687574079e-11 8.588796969289768614e-11 8.854562418155862348e-11 1.696782115790181412e-10 1.921044545655474045e-10 1.722260545929381521e-10 3.631479159238736311e-10 4.685030026247624844e-10 3.793014718796181773e-10
3.171807492387697387e-10 1.821318907699710575e-09 2.834165600707465543e-10 1.583096267702151632e-10 1.562832154396063548e-10 1.180200299124612864e-10 -1.733310707489053849e-11 9.683137676938419396e-11 1.436897273269429830e-10 1.858639986092437624e-10 1.731185984934863350e-10 9.081308862836355825e-11 1.990849519467555356e-10 1.803453751763226743e-10 2.621667024918333790e-10 3.013030483319320034e-10 2.489490731515765353e-10 1.848960471527932891e-10 2.148423222240087955e-10 3.307254707968198662e-10
3.241668230636829406e-10 2.834165600707465543e-10 1.110116423167606332e-09 2.360709640354038532e-10 1.011271304935000133e-10 8.957971940086674509e-11 -2.176774683676669935e-12 4.455104694802079180e-11 -2.569549108393570481e-12 7.334350901030120833e-11 1.348869998045134777e-10 1.669888733143675866e-10 2.590488519729493679e-10 2.755723084106407086e-10 2.305025399122817077e-10 1.596688374506954802e-10 1.458467020719407655e-10 2.069064580537486421e-10 2.923523295311534259e-10 3.310795027382263258e-10
1.589627134437040962e-10 1.583096267702151632e-10 2.360709640354038532e-10 8.279859371623711362e-10 1.253461996304925679e-10 1.288812620771162294e-10 5.895831665915107814e-11 7.901594855567713880e-11 6.470180442571235493e-11 1.566365591565189335e-10 1.334843779031287440e-10 9.815138938579856170e-11 4.737985986128645005e-11 8.654111098128140111e-11 1.224362907032435306e-10 1.719668135626039376e-10 2.071123853323952102e-10 2.313972184216256230e-10 2.986809977988057552e-10 3.980227471944975640e-10
4.970292661136196851e-11 1.562832154396063548e-10 1.011271304935000133e-10 1.253461996304925679e-10 5.860690159903212882e-10 2.169682992286732097e-10 1.420796245613206325e-10 1.109965970811457053e-10 5.920898186361771960e-11 3.836522762289559389e-11 2.082435891157132105e-11 9.174576400507990084e-12 2.690989355401339207e-11 1.065450048032996994e-11 -1.959211803616916859e-11 -5.854429109426547768e-11 6.884906457890308007e-13 -3.656862603947366586e-12 -7.552960512568955896e-11 -2.344302367008157385e-10
3.955864224726702761e-11 1.180200299124612864e-10 8.957971940086674509e-11 1.288812620771162294e-10 2.169682992286732097e-10 4.352707601797805837e-10 1.897351422081912620e-10 1.371849778848750471e-10 9.994506261625159258e-11 9.436188158318261511e-11 6.731857866374521999e-11 6.205490325301949350e-11 8.445038917113935332e-11 9.771038369419350515e-11 1.056492304326928920e-10 1.231803081340975625e-10 2.230938005263813443e-10 3.418285187298373596e-10 3.570664471740363825e-10 2.863770586492013223e-10
-1.052546958344268708e-10 -1.733310707489053849e-11 -2.176774683676669935e-12 5.895831665915107814e-11 1.420796245613206325e-10 1.897351422081912620e-10 3.403000896071289563e-10 1.864307048744855616e-10 1.704809210906557098e-10 1.202807193917097815e-10 7.714254222605318293e-11 4.211398475605223999e-11 -6.493490306839190901e-12 3.133354713074094512e-11 2.021418617198527011e-11 -1.493091423089785659e-11 3.646939991688161613e-11 7.482096008632617613e-11 6.640677379019647384e-11 3.723952122254430386e-11
3.061893144173847739e-11 9.683137676938419396e-11 4.455104694802079180e-11 7.901594855567713880e-11 1.109965970811457053e-10 1.371849778848750471e-10 1.864307048744855616e-10 3.569038452160394584e-10 2.390199437913665274e-10 1.822088300793163262e-10 1.531240946687141151e-10 6.194181255601044543e-11 3.040165718020203296e-11 -2.845071984583911317e-11 -5.961415462417858202e-11 -6.105685299679434515e-11 -3.312514930780950351e-11 4.128743928629375177e-11 7.033611160436635424e-11 5.460526940749129870e-11
-1.852317732668455646e-12 1.436897273269429830e-10 -2.569549108393570481e-12 6.470180442571235493e-11 5.920898186361771960e-11 9.994506261625159258e-11 1.704809210906557098e-10 2.390199437913665274e-10 3.728413489172481781e-10 2.771848669658512099e-10 2.177659354399833395e-10 1.108580082564603237e-10 6.387501868431272672e-11 1.709060144132523648e-11 1.744473526178355126e-11 -2.042286853766925634e-11 -1.426989324295278565e-11 9.355484517884885422e-12 9.578395262492816526e-11 1.976980917860492274e-10
2.259585932552453977e-12 1.858639986092437624e-10 7.334350901030120833e-11 1.566365591565189335e-10 3.836522762289559389e-11 9.436188158318261511e-11 1.202807193917097815e-10 1.822088300793163262e-10 2.771848669658512099e-10 3.926008540023979533e-10 3.422158601098564579e-10 2.509269688733338664e-10 1.757959800530432758e-10 1.026035935415892290e-10 9.957254060609743069e-11 1.142981285686771592e-10 1.338934672386202621e-10 1.836155116401981234e-10 2.872087787197117968e-10 3.741403414884422641e-10
-2.082277878651013861e-11 1.731185984934863350e-10 1.348869998045134777e-10 1.334843779031287440e-10 2.082435891157132105e-11 6.731857866374521999e-11 7.714254222605318293e-11 1.531240946687141151e-10 2.177659354399833395e-10 3.422158601098564579e-10 4.587300472620693360e-10 4.127132107819971581e-10 3.574303036903807598e-10 2.672516762671237029e-10 2.459886337215005614e-10 2.446984330356276633e-10 2.128521152461885764e-10 2.018979425107160539e-10 2.840261403016545925e-10 3.737160773355937986e-10
2.663931004687574079e-11 9.081308862836355825e-11 1.669888733143675866e-10 9.815138938579856170e-11 9.174576400507990084e-12 6.205490325301949350e-11 4.211398475605223999e-11 6.194181255601044543e-11 1.108580082564603237e-10 2.509269688733338664e-10 4.127132107819971581e-10 6.173539693226435586e-10 6.240770055181501506e-10 5.671961299016793402e-10 5.095417834258847765e-10 4.426136486688357765e-10 3.446259318854891815e-10 3.105515587920303067e-10 4.401189391782419279e-10 5.351372878965884758e-10
8.588796969289768614e-11 1.990849519467555356e-10 2.590488519729493679e-10 4.737985986128645005e-11 2.690989355401339207e-11 8.445038917113935332e-11 -6.493490306839190901e-12 3.040165718020203296e-11 6.387501868431272672e-11 1.757959800530432758e-10 3.574303036903807598e-10 6.240770055181501506e-10 8.804341718023034022e-10 9.338723333685576356e-10 8.924246865087747385e-10 7.873441584078604534e-10 6.635908190718851688e-10 6.069632991647413052e-10 6.759158247423486366e-10 6.404219777200965450e-10
8.854562418155862348e-11 1.803453751763226743e-10 2.755723084106407086e-10 8.654111098128140111e-11 1.065450048032996994e-11 9.771038369419350515e-11 3.133354713074094512e-11 -2.845071984583911317e-11 1.709060144132523648e-11 1.026035935415892290e-10 2.672516762671237029e-10 5.671961299016793402e-10 9.338723333685576356e-10 1.398469115234237198e-09 1.510054648863518571e-09 1.424991737735691460e-09 1.269008991680190760e-09 1.181124425920681299e-09 1.191181687307446970e-09 1.032623031919803640e-09
1.696782115790181412e-10 2.621667024918333790e-10 2.305025399122817077e-10 1.224362907032435306e-10 -1.959211803616916859e-11 1.056492304326928920e-10 2.021418617198527011e-11 -5.961415462417858202e-11 1.744473526178355126e-11 9.957254060609743069e-11 2.459886337215005614e-10 5.095417834258847765e-10 8.924246865087747385e-10 1.510054648863518571e-09 1.903630470018475695e-09 2.035511563708782621e-09 1.922159734509615969e-09 1.834531089106267918e-09 1.799105625115851045e-09 1.535350477744730674e-09
1.921044545655474045e-10 3.013030483319320034e-10 1.596688374506954802e-10 1.719668135626039376e-10 -5.854429109426547768e-11 1.231803081340975625e-10 -1.493091423089785659e-11 -6.105685299679434515e-11 -2.042286853766925634e-11 1.142981285686771592e-10 2.446984330356276633e-10 4.426136486688357765e-10 7.873441584078604534e-10 1.424991737735691460e-09 2.035511563708782621e-09 2.768335554203332556e-09 2.913390616233292334e-09 2.942015289984508611e-09 2.818274118203054942e-09 2.403011050198374745e-09
1.722260545929381521e-10 2.489490731515765353e-10 1.458467020719407655e-10 2.071123853323952102e-10 6.884906457890308007e-13 2.230938005263813443e-10 3.646939991688161613e-11 -3.312514930780950351e-11 -1.426989324295278565e-11 1.338934672386202621e-10 2.128521152461885764e-10 3.446259318854891815e-10 6.635908190718851688e-10 1.269008991680190760e-09 1.922159734509615969e-09 2.913390616233292334e-09 3.624654485996185515e-09 3.976085956064816720e-09 3.779435303208060443e-09 3.176033502549537863e-09
3.631479159238736311e-10 1.848960471527932891e-10 2.069064580537486421e-10 2.313972184216256230e-10 -3.656862603947366586e-12 3.418285187298373596e-10 7.482096008632617613e-11 4.128743928629375177e-11 9.355484517884885422e-12 1.836155116401981234e-10 2.018979425107160539e-10 3.105515587920303067e-10 6.069632991647413052e-10 1.181124425920681299e-09 1.834531089106267918e-09 2.942015289984508611e-09 3.976085956064816720e-09 5.054506632603696389e-09 5.110927136634106474e-09 4.404399442999192497e-09
4.685030026247624844e-10 2.148423222240087955e-10 2.923523295311534259e-10 2.986809977988057552e-10 -7.552960512568955896e-11 3.570664471740363825e-10 6.640677379019647384e-11 7.033611160436635424e-11 9.578395262492816526e-11 2.872087787197117968e-10 2.840261403016545925e-10 4.401189391782419279e-10 6.759158247423486366e-10 1.191181687307446970e-09 1.799105625115851045e-09 2.818274118203054942e-09 3.779435303208060443e-09 5.110927136634106474e-09 6.056395110584702362e-09 5.952565582866540241e-09
3.793014718796181773e-10 3.307254707968198662e-10 3.310795027382263258e-10 3.980227471944975640e-10 -2.344302367008157385e-10 2.863770586492013223e-10 3.723952122254430386e-11 5.460526940749129870e-11 1.976980917860492274e-10 3.741403414884422641e-10 3.737160773355937986e-10 5.351372878965884758e-10 6.404219777200965450e-10 1.032623031919803640e-09 1.535350477744730674e-09 2.403011050198374745e-09 3.176033502549537863e-09 4.404399442999192497e-09 5.952565582866540241e-09 7.146510319740627742e-09
