6.114050293990867866e-08 -4.332735756207192228e-09 7.466230745411101819e-09 2.706789946879069367e-09 -1.926595210654587216e-09 -6.569001588714426096e-10 -1.175180705283903075e-09 -5.840406506121701930e-10 -9.357882105655690479e-10 2.169142546724871271e-10 1.091513124384294574e-09 6.132997829325386925e-10 -3.801065337699837374e-10 -5.271741385246214138e-10 -5.229816953069925643e-10 1.461260811658756105e-11 4.973997422122301715e-11 3.295229435843398388e-10 3.826252468489968389e-10 1.095513309515093397e-10
-4.332735756207192228e-09 4.303022206481708546e-08 4.272760110977328692e-09 1.654278151550662171e-09 -4.290393850973348075e-10 1.945156213856944469e-09 -4.263547203894051646e-10 1.327069522544171178e-09 -2.784420855425177835e-10 4.146265402364128591e-10 -5.453286129407767241e-10 -4.791311242941481983e-10 3.085222521857552124e-10 -3.757590329487067959e-10 -2.606145090357387300e-10 7.755285265868699606e-11 2.748722187413094203e-10 3.199249603851935957e-10 1.556506560606196638e-10 2.091480251286095118e-11
7.466230745411101819e-09 4.272760110977328692e-09 2.166113540069174933e-08 2.307817994859897380e-09 -6.088537508326733790e-10 1.668093766667323039e-09 -1.204535862283463124e-09 -1.183921496727494458e-09 5.033978167608817447e-10 -7.855934260875864054e-11 -1.892040222902768170e-10 -3.903611621774267471e-10 -1.021149946883625134e-10 -5.736011329082975973e-11 -1.071833508307242221e-10 2.791859580699736819e-12 9.320151550997661033e-11 3.343451644296318338e-10 2.509988208867476880e-11 1.957531316252446549e-10
2.706789946879069367e-09 1.654278151550662171e-09 2.307817994859897380e-09 1.649331036923669364e-08 -1.142457539028975785e-09 1.711867503961609524e-09 1.760925848594440960e-10 7.119175926289172732e-10 6.520397802542442044e-10 -3.361009488198356745e-10 -4.752685251150577202e-10 9.098880714578183960e-12 4.910117228200512380e-11 1.051895652522456663e-10 -1.078037167828949150e-11 4.107345028747024109e-11 1.203672417111472808e-10 5.889771721624555458e-11 -8.176017731713569862e-11 -5.572400075199602567e-11
-1.926595210654587216e-09 -4.290393850973348075e-10 -6.088537508326733790e-10 -1.142457539028975785e-09 1.030562903858057128e-08 1.411768313130662616e-09 -1.420994542291205129e-10 3.408786828556659906e-10 9.928270084067896437e-10 3.402498415470891855e-10 1.718641192168727668e-10 -1.976756556785943289e-10 3.148976754609652421e-11 -1.611958936037403081e-10 -1.813114743963957576e-10 -3.951859834405714988e-11 1.754529976164511465e-10 -2.266506384478689428e-11 1.719369690034042275e-11 4.598715985078360623e-11
-6.569001588714426096e-10 1.945156213856944469e-09 1.668093766667323039e-09 1.711867503961609524e-09 1.411768313130662616e-09 6.910159540370327176e-09 7.748414149031071448e-10 3.234759162013120686e-11 7.405712471022391206e-10 5.786945565222546069e-10 2.602084032832712719e-10 3.127139724840969624e-11 2.773992590730882945e-10 1.109638916482390583e-11 7.733805817813217341e-11 -4.459761332615094522e-12 -8.115337413024736312e-11 -1.420793987308685781e-10 -8.789019752771449964e-12 4.578642311044001864e-11
-1.175180705283903075e-09 -4.263547203894051646e-10 -1.204535862283463124e-09 1.760925848594440960e-10 -1.420994542291205129e-10 7.748414149031071448e-10 3.291604367720278562e-09 3.096516695400470535e-10 4.255121571827152378e-10 2.360252627736886291e-10 -2.828971121058071669e-10 -9.327055888868300694e-11 -1.836147960089537673e-10 -7.676843494131481027e-11 4.662813706343729095e-11 -2.739975159193913701e-11 -1.323964199982447787e-10 -9.811781511487906802e-11 -8.907984368781319442e-12 -1.537368037368290894e-11
-5.840406506121701930e-10 1.327069522544171178e-09 -1.183921496727494458e-09 7.119175926289172732e-10 3.408786828556659906e-10 3.234759162013120686e-11 3.096516695400470535e-10 3.458439540872196112e-09 1.516399391212544960e-10 1.054940993979075273e-10 -1.388386048633828482e-10 9.276486509060806725e-11 8.108881367392886794e-11 -2.036814441554330221e-10 -6.351189724845421637e-11 2.077089377158017960e-11 -6.837027198008166613e-11 -1.027978474084355374e-10 5.596732314974059897e-12 8.468576590543601995e-11
-9.357882105655690479e-10 -2.784420855425177835e-10 5.033978167608817447e-10 6.520397802542442044e-10 9.928270084067896437e-10 7.405712471022391206e-10 4.255121571827152378e-10 1.516399391212544960e-10 1.756243669054353825e-09 3.256835143928280271e-10 1.706908531771488146e-11 -9.895665286067400814e-12 1.761019431327404211e-10 1.188784353032779801e-10 1.138768778029176721e-10 -1.509399263676614973e-11 -4.223087970121274989e-11 -5.598988269575734426e-11 -2.362355424430913943e-11 3.260980467497326741e-11
2.169142546724871271e-10 4.146265402364128591e-10 -7.855934260875864054e-11 -3.361009488198356745e-10 3.402498415470891855e-10 5.786945565222546069e-10 2.360252627736886291e-10 1.054940993979075273e-10 3.256835143928280271e-10 1.671652979019900938e-09 4.435352156957785628e-10 1.727817283567751336e-10 6.765599371888784180e-11 -3.438720366019598011e-11 6.414478072493598767e-11 5.394300246038529426e-11 3.932325171857996881e-11 7.742921851109309531e-11 6.362335538754021781e-11 -4.997434669817221834e-12
1.091513124384294574e-09 -5.453286129407767241e-10 -1.892040222902768170e-10 -4.752685251150577202e-10 1.718641192168727668e-10 2.602084032832712719e-10 -2.828971121058071669e-10 -1.388386048633828482e-10 1.706908531771488146e-11 4.435352156957785628e-10 1.117956842071218605e-09 2.061196991262129196e-10 1.340053128070994261e-10 1.006783330105102689e-10 3.079309964608024505e-11 -1.612136299745678474e-11 6.218553709433803226e-11 3.101366817536205310e-11 2.740561808944611184e-11 -8.397602182345232297e-12
6.132997829325386925e-10 -4.791311242941481983e-10 -3.903611621774267471e-10 9.098880714578183960e-12 -1.976756556785943289e-10 3.127139724840969624e-11 -9.327055888868300694e-11 9.276486509060806725e-11 -9.895665286067400814e-12 1.727817283567751336e-10 2.061196991262129196e-10 7.614414965762107000e-10 1.696921212994997020e-10 1.102849840070806539e-10 3.139569656094553985e-11 -4.001065962669426751e-11 -2.694151865219894548e-11 1.477847439955233479e-11 5.341470209839071021e-11 -8.998642461308065778e-12
-3.801065337699837374e-10 3.085222521857552124e-10 -1.021149946883625134e-10 4.910117228200512380e-11 3.148976754609652421e-11 2.773992590730882945e-10 -1.836147960089537673e-10 8.108881367392886794e-11 1.761019431327404211e-10 6.765599371888784180e-11 1.340053128070994261e-10 1.696921212994997020e-10 5.830471762709696253e-10 2.480540404091996751e-10 4.901801205770723944e-11 -1.529764380216913737e-11 -1.364867973352130024e-11 1.005593899747847833e-12 2.155612254306161255e-11 4.870669163373135793e-13
-5.271741385246214138e-10 -3.757590329487067959e-10 -5.736011329082975973e-11 1.051895652522456663e-10 -1.611958936037403081e-10 1.109638916482390583e-11 -7.676843494131481027e-11 -2.036814441554330221e-10 1.188784353032779801e-10 -3.438720366019598011e-11 1.006783330105102689e-10 1.102849840070806539e-10 2.480540404091996751e-10 3.853827654593248942e-10 1.392271700052288429e-10 1.928081488354210324e-11 -3.336303497331967135e-12 -8.120641552673456328e-12 4.292310891849993825e-12 5.143861909295873638e-12
-5.229816953069925643e-10 -2.606145090357387300e-10 -1.071833508307242221e-10 -1.078037167828949150e-11 -1.813114743963957576e-10 7.733805817813217341e-11 4.662813706343729095e-11 -6.351189724845421637e-11 1.138768778029176721e-10 6.414478072493598767e-11 3.079309964608024505e-11 3.139569656094553985e-11 4.901801205770723944e-11 1.392271700052288429e-10 3.031414906614080539e-10 7.563054689211234546e-11 -1.692292323849192143e-11 -9.017016308308599272e-12 -1.281723792469808840e-12 1.040837574457240644e-11
1.461260811658756105e-11 7.755285265868699606e-11 2.791859580699736819e-12 4.107345028747024109e-11 -3.951859834405714988e-11 -4.459761332615094522e-12 -2.739975159193913701e-11 2.077089377158017960e-11 -1.509399263676614973e-11 5.394300246038529426e-11 -1.612136299745678474e-11 -4.001065962669426751e-11 -1.529764380216913737e-11 1.928081488354210324e-11 7.563054689211234546e-11 2.140400988624691036e-10 9.331720416127829486e-11 3.760791749264219910e-11 1.046248393343002089e-11 2.529040425073572847e-11
4.973997422122301715e-11 2.748722187413094203e-10 9.320151550997661033e-11 1.203672417111472808e-10 1.754529976164511465e-10 -8.115337413024736312e-11 -1.323964199982447787e-10 -6.837027198008166613e-11 -4.223087970121274989e-11 3.932325171857996881e-11 6.218553709433803226e-11 -2.694151865219894548e-11 -1.364867973352130024e-11 -3.336303497331967135e-12 -1.692292323849192143e-11 9.331720416127829486e-11 1.942175533210176598e-10 8.712653199118480273e-11 1.416705207899231280e-11 -9.399841514360233601e-12
3.295229435843398388e-10 3.199249603851935957e-10 3.343451644296318338e-10 5.889771721624555458e-11 -2.266506384478689428e-11 -1.420793987308685781e-10 -9.811781511487906802e-11 -1.027978474084355374e-10 -5.598988269575734426e-11 7.742921851109309531e-11 3.101366817536205310e-11 1.477847439955233479e-11 1.005593899747847833e-12 -8.120641552673456328e-12 -9.017016308308599272e-12 3.760791749264219910e-11 8.712653199118480273e-11 1.630328962293418957e-10 4.954721236429271912e-11 -5.965280755203614945e-12
3.826252468489968389e-10 1.556506560606196638e-10 2.509988208867476880e-11 -8.176017731713569862e-11 1.719369690034042275e-11 -8.789019752771449964e-12 -8.907984368781319442e-12 5.596732314974059897e-12 -2.362355424430913943e-11 6.362335538754021781e-11 2.740561808944611184e-11 5.341470209839071021e-11 2.155612254306161255e-11 4.292310891849993825e-12 -1.281723792469808840e-12 1.046248393343002089e-11 1.416705207899231280e-11 4.954721236429271912e-11 7.613902645062327425e-11 1.651213879401884447e-11
1.095513309515093397e-10 2.091480251286095118e-11 1.957531316252446549e-10 -5.572400075199602567e-11 4.598715985078360623e-11 4.578642311044001864e-11 -1.537368037368290894e-11 8.468576590543601995e-11 3.260980467497326741e-11 -4.997434669817221834e-12 -8.397602182345232297e-12 -8.998642461308065778e-12 4.870669163373135793e-13 5.143861909295873638e-12 1.040837574457240644e-11 2.529040425073572847e-11 -9.399841514360233601e-12 -5.965280755203614945e-12 1.651213879401884447e-11 8.676700049380392449e-11
