1.742885185197690502e-09 3.142020780987817881e-10 3.216149859745702036e-10 1.593480662807757372e-10 4.860368639833913201e-11 3.856198653132163995e-11 -1.050466618911116637e-10 3.131112002446312342e-11 -1.781852146957586041e-12 2.689431907546534799e-12 -2.035834416449763295e-11 2.719473611028669437e-11 8.614823369346312046e-11 8.856480823310289480e-11 1.701173831001705103e-10 1.934190032547911601e-10 1.732263508393736220e-10 3.643864589884231672e-10 4.708265040043184150e-10 3.829666647295809098e-10
3.142020780987817881e-10 1.798725287971909640e-09 2.787024185226678909e-10 1.562360308116502875e-10 1.560115697012059236e-10 1.174188427057339393e-10 -1.648842785927415659e-11 9.736861837483244770e-11 1.428967315800319174e-10 1.830225018601606342e-10 1.713022122653032952e-10 8.960999048511573046e-11 1.975112669055221829e-10 1.793481930746596842e-10 2.594472047134176693e-10 2.966215810349360319e-10 2.453026752840432711e-10 1.818881277322351831e-10 2.079319619956273242e-10 3.184181189510549773e-10
3.216149859745702036e-10 2.787024185226678909e-10 1.097595734133412234e-09 2.330322044543772135e-10 1.014385562932850231e-10 8.977286660844468465e-11 -1.821358338984403151e-12 4.451365867276554244e-11 -2.249922633213246010e-12 7.175709946003434439e-11 1.334457911757948750e-10 1.653383175886756705e-10 2.571502928002292838e-10 2.739172765733540640e-10 2.279937982343188782e-10 1.560109209253390604e-10 1.432331274515256184e-10 2.042656081853934903e-10 2.869639563286244781e-10 3.232764387416495873e-10
1.593480662807757372e-10 1.562360308116502875e-10 2.330322044543772135e-10 8.211346661512554335e-10 1.233561965224016530e-10 1.273078886806927357e-10 5.830588869125317099e-11 7.900996529468560665e-11 6.433454721552873954e-11 1.559223466869303949e-10 1.329133243374240220e-10 9.757323310130814818e-11 4.703853169646777932e-11 8.583745524983759526e-11 1.223662528761729122e-10 1.730499871165760486e-10 2.078120401706841884e-10 2.319571219670692150e-10 2.998414108747852655e-10 3.999017875404150992e-10
4.860368639833913201e-11 1.560115697012059236e-10 1.014385562932850231e-10 1.233561965224016530e-10 5.822738645891116253e-10 2.165843738880411766e-10 1.409655326120802928e-10 1.088765447006524407e-10 5.885592139886665462e-11 3.774621461074436328e-11 2.012323076977479914e-11 8.528190433236161505e-12 2.636320303082598484e-11 1.060274687136411716e-11 -1.950718820777050032e-11 -5.956241542542116413e-11 -5.640116589254947733e-13 -4.856878242445078353e-12 -7.737573073477498589e-11 -2.370110410159642409e-10
3.856198653132163995e-11 1.174188427057339393e-10 8.977286660844468465e-11 1.273078886806927357e-10 2.165843738880411766e-10 4.340259515865926965e-10 1.888601360529403948e-10 1.356893444246816688e-10 9.956589627457364205e-11 9.346402067761238643e-11 6.674068434219875261e-11 6.150517514027215353e-11 8.398440375307151671e-11 9.727893144656252273e-11 1.049463476342069250e-10 1.215469668750541069e-10 2.214492180336766386e-10 3.397603554202192828e-10 3.535636981016958792e-10 2.818943934999839362e-10
-1.050466618911116637e-10 -1.648842785927415659e-11 -1.821358338984403151e-12 5.830588869125317099e-11 1.409655326120802928e-10 1.888601360529403948e-10 3.381502984023485284e-10 1.847865751899450022e-10 1.694319331994945874e-10 1.197771641948287610e-10 7.675333956821669200e-11 4.176945728126797973e-11 -6.545200032773783654e-12 3.109964376506658180e-11 2.067294905981836178e-11 -1.392968139440366683e-11 3.709842173396201640e-11 7.529617481706855184e-11 6.744951815492353904e-11 3.905060083788159694e-11
3.131112002446312342e-11 9.736861837483244770e-11 4.451365867276554244e-11 7.900996529468560665e-11 1.088765447006524407e-10 1.356893444246816688e-10 1.847865751899450022e-10 3.542611020319552305e-10 2.373968340253023662e-10 1.820410333490493265e-10 1.525872543272454631e-10 6.153368791799009841e-11 2.997371147392262185e-11 -2.884567860523572605e-11 -5.819429910845401045e-11 -5.737149485378303289e-11 -3.006608182988862621e-11 4.409246035329829213e-11 7.520021003958142062e-11 6.186476123467682220e-11
-1.781852146957586041e-12 1.428967315800319174e-10 -2.249922633213246010e-12 6.433454721552873954e-11 5.885592139886665462e-11 9.956589627457364205e-11 1.694319331994945874e-10 2.373968340253023662e-10 3.709782492056479686e-10 2.757640364116231315e-10 2.167338818660493081e-10 1.100199863621629141e-10 6.329580403162077388e-11 1.679316081575859843e-11 1.774586391558911399e-11 -1.976426894472761737e-11 -1.381483218776303865e-11 9.676203596670808026e-12 9.586708712811563915e-11 1.973706776455662161e-10
2.689431907546534799e-12 1.830225018601606342e-10 7.175709946003434439e-11 1.559223466869303949e-10 3.774621461074436328e-11 9.346402067761238643e-11 1.197771641948287610e-10 1.820410333490493265e-10 2.757640364116231315e-10 3.900480453792276102e-10 3.405324827373996540e-10 2.493242675389414495e-10 1.746408199789634648e-10 1.018482851275759507e-10 9.901870146772389172e-11 1.141460006903351924e-10 1.338051292924692223e-10 1.834153592547726509e-10 2.862878131422831289e-10 3.726421996330718782e-10
-2.035834416449763295e-11 1.713022122653032952e-10 1.334457911757948750e-10 1.329133243374240220e-10 2.012323076977479914e-11 6.674068434219875261e-11 7.675333956821669200e-11 1.525872543272454631e-10 2.167338818660493081e-10 3.405324827373996540e-10 4.570309032895066828e-10 4.107241428143879844e-10 3.559509498897051734e-10 2.663385253233958534e-10 2.459988435075749952e-10 2.457498929040932297e-10 2.138799890374507597e-10 2.029005925424666979e-10 2.850607926379159893e-10 3.750486074100896686e-10
2.719473611028669437e-11 8.960999048511573046e-11 1.653383175886756705e-10 9.757323310130814818e-11 8.528190433236161505e-12 6.150517514027215353e-11 4.176945728126797973e-11 6.153368791799009841e-11 1.100199863621629141e-10 2.493242675389414495e-10 4.107241428143879844e-10 6.140522048284834424e-10 6.212480878382142077e-10 5.650231532560420571e-10 5.088293522108718899e-10 4.430846300661882853e-10 3.452560443797548672e-10 3.111209979419693267e-10 4.404745026457546296e-10 5.356102134249519544e-10
8.614823369346312046e-11 1.975112669055221829e-10 2.571502928002292838e-10 4.703853169646777932e-11 2.636320303082598484e-11 8.398440375307151671e-11 -6.545200032773783654e-12 2.997371147392262185e-11 6.329580403162077388e-11 1.746408199789634648e-10 3.559509498897051734e-10 6.212480878382142077e-10 8.771043384521782923e-10 9.308542024888707003e-10 8.910961973463232028e-10 7.872049917883554157e-10 6.636101110769972439e-10 6.067436091456661174e-10 6.753925552656564870e-10 6.402445298077387931e-10
8.856480823310289480e-11 1.793481930746596842e-10 2.739172765733540640e-10 8.583745524983759526e-11 1.060274687136411716e-11 9.727893144656252273e-11 3.109964376506658180e-11 -2.884567860523572605e-11 1.679316081575859843e-11 1.018482851275759507e-10 2.663385253233958534e-10 5.650231532560420571e-10 9.308542024888707003e-10 1.394352353935306980e-09 1.507709048752844141e-09 1.423728118585980346e-09 1.267878665618392076e-09 1.179234581922472178e-09 1.188299819412297425e-09 1.030625462636631406e-09
1.701173831001705103e-10 2.594472047134176693e-10 2.279937982343188782e-10 1.223662528761729122e-10 -1.950718820777050032e-11 1.049463476342069250e-10 2.067294905981836178e-11 -5.819429910845401045e-11 1.774586391558911399e-11 9.901870146772389172e-11 2.459988435075749952e-10 5.088293522108718899e-10 8.910961973463232028e-10 1.507709048752844141e-09 1.902147739532732243e-09 2.035279243403334906e-09 1.922080175259880812e-09 1.833055937696875628e-09 1.795248061758631913e-09 1.531463785053745657e-09
1.934190032547911601e-10 2.966215810349360319e-10 1.560109209253390604e-10 1.730499871165760486e-10 -5.956241542542116413e-11 1.215469668750541069e-10 -1.392968139440366683e-11 -5.737149485378303289e-11 -1.976426894472761737e-11 1.141460006903351924e-10 2.457498929040932297e-10 4.430846300661882853e-10 7.872049917883554157e-10 1.423728118585980346e-09 2.035279243403334906e-09 2.771920599193886709e-09 2.917262493438822288e-09 2.944521809427761912e-09 2.818551967853183662e-09 2.404237923634504020e-09
1.732263508393736220e-10 2.453026752840432711e-10 1.432331274515256184e-10 2.078120401706841884e-10 -5.640116589254947733e-13 2.214492180336766386e-10 3.709842173396201640e-11 -3.006608182988862621e-11 -1.381483218776303865e-11 1.338051292924692223e-10 2.138799890374507597e-10 3.452560443797548672e-10 6.636101110769972439e-10 1.267878665618392076e-09 1.922080175259880812e-09 2.917262493438822288e-09 3.629269189735767628e-09 3.979362082213438083e-09 3.780116999916111319e-09 3.178437453962387920e-09
3.643864589884231672e-10 1.818881277322351831e-10 2.042656081853934903e-10 2.319571219670692150e-10 -4.856878242445078353e-12 3.397603554202192828e-10 7.529617481706855184e-11 4.409246035329829213e-11 9.676203596670808026e-12 1.834153592547726509e-10 2.029005925424666979e-10 3.111209979419693267e-10 6.067436091456661174e-10 1.179234581922472178e-09 1.833055937696875628e-09 2.944521809427761912e-09 3.979362082213438083e-09 5.056291468565978032e-09 5.109403624021556667e-09 4.405081741563578306e-09
4.708265040043184150e-10 2.079319619956273242e-10 2.869639563286244781e-10 2.998414108747852655e-10 -7.737573073477498589e-11 3.535636981016958792e-10 6.744951815492353904e-11 7.520021003958142062e-11 9.586708712811563915e-11 2.862878131422831289e-10 2.850607926379159893e-10 4.404745026457546296e-10 6.753925552656564870e-10 1.188299819412297425e-09 1.795248061758631913e-09 2.818551967853183662e-09 3.780116999916111319e-09 5.109403624021556667e-09 6.050670074035048503e-09 5.949652517988523482e-09
3.829666647295809098e-10 3.184181189510549773e-10 3.232764387416495873e-10 3.999017875404150992e-10 -2.370110410159642409e-10 2.818943934999839362e-10 3.905060083788159694e-11 6.186476123467682220e-11 1.973706776455662161e-10 3.726421996330718782e-10 3.750486074100896686e-10 5.356102134249519544e-10 6.402445298077387931e-10 1.030625462636631406e-09 1.531463785053745657e-09 2.404237923634504020e-09 3.178437453962387920e-09 4.405081741563578306e-09 5.949652517988523482e-09 7.146889333134921083e-09
