5.182062721644658551e-08 5.715701222044057672e-09 5.165341735566494897e-09 2.897200875444105158e-09 1.122934163476203457e-09 4.713642176722920167e-09 3.434004272398940954e-09 1.095951180783451512e-09 1.242548442119443622e-09 4.376411788826827339e-11 2.230709065668341167e-09 9.090368684320940496e-10 5.262035804379944105e-11 -4.586891621101563295e-10 -1.070269658911973360e-09 -3.753873972336716976e-10 -3.596101354786941185e-10 -3.223260079876314229e-11 3.630890451098221151e-11 2.760022250753943222e-10
5.715701222044057672e-09 4.512094104361497241e-08 4.598612213712878582e-09 4.289853588828161862e-09 -1.064412479887557754e-09 -1.905123433745389349e-09 2.574366949551802869e-09 1.371551768439828497e-10 2.095796255267872625e-09 9.221781179991944563e-10 2.367292287810269457e-10 5.364290046834492403e-10 -4.111185937235986586e-10 -1.337112289118735231e-10 4.103099251309243426e-11 -4.615588997917994850e-10 -6.570034621260273781e-10 -1.768278998214495245e-10 7.759197491270851840e-11 1.993159481519092929e-10
5.165341735566494897e-09 4.598612213712878582e-09 2.579020704739814836e-08 1.892250580182457074e-09 -4.972631066874429432e-10 -6.378797194680301881e-10 2.726886510769651694e-10 -3.860510180799888631e-10 6.240324967396268104e-10 3.238362055939501013e-10 3.464048546860197963e-10 6.249425741150484821e-10 1.801043092859285915e-11 -4.529405622887545766e-10 -1.366048630576299783e-10 -3.681391411329889385e-11 1.464263771019841844e-10 3.608378524778595956e-10 6.789150771389823580e-11 -2.112836840958845537e-11
2.897200875444105158e-09 4.289853588828161862e-09 1.892250580182457074e-09 1.926473891720468038e-08 1.894840240665228448e-09 1.520255055979860862e-09 9.033683064768530751e-10 1.809918822159367818e-09 7.188789070707900901e-10 -3.873577513600639089e-10 4.263181073428333352e-10 1.763350142214379166e-10 2.845522192211021373e-11 -3.914232581787337076e-10 -7.706721237333399227e-10 -4.214562514969066245e-10 -3.578066499218513829e-10 -3.872840116256614770e-10 -3.072617596703735039e-10 3.951927104846896673e-11
1.122934163476203457e-09 -1.064412479887557754e-09 -4.972631066874429432e-10 1.894840240665228448e-09 9.788820205126684879e-09 1.025930673214119540e-09 8.261136022189817492e-10 1.042462412809185100e-09 3.394654699052616610e-10 3.066791949643398835e-10 1.168296470847812131e-10 6.058487466888913883e-10 1.590827008643318944e-10 -1.968549301730902703e-10 -3.414418879745916645e-10 -1.897915527003785444e-10 -1.099723513274006482e-10 -7.673862036246161631e-11 -2.735934747058893851e-11 1.228537706513234581e-11
4.713642176722920167e-09 -1.905123433745389349e-09 -6.378797194680301881e-10 1.520255055979860862e-09 1.025930673214119540e-09 6.534564941386568023e-09 7.257585056137703921e-12 2.598305196878442792e-10 3.013838340188861624e-10 -1.374546131383529576e-10 1.717703529221149826e-10 3.531203025405636137e-10 2.300108037222763207e-10 1.447695921069393362e-10 -2.291758476607316242e-10 -4.634603634004404910e-11 1.220798501326629010e-10 1.356584497594757272e-10 -5.348752763017565398e-11 -4.092036270793792109e-11
3.434004272398940954e-09 2.574366949551802869e-09 2.726886510769651694e-10 9.033683064768530751e-10 8.261136022189817492e-10 7.257585056137703921e-12 4.705874144938003395e-09 4.288046314523516792e-10 2.007970537277157295e-10 4.742868222081998208e-10 1.305206350175858762e-10 6.630931145167877914e-11 -1.587493430050601319e-10 -2.156108393853229780e-10 -2.996074274881314877e-10 -1.194174261292624934e-10 -2.480775096319856346e-11 5.316204009712715527e-11 2.253619608770690885e-11 4.005707559179120206e-11
1.095951180783451512e-09 1.371551768439828497e-10 -3.860510180799888631e-10 1.809918822159367818e-09 1.042462412809185100e-09 2.598305196878442792e-10 4.288046314523516792e-10 3.481481036277276070e-09 7.537905866724872958e-10 8.555940238329690072e-11 2.704228378346231551e-10 1.071702165984043223e-10 1.228593178942884730e-10 5.469843809897915152e-11 -6.978228617907655541e-12 1.358843359484626370e-10 -1.773754092136669609e-11 8.289892525029791198e-11 -1.139669015834248676e-10 -1.072763633919175579e-10
1.242548442119443622e-09 2.095796255267872625e-09 6.240324967396268104e-10 7.188789070707900901e-10 3.394654699052616610e-10 3.013838340188861624e-10 2.007970537277157295e-10 7.537905866724872958e-10 2.714947171975157609e-09 5.124907659478238205e-10 3.604239127026776946e-10 4.249008825995663893e-10 2.858126267649438246e-10 8.597980625407704359e-11 5.469334002576908298e-11 7.936958745467655507e-11 1.356537620272819467e-10 7.457618365885973917e-11 -5.572783949966211073e-11 -1.401477813274911190e-11
4.376411788826827339e-11 9.221781179991944563e-10 3.238362055939501013e-10 -3.873577513600639089e-10 3.066791949643398835e-10 -1.374546131383529576e-10 4.742868222081998208e-10 8.555940238329690072e-11 5.124907659478238205e-10 1.407206650254002051e-09 3.422204847392316971e-10 2.244769746036815886e-10 1.777569814224467973e-10 1.406675052732425182e-11 -1.729364431315688226e-11 2.290667717105113374e-11 7.116873045593025862e-11 -1.761557583087308127e-12 -1.817220916059324417e-11 -7.653969799701097796e-11
2.230709065668341167e-09 2.367292287810269457e-10 3.464048546860197963e-10 4.263181073428333352e-10 1.168296470847812131e-10 1.717703529221149826e-10 1.305206350175858762e-10 2.704228378346231551e-10 3.604239127026776946e-10 3.422204847392316971e-10 1.204204791198338079e-09 3.461646486462013185e-10 1.276743612985947663e-10 -4.525036697912897042e-11 -3.141195387555747033e-11 -5.138628980378062276e-11 -1.624502606912360316e-11 8.648345427491224722e-11 9.285971048628327813e-11 7.381097577906062334e-11
9.090368684320940496e-10 5.364290046834492403e-10 6.249425741150484821e-10 1.763350142214379166e-10 6.058487466888913883e-10 3.531203025405636137e-10 6.630931145167877914e-11 1.071702165984043223e-10 4.249008825995663893e-10 2.244769746036815886e-10 3.461646486462013185e-10 1.080444302156605616e-09 2.473032282167952924e-10 4.110474455851551361e-11 2.842831858015165679e-11 7.920160621659390067e-11 2.302295602654455098e-11 1.993531141420243162e-11 -4.947133988884430567e-11 -2.424304233225514884e-11
5.262035804379944105e-11 -4.111185937235986586e-10 1.801043092859285915e-11 2.845522192211021373e-11 1.590827008643318944e-10 2.300108037222763207e-10 -1.587493430050601319e-10 1.228593178942884730e-10 2.858126267649438246e-10 1.777569814224467973e-10 1.276743612985947663e-10 2.473032282167952924e-10 5.423161551086844801e-10 2.485399996983516344e-10 1.216325067034712380e-10 1.337073339231794992e-10 1.207663004143782444e-10 9.880654373175445324e-11 4.271387012715722656e-11 1.538049627986993298e-12
-4.586891621101563295e-10 -1.337112289118735231e-10 -4.529405622887545766e-10 -3.914232581787337076e-10 -1.968549301730902703e-10 1.447695921069393362e-10 -2.156108393853229780e-10 5.469843809897915152e-11 8.597980625407704359e-11 1.406675052732425182e-11 -4.525036697912897042e-11 4.110474455851551361e-11 2.485399996983516344e-10 5.426650325536975639e-10 2.643042518720488658e-10 1.679735736070396018e-10 1.204333021657730412e-10 8.585848864365531109e-11 1.415007173903405077e-11 -4.253183103954616041e-12
-1.070269658911973360e-09 4.103099251309243426e-11 -1.366048630576299783e-10 -7.706721237333399227e-10 -3.414418879745916645e-10 -2.291758476607316242e-10 -2.996074274881314877e-10 -6.978228617907655541e-12 5.469334002576908298e-11 -1.729364431315688226e-11 -3.141195387555747033e-11 2.842831858015165679e-11 1.216325067034712380e-10 2.643042518720488658e-10 5.069478031946528103e-10 2.508708690159818398e-10 1.422244963182422167e-10 8.125036030828913341e-11 4.635515372177415896e-11 1.340552958781851492e-11
-3.753873972336716976e-10 -4.615588997917994850e-10 -3.681391411329889385e-11 -4.214562514969066245e-10 -1.897915527003785444e-10 -4.634603634004404910e-11 -1.194174261292624934e-10 1.358843359484626370e-10 7.936958745467655507e-11 2.290667717105113374e-11 -5.138628980378062276e-11 7.920160621659390067e-11 1.337073339231794992e-10 1.679735736070396018e-10 2.508708690159818398e-10 3.588278467769025075e-10 1.560140917383803979e-10 6.106677631828449697e-11 2.016305544723493808e-11 2.138147154664338292e-12
-3.596101354786941185e-10 -6.570034621260273781e-10 1.464263771019841844e-10 -3.578066499218513829e-10 -1.099723513274006482e-10 1.220798501326629010e-10 -2.480775096319856346e-11 -1.773754092136669609e-11 1.356537620272819467e-10 7.116873045593025862e-11 -1.624502606912360316e-11 2.302295602654455098e-11 1.207663004143782444e-10 1.204333021657730412e-10 1.422244963182422167e-10 1.560140917383803979e-10 2.922414315952317460e-10 1.729635595217695902e-10 7.535939088489371036e-11 1.798718535436615933e-11
-3.223260079876314229e-11 -1.768278998214495245e-10 3.608378524778595956e-10 -3.872840116256614770e-10 -7.673862036246161631e-11 1.356584497594757272e-10 5.316204009712715527e-11 8.289892525029791198e-11 7.457618365885973917e-11 -1.761557583087308127e-12 8.648345427491224722e-11 1.993531141420243162e-11 9.880654373175445324e-11 8.585848864365531109e-11 8.125036030828913341e-11 6.106677631828449697e-11 1.729635595217695902e-10 3.493346205891610215e-10 1.625689688348750589e-10 5.173332034469008625e-11
3.630890451098221151e-11 7.759197491270851840e-11 6.789150771389823580e-11 -3.072617596703735039e-10 -2.735934747058893851e-11 -5.348752763017565398e-11 2.253619608770690885e-11 -1.139669015834248676e-10 -5.572783949966211073e-11 -1.817220916059324417e-11 9.285971048628327813e-11 -4.947133988884430567e-11 4.271387012715722656e-11 1.415007173903405077e-11 4.635515372177415896e-11 2.016305544723493808e-11 7.535939088489371036e-11 1.625689688348750589e-10 2.188597387060135661e-10 1.002347498329341778e-10
2.760022250753943222e-10 1.993159481519092929e-10 -2.112836840958845537e-11 3.951927104846896673e-11 1.228537706513234581e-11 -4.092036270793792109e-11 4.005707559179120206e-11 -1.072763633919175579e-10 -1.401477813274911190e-11 -7.653969799701097796e-11 7.381097577906062334e-11 -2.424304233225514884e-11 1.538049627986993298e-12 -4.253183103954616041e-12 1.340552958781851492e-11 2.138147154664338292e-12 1.798718535436615933e-11 5.173332034469008625e-11 1.002347498329341778e-10 1.692338857089973702e-10
