4.520678337809663079e-08 7.712014691759859564e-09 4.784288307130982721e-09 2.399959069023429582e-09 -6.866311529047727431e-11 3.341547604710489564e-09 3.385193426503383627e-09 8.215535765407975196e-10 1.240441139646953132e-09 9.659440639283843517e-11 1.695865978791611690e-09 5.181364620012366027e-10 -2.319917856247904107e-11 -2.635360620769250732e-10 -7.356916351429284492e-10 -2.221379868944331707e-10 -2.992422579282866883e-10 -1.998963104374384711e-10 -2.203089486985440105e-11 2.480715701098656291e-10
7.712014691759859564e-09 4.372446470559789107e-08 5.101736201870936374e-09 4.540750943611651820e-09 -5.975641968042600270e-10 -1.060212502563848349e-09 3.036318716400440640e-09 3.296435386806145724e-10 2.329224577867488758e-09 1.084367052234948275e-09 2.883091159662303945e-10 4.558274166339768372e-10 -2.780259106617013210e-10 -2.189878675038248619e-12 3.306640085979437121e-11 -4.593558793043112784e-10 -6.060516590486476275e-10 -2.015765170895238345e-10 2.599134341760824433e-11 1.951418582000153586e-10
4.784288307130982721e-09 5.101736201870936374e-09 2.274921286952840741e-08 1.527026900618599673e-09 -6.860434730192604079e-10 -4.382628183840374230e-10 2.825529031098384167e-10 -2.944775008849883155e-10 7.015922514413045707e-10 2.601845386682720267e-10 2.533233577542316608e-10 4.973201849616534496e-10 4.085864587151910385e-11 -3.122095215871612606e-10 -6.239560536663817931e-11 9.414199152407921478e-12 1.546762255856836183e-10 3.181319495116508343e-10 2.416826969882426797e-11 -1.118465724229288091e-11
2.399959069023429582e-09 4.540750943611651820e-09 1.527026900618599673e-09 1.799320819596578514e-08 1.664398607539582466e-09 1.461247304471589770e-09 1.022181656268698305e-09 1.710367505956814197e-09 7.618793903792505560e-10 -2.517538416985587033e-10 3.654531350104794695e-10 1.797719238835505885e-10 5.640681423392569973e-11 -3.171348952573239037e-10 -6.821193004227947607e-10 -3.504740830656459750e-10 -3.291163515150911741e-10 -4.087911628359117913e-10 -3.264891151972573613e-10 2.185210731436584515e-12
-6.866311529047727431e-11 -5.975641968042600270e-10 -6.860434730192604079e-10 1.664398607539582466e-09 8.600737644501891244e-09 8.491101775178360736e-10 8.202585709072464822e-10 9.102814366215357684e-10 3.644189752596004536e-10 2.945528389460899227e-10 7.025996262883275928e-11 5.253189791119434512e-10 1.485461686884853310e-10 -1.576942317002943055e-10 -2.936613478003337735e-10 -1.722627352431139302e-10 -1.040134640527593058e-10 -8.063436593485038614e-11 -4.096614312988622449e-11 3.866874962025384624e-12
3.341547604710489564e-09 -1.060212502563848349e-09 -4.382628183840374230e-10 1.461247304471589770e-09 8.491101775178360736e-10 5.830054037955607347e-09 8.397109982879780533e-11 2.379986889005879523e-10 3.306490715460343593e-10 -1.100747300831093737e-10 1.379503800019217075e-10 3.187182771095990203e-10 2.100986320362496286e-10 1.385119790996059166e-10 -1.854867673044714045e-10 -3.215979323464811317e-11 1.041898609090351240e-10 1.136096076267064458e-10 -5.276028447596378576e-11 -3.223159020193528124e-11
3.385193426503383627e-09 3.036318716400440640e-09 2.825529031098384167e-10 1.022181656268698305e-09 8.202585709072464822e-10 8.397109982879780533e-11 4.385492090594694806e-09 4.394816707543000667e-10 3.112908403702945732e-10 4.904543344879205795e-10 1.593724537298618333e-10 9.249454968247941772e-11 -1.042951631422420272e-10 -1.499983146094551674e-10 -2.353840242275201267e-10 -8.754836830717050795e-11 -2.093651118379132148e-11 3.968880667017778673e-11 1.378645002039096589e-11 3.419235820821824426e-11
8.215535765407975196e-10 3.296435386806145724e-10 -2.944775008849883155e-10 1.710367505956814197e-09 9.102814366215357684e-10 2.379986889005879523e-10 4.394816707543000667e-10 3.141162806525259344e-09 7.265334072785315966e-10 7.890559688261773321e-11 2.321165074149369066e-10 9.867709661272414426e-11 1.208159783451346167e-10 6.542290959854461907e-11 9.389994150510838181e-12 1.315639254762763213e-10 -1.968189297630107590e-11 6.107673264435178774e-11 -1.108703673718142338e-10 -9.836665913867433104e-11
1.240441139646953132e-09 2.329224577867488758e-09 7.015922514413045707e-10 7.618793903792505560e-10 3.644189752596004536e-10 3.306490715460343593e-10 3.112908403702945732e-10 7.265334072785315966e-10 2.495602391324409676e-09 4.904013577459798162e-10 3.391437546208750084e-10 3.989055530481121660e-10 2.732773795101404086e-10 1.020736746325415545e-10 6.922321972082205068e-11 8.127403977052102132e-11 1.241725321922241701e-10 6.315248560742235295e-11 -5.377956459044113450e-11 -1.143774260127173403e-11
9.659440639283843517e-11 1.084367052234948275e-09 2.601845386682720267e-10 -2.517538416985587033e-10 2.945528389460899227e-10 -1.100747300831093737e-10 4.904543344879205795e-10 7.890559688261773321e-11 4.904013577459798162e-10 1.262871727309924541e-09 3.049846200073452292e-10 2.037098822296994579e-10 1.659683705194373964e-10 2.204642380078296306e-11 -6.085435477396463586e-12 2.463417495082626403e-11 6.354254551087380000e-11 -8.324053857597325214e-12 -2.216611345238741765e-11 -6.755838355817469276e-11
1.695865978791611690e-09 2.883091159662303945e-10 2.533233577542316608e-10 3.654531350104794695e-10 7.025996262883275928e-11 1.379503800019217075e-10 1.593724537298618333e-10 2.321165074149369066e-10 3.391437546208750084e-10 3.049846200073452292e-10 1.071598808101234795e-09 3.057539476065470780e-10 1.188911834055669197e-10 -3.428739578027253190e-11 -2.192925123729581563e-11 -4.258319021558876445e-11 -1.274441726869604118e-11 7.488295798047716014e-11 8.134115502287619830e-11 6.884216611659422360e-11
5.181364620012366027e-10 4.558274166339768372e-10 4.973201849616534496e-10 1.797719238835505885e-10 5.253189791119434512e-10 3.187182771095990203e-10 9.249454968247941772e-11 9.867709661272414426e-11 3.989055530481121660e-10 2.037098822296994579e-10 3.057539476065470780e-10 9.727371232067390272e-10 2.278911293769435943e-10 4.475761250913709904e-11 3.112116779514637589e-11 7.462494981327801072e-11 2.127552763522144393e-11 1.557380335057411914e-11 -4.773090028630310951e-11 -2.052062324807964540e-11
-2.319917856247904107e-11 -2.780259106617013210e-10 4.085864587151910385e-11 5.640681423392569973e-11 1.485461686884853310e-10 2.100986320362496286e-10 -1.042951631422420272e-10 1.208159783451346167e-10 2.732773795101404086e-10 1.659683705194373964e-10 1.188911834055669197e-10 2.278911293769435943e-10 4.987765383703632049e-10 2.349179000574738056e-10 1.182146966050614422e-10 1.277119872097434906e-10 1.131090092237953440e-10 9.257550839035003049e-11 3.857083323973688923e-11 3.726832948571787320e-12
-2.635360620769250732e-10 -2.189878675038248619e-12 -3.122095215871612606e-10 -3.171348952573239037e-10 -1.576942317002943055e-10 1.385119790996059166e-10 -1.499983146094551674e-10 6.542290959854461907e-11 1.020736746325415545e-10 2.204642380078296306e-11 -3.428739578027253190e-11 4.475761250913709904e-11 2.349179000574738056e-10 4.988333769209167277e-10 2.459463494313398383e-10 1.563373049846661539e-10 1.109349169190276129e-10 8.003045594994471496e-11 1.351595186092421229e-11 -1.722223645154925870e-12
-7.356916351429284492e-10 3.306640085979437121e-11 -6.239560536663817931e-11 -6.821193004227947607e-10 -2.936613478003337735e-10 -1.854867673044714045e-10 -2.353840242275201267e-10 9.389994150510838181e-12 6.922321972082205068e-11 -6.085435477396463586e-12 -2.192925123729581563e-11 3.112116779514637589e-11 1.182146966050614422e-10 2.459463494313398383e-10 4.630158601488113776e-10 2.284068806084071327e-10 1.282459415604446169e-10 7.393202540376395263e-11 4.181342627772854265e-11 1.394225765838629174e-11
-2.221379868944331707e-10 -4.593558793043112784e-10 9.414199152407921478e-12 -3.504740830656459750e-10 -1.722627352431139302e-10 -3.215979323464811317e-11 -8.754836830717050795e-11 1.315639254762763213e-10 8.127403977052102132e-11 2.463417495082626403e-11 -4.258319021558876445e-11 7.462494981327801072e-11 1.277119872097434906e-10 1.563373049846661539e-10 2.284068806084071327e-10 3.252812369046315006e-10 1.409916915688603754e-10 5.566698490028541725e-11 1.798386203440686396e-11 3.089276256408304516e-12
-2.992422579282866883e-10 -6.060516590486476275e-10 1.546762255856836183e-10 -3.291163515150911741e-10 -1.040134640527593058e-10 1.041898609090351240e-10 -2.093651118379132148e-11 -1.968189297630107590e-11 1.241725321922241701e-10 6.354254551087380000e-11 -1.274441726869604118e-11 2.127552763522144393e-11 1.131090092237953440e-10 1.109349169190276129e-10 1.282459415604446169e-10 1.409916915688603754e-10 2.642105232818606913e-10 1.572367143562114960e-10 6.848352316972622075e-11 1.762964902105540341e-11
-1.998963104374384711e-10 -2.015765170895238345e-10 3.181319495116508343e-10 -4.087911628359117913e-10 -8.063436593485038614e-11 1.136096076267064458e-10 3.968880667017778673e-11 6.107673264435178774e-11 6.315248560742235295e-11 -8.324053857597325214e-12 7.488295798047716014e-11 1.557380335057411914e-11 9.257550839035003049e-11 8.003045594994471496e-11 7.393202540376395263e-11 5.566698490028541725e-11 1.572367143562114960e-10 3.175332125240220787e-10 1.479232452251757499e-10 4.826391790894052974e-11
-2.203089486985440105e-11 2.599134341760824433e-11 2.416826969882426797e-11 -3.264891151972573613e-10 -4.096614312988622449e-11 -5.276028447596378576e-11 1.378645002039096589e-11 -1.108703673718142338e-10 -5.377956459044113450e-11 -2.216611345238741765e-11 8.134115502287619830e-11 -4.773090028630310951e-11 3.857083323973688923e-11 1.351595186092421229e-11 4.181342627772854265e-11 1.798386203440686396e-11 6.848352316972622075e-11 1.479232452251757499e-10 1.988480768817041365e-10 9.166539567279247213e-11
2.480715701098656291e-10 1.951418582000153586e-10 -1.118465724229288091e-11 2.185210731436584515e-12 3.866874962025384624e-12 -3.223159020193528124e-11 3.419235820821824426e-11 -9.836665913867433104e-11 -1.143774260127173403e-11 -6.755838355817469276e-11 6.884216611659422360e-11 -2.052062324807964540e-11 3.726832948571787320e-12 -1.722223645154925870e-12 1.394225765838629174e-11 3.089276256408304516e-12 1.762964902105540341e-11 4.826391790894052974e-11 9.166539567279247213e-11 1.539554673751353561e-10
