1.583929273808896759e-04 7.675262525537626895e-05 7.347310247788504359e-05 9.132895977400266819e-05 6.415277719676400930e-05 6.919209618236824694e-05 7.212502231010550942e-05 6.985228427643182974e-05 6.501295417312089324e-05 6.418847601156293296e-05 6.140214746749209464e-05 6.121729668880466167e-05 5.412490793192465592e-05 5.091028205047420902e-05 4.590721676484396169e-05 3.858089277121610556e-05 3.282816577135940606e-05 2.307004654229535853e-05 1.262595076895309845e-05 2.911682521653823061e-06
7.675262525537626895e-05 1.281584246152388728e-04 7.666737506348530453e-05 8.461787086174371369e-05 7.632410836887453930e-05 7.502539332389002624e-05 7.530948603546913493e-05 7.025462938506376893e-05 6.865849849432850379e-05 6.686251974050761479e-05 6.472767530963963482e-05 6.336674810719159488e-05 5.803717395339179808e-05 5.668843189702013147e-05 5.074062250333902918e-05 4.406540854519073227e-05 3.694584887701527002e-05 2.534687638521940413e-05 1.416813736700709946e-05 4.746251958440493755e-06
7.347310247788504359e-05 7.666737506348530453e-05 1.235470474514640377e-04 9.551158428719508430e-05 7.674623506384612782e-05 7.969180990796437703e-05 7.790460675815667616e-05 7.573684501945205684e-05 7.705483828654945393e-05 7.426949442515346433e-05 7.040229576998057739e-05 7.041505053619572093e-05 6.282016990721870449e-05 6.037223251501328290e-05 5.366058771223562626e-05 4.654669767415837913e-05 3.732080667760645585e-05 2.677728417224816288e-05 1.561704231193364672e-05 7.813835857249903089e-06
9.132895977400266819e-05 8.461787086174371369e-05 9.551158428719508430e-05 1.291375437648066809e-04 8.366728990949000679e-05 8.392219133788387836e-05 8.207535213497046392e-05 8.286827911440783551e-05 7.996335154440328125e-05 7.657724265988324441e-05 7.455230229652310054e-05 7.408433221134330486e-05 6.771792128594795025e-05 6.535230559924298062e-05 5.925061266698657131e-05 5.160161928810279633e-05 4.340341146049268248e-05 3.086418154887164055e-05 1.675256408614597922e-05 5.569706992068859719e-06
6.415277719676400930e-05 7.632410836887453930e-05 7.674623506384612782e-05 8.366728990949000679e-05 9.216623429519942359e-05 7.558810780622810541e-05 7.481927667716065035e-05 7.362534654857985877e-05 7.231628612905118784e-05 6.961249146160204302e-05 6.666726411953523366e-05 6.542324523420464763e-05 5.984173534240035233e-05 5.765707008469218018e-05 5.161124810239233379e-05 4.494797758836871027e-05 3.680186570868228046e-05 2.620475135444234237e-05 1.334582035763965326e-05 3.251381218587957927e-06
6.919209618236824694e-05 7.502539332389002624e-05 7.969180990796437703e-05 8.392219133788387836e-05 7.558810780622810541e-05 8.635911339322661624e-05 7.539673315538727896e-05 7.499447274971279701e-05 7.428229089836228794e-05 7.024549816700927421e-05 6.790424689420075481e-05 6.655469948583766018e-05 6.018059256733452559e-05 5.762608947043280558e-05 5.124988139276506451e-05 4.422353765782080531e-05 3.578904126698611774e-05 2.529047343229137311e-05 1.359996604287500079e-05 3.602954573135304114e-06
7.212502231010550942e-05 7.530948603546913493e-05 7.790460675815667616e-05 8.207535213497046392e-05 7.481927667716065035e-05 7.539673315538727896e-05 8.043209361265489152e-05 7.386911668052157504e-05 7.354786724082832360e-05 7.012885143536530378e-05 6.851476380270183351e-05 6.652404398225905322e-05 6.133874622624940038e-05 5.895419655408378471e-05 5.232081956055207358e-05 4.481970019673763266e-05 3.593329238869268094e-05 2.512363490523829428e-05 1.249951778501393281e-05 1.727455548852386072e-06
6.985228427643182974e-05 7.025462938506376893e-05 7.573684501945205684e-05 8.286827911440783551e-05 7.362534654857985877e-05 7.499447274971279701e-05 7.386911668052157504e-05 7.966839985911123223e-05 7.424610708626026292e-05 7.050862983101080115e-05 6.853726714078122785e-05 6.672882239476233158e-05 6.074201817979659178e-05 5.773579834810306857e-05 5.144393110623959734e-05 4.390986360083519441e-05 3.514904773354684311e-05 2.427943209736488302e-05 1.180143053973839009e-05 1.880511868341872340e-06
6.501295417312089324e-05 6.865849849432850379e-05 7.705483828654945393e-05 7.996335154440328125e-05 7.231628612905118784e-05 7.428229089836228794e-05 7.354786724082832360e-05 7.424610708626026292e-05 7.612218361172659944e-05 7.009453515755124551e-05 6.823199998967231696e-05 6.648885000192400778e-05 6.092195850936688365e-05 5.832933637926547603e-05 5.210199158983253015e-05 4.446436257999915982e-05 3.593482254929361612e-05 2.550168546694255088e-05 1.347486323758347260e-05 3.097144465199965634e-06
6.418847601156293296e-05 6.686251974050761479e-05 7.426949442515346433e-05 7.657724265988324441e-05 6.961249146160204302e-05 7.024549816700927421e-05 7.012885143536530378e-05 7.050862983101080115e-05 7.009453515755124551e-05 7.047189090725025889e-05 6.687365963199264508e-05 6.506086835019738801e-05 5.964336904264661888e-05 5.682123744418426584e-05 5.072329821449274095e-05 4.404743217033497347e-05 3.551367063701662668e-05 2.479725370525494150e-05 1.250900771504258218e-05 2.679206795254333383e-06
6.140214746749209464e-05 6.472767530963963482e-05 7.040229576998057739e-05 7.455230229652310054e-05 6.666726411953523366e-05 6.790424689420075481e-05 6.851476380270183351e-05 6.853726714078122785e-05 6.823199998967231696e-05 6.687365963199264508e-05 6.666478828510354439e-05 6.429549022164818056e-05 5.938090576569881717e-05 5.684867790265351527e-05 5.070988498148115546e-05 4.390458482615674553e-05 3.574423324853599337e-05 2.540157718850116300e-05 1.332716373115892869e-05 3.229693098568348863e-06
6.121729668880466167e-05 6.336674810719159488e-05 7.041505053619572093e-05 7.408433221134330486e-05 6.542324523420464763e-05 6.655469948583766018e-05 6.652404398225905322e-05 6.672882239476233158e-05 6.648885000192400778e-05 6.506086835019738801e-05 6.429549022164818056e-05 6.450503665912268425e-05 5.897043659729601521e-05 5.675565094652968524e-05 5.111590419668332098e-05 4.462422626733944433e-05 3.669200248931280629e-05 2.640981321657218055e-05 1.462433931750796407e-05 4.705213328464848644e-06
5.412490793192465592e-05 5.803717395339179808e-05 6.282016990721870449e-05 6.771792128594795025e-05 5.984173534240035233e-05 6.018059256733452559e-05 6.133874622624940038e-05 6.074201817979659178e-05 6.092195850936688365e-05 5.964336904264661888e-05 5.938090576569881717e-05 5.897043659729601521e-05 5.639271550755313380e-05 5.415291209859863375e-05 4.896429876225259553e-05 4.298893541981152450e-05 3.564390014075992098e-05 2.599323998282683374e-05 1.486123071779468933e-05 5.260268454916887307e-06
5.091028205047420902e-05 5.668843189702013147e-05 6.037223251501328290e-05 6.535230559924298062e-05 5.765707008469218018e-05 5.762608947043280558e-05 5.895419655408378471e-05 5.773579834810306857e-05 5.832933637926547603e-05 5.682123744418426584e-05 5.684867790265351527e-05 5.675565094652968524e-05 5.415291209859863375e-05 5.373294765666945187e-05 4.888104263442389290e-05 4.331410747013780235e-05 3.611714678752882106e-05 2.633293307617503516e-05 1.554003380711788899e-05 5.754710319564533898e-06
4.590721676484396169e-05 5.074062250333902918e-05 5.366058771223562626e-05 5.925061266698657131e-05 5.161124810239233379e-05 5.124988139276506451e-05 5.232081956055207358e-05 5.144393110623959734e-05 5.210199158983253015e-05 5.072329821449274095e-05 5.070988498148115546e-05 5.111590419668332098e-05 4.896429876225259553e-05 4.888104263442389290e-05 4.564141252345431924e-05 4.072675831446639883e-05 3.415942043506887645e-05 2.514836064711973969e-05 1.528087482548520857e-05 6.228140206669931146e-06
3.858089277121610556e-05 4.406540854519073227e-05 4.654669767415837913e-05 5.160161928810279633e-05 4.494797758836871027e-05 4.422353765782080531e-05 4.481970019673763266e-05 4.390986360083519441e-05 4.446436257999915982e-05 4.404743217033497347e-05 4.390458482615674553e-05 4.462422626733944433e-05 4.298893541981152450e-05 4.331410747013780235e-05 4.072675831446639883e-05 3.792810373395051344e-05 3.218336408473862861e-05 2.434638776123872726e-05 1.550211589935970478e-05 7.396029741560037215e-06
3.282816577135940606e-05 3.694584887701527002e-05 3.732080667760645585e-05 4.340341146049268248e-05 3.680186570868228046e-05 3.578904126698611774e-05 3.593329238869268094e-05 3.514904773354684311e-05 3.593482254929361612e-05 3.551367063701662668e-05 3.574423324853599337e-05 3.669200248931280629e-05 3.564390014075992098e-05 3.611714678752882106e-05 3.415942043506887645e-05 3.218336408473862861e-05 2.909285102557579040e-05 2.301707190673792894e-05 1.580583164032725365e-05 8.720371071219739154e-06
2.307004654229535853e-05 2.534687638521940413e-05 2.677728417224816288e-05 3.086418154887164055e-05 2.620475135444234237e-05 2.529047343229137311e-05 2.512363490523829428e-05 2.427943209736488302e-05 2.550168546694255088e-05 2.479725370525494150e-05 2.540157718850116300e-05 2.640981321657218055e-05 2.599323998282683374e-05 2.633293307617503516e-05 2.514836064711973969e-05 2.434638776123872726e-05 2.301707190673792894e-05 2.043967279545141587e-05 1.571528739074135999e-05 1.017766076186193929e-05
1.262595076895309845e-05 1.416813736700709946e-05 1.561704231193364672e-05 1.675256408614597922e-05 1.334582035763965326e-05 1.359996604287500079e-05 1.249951778501393281e-05 1.180143053973839009e-05 1.347486323758347260e-05 1.250900771504258218e-05 1.332716373115892869e-05 1.462433931750796407e-05 1.486123071779468933e-05 1.554003380711788899e-05 1.528087482548520857e-05 1.550211589935970478e-05 1.580583164032725365e-05 1.571528739074135999e-05 1.485540316347543434e-05 1.188987353530091831e-05
2.911682521653823061e-06 4.746251958440493755e-06 7.813835857249903089e-06 5.569706992068859719e-06 3.251381218587957927e-06 3.602954573135304114e-06 1.727455548852386072e-06 1.880511868341872340e-06 3.097144465199965634e-06 2.679206795254333383e-06 3.229693098568348863e-06 4.705213328464848644e-06 5.260268454916887307e-06 5.754710319564533898e-06 6.228140206669931146e-06 7.396029741560037215e-06 8.720371071219739154e-06 1.017766076186193929e-05 1.188987353530091831e-05 1.299220946603238474e-05
