4.489255640789751146e-08 7.641718219588271559e-09 4.764045386546752804e-09 2.446592429973774440e-09 -5.275810840862776595e-11 3.363315391291856624e-09 3.411457318433123235e-09 8.617400237070342654e-10 1.275971751268447999e-09 1.192359544290966572e-10 1.723918987720579566e-09 5.297567190632329567e-10 -2.993756566645050026e-11 -2.743072882115812644e-10 -7.392258467929326298e-10 -2.238973512694410560e-10 -2.955798071803234869e-10 -1.959294851202603987e-10 -2.032392311289580095e-11 2.467221136150485681e-10
7.641718219588271559e-09 4.342983242678195620e-08 5.064396850511960936e-09 4.479470461108191261e-09 -6.294984550844800504e-10 -1.034029529521074596e-09 3.032242566505738806e-09 3.322809963578201302e-10 2.331384685611809201e-09 1.088900404330467272e-09 3.130808835255604649e-10 4.626235742182402400e-10 -2.763706594057224715e-10 -6.888526240556738700e-12 3.496886431157190473e-11 -4.504570962434689214e-10 -5.974148544907307717e-10 -1.935823966486490372e-10 3.036511374716697041e-11 1.958151580099473755e-10
4.764045386546752804e-09 5.064396850511960936e-09 2.270683961755300546e-08 1.530430477347967476e-09 -6.685109580624256124e-10 -4.387469920911703792e-10 2.947582853985296064e-10 -2.936177286719085203e-10 7.025474292473112888e-10 2.614505623081256706e-10 2.627569159222724576e-10 5.007118813544924543e-10 3.638318287712918644e-11 -3.199791520186332172e-10 -6.639109926721591226e-11 1.034160854656700938e-11 1.530810546133588224e-10 3.170275213708475058e-10 2.634663536010495736e-11 -9.274827898602653617e-12
2.446592429973774440e-09 4.479470461108191261e-09 1.530430477347967476e-09 1.789720056027948427e-08 1.661233257802854547e-09 1.457385549395740734e-09 1.024467704470059184e-09 1.710187443563512314e-09 7.740817383611629648e-10 -2.451336292659891854e-10 3.777979578992636710e-10 1.874145705737606394e-10 5.286912917118697490e-11 -3.197543090733362631e-10 -6.811195857134056760e-10 -3.483475661725715326e-10 -3.284250016635789956e-10 -4.092008251196656836e-10 -3.256587035877447806e-10 3.279480736955614282e-12
-5.275810840862776595e-11 -6.294984550844800504e-10 -6.685109580624256124e-10 1.661233257802854547e-09 8.596097352854195083e-09 8.545039648340645484e-10 8.295720751325169192e-10 9.129482689071774502e-10 3.696131655813528891e-10 2.985233412086154189e-10 7.779019450033263276e-11 5.274384018497110908e-10 1.467108172227476703e-10 -1.587371798738487915e-10 -2.916397486118217850e-10 -1.703237449449710051e-10 -1.025491778539571539e-10 -7.904361597371466805e-11 -3.900586133572244251e-11 4.817223141660565949e-12
3.363315391291856624e-09 -1.034029529521074596e-09 -4.387469920911703792e-10 1.457385549395740734e-09 8.545039648340645484e-10 5.818099000749244990e-09 8.876799219445355219e-11 2.387099226899603856e-10 3.359129869493617400e-10 -1.028842952393524672e-10 1.460544348576002470e-10 3.204380744826686700e-10 2.086346338628634394e-10 1.359719248366339904e-10 -1.861657837790784998e-10 -3.205969180293783546e-11 1.039830009040718834e-10 1.137664930181490502e-10 -5.143708693255249820e-11 -3.083302264607032677e-11
3.411457318433123235e-09 3.032242566505738806e-09 2.947582853985296064e-10 1.024467704470059184e-09 8.295720751325169192e-10 8.876799219445355219e-11 4.397505640063015097e-09 4.454523877210626573e-10 3.200796796370209115e-10 4.974501528660576965e-10 1.694045737724183878e-10 9.625409408621548606e-11 -1.050468658425903620e-10 -1.511482567332717711e-10 -2.350411993584081805e-10 -8.751902322610808543e-11 -2.149908259762638302e-11 3.958173827469886419e-11 1.436141151175488269e-11 3.397214499994575902e-11
8.617400237070342654e-10 3.322809963578201302e-10 -2.936177286719085203e-10 1.710187443563512314e-09 9.129482689071774502e-10 2.387099226899603856e-10 4.454523877210626573e-10 3.138170229066498680e-09 7.287840289560813191e-10 8.061952236180422188e-11 2.356290934227438398e-10 1.002169005331667452e-10 1.193039846225544467e-10 6.442254921277490662e-11 9.535873551597936307e-12 1.315972771749989911e-10 -2.005571160203683137e-11 6.096500111415957136e-11 -1.105256054851212356e-10 -9.833344130805240034e-11
1.275971751268447999e-09 2.331384685611809201e-09 7.025474292473112888e-10 7.740817383611629648e-10 3.696131655813528891e-10 3.359129869493617400e-10 3.200796796370209115e-10 7.287840289560813191e-10 2.495768073688936681e-09 4.923491500351013045e-10 3.425288830298212700e-10 3.993118913808540921e-10 2.723235550939357290e-10 1.017151014320170675e-10 6.988514196911810764e-11 8.147596041130032795e-11 1.237189741438494253e-10 6.271037813768047214e-11 -5.372339890912924713e-11 -1.074674196184400804e-11
1.192359544290966572e-10 1.088900404330467272e-09 2.614505623081256706e-10 -2.451336292659891854e-10 2.985233412086154189e-10 -1.028842952393524672e-10 4.974501528660576965e-10 8.061952236180422188e-11 4.923491500351013045e-10 1.262129658680207069e-09 3.065390436551261199e-10 2.035173376043994892e-10 1.643584004874894805e-10 2.145671370239374990e-11 -5.590997802348599463e-12 2.474157395995523400e-11 6.314737586404444627e-11 -8.365197837447498167e-12 -2.168955792463241267e-11 -6.661379576077763218e-11
1.723918987720579566e-09 3.130808835255604649e-10 2.627569159222724576e-10 3.777979578992636710e-10 7.779019450033263276e-11 1.460544348576002470e-10 1.694045737724183878e-10 2.356290934227438398e-10 3.425288830298212700e-10 3.065390436551261199e-10 1.071500456060888016e-09 3.064043661426486891e-10 1.179564141766803344e-10 -3.435467644567257832e-11 -2.147522869220858712e-11 -4.242764502081580625e-11 -1.329623757164706914e-11 7.440645295153668263e-11 8.144689924959723958e-11 6.956580477012715437e-11
5.297567190632329567e-10 4.626235742182402400e-10 5.007118813544924543e-10 1.874145705737606394e-10 5.274384018497110908e-10 3.204380744826686700e-10 9.625409408621548606e-11 1.002169005331667452e-10 3.993118913808540921e-10 2.035173376043994892e-10 3.064043661426486891e-10 9.713222413936197953e-10 2.270909325289567302e-10 4.477318464555837527e-11 3.167262583638529308e-11 7.468469631450896212e-11 2.118292336133875019e-11 1.570041770414544487e-11 -4.748366706536257532e-11 -2.021576623546599665e-11
-2.993756566645050026e-11 -2.763706594057224715e-10 3.638318287712918644e-11 5.286912917118697490e-11 1.467108172227476703e-10 2.086346338628634394e-10 -1.050468658425903620e-10 1.193039846225544467e-10 2.723235550939357290e-10 1.643584004874894805e-10 1.179564141766803344e-10 2.270909325289567302e-10 4.966457612452109856e-10 2.338196612983482836e-10 1.176270150044488109e-10 1.272174707848562633e-10 1.125302372232957124e-10 9.244552666236459469e-11 3.859446734282011239e-11 3.901845098450006086e-12
-2.743072882115812644e-10 -6.888526240556738700e-12 -3.199791520186332172e-10 -3.197543090733362631e-10 -1.587371798738487915e-10 1.359719248366339904e-10 -1.511482567332717711e-10 6.442254921277490662e-11 1.017151014320170675e-10 2.145671370239374990e-11 -3.435467644567257832e-11 4.477318464555837527e-11 2.338196612983482836e-10 4.978163101595235862e-10 2.451811024203168903e-10 1.559316049308859714e-10 1.105122089065192756e-10 7.996462638313537328e-11 1.364707009074073852e-11 -1.881525024427091716e-12
-7.392258467929326298e-10 3.496886431157190473e-11 -6.639109926721591226e-11 -6.811195857134056760e-10 -2.916397486118217850e-10 -1.861657837790784998e-10 -2.350411993584081805e-10 9.535873551597936307e-12 6.988514196911810764e-11 -5.590997802348599463e-12 -2.147522869220858712e-11 3.167262583638529308e-11 1.176270150044488109e-10 2.451811024203168903e-10 4.621122784785610048e-10 2.279861076295560628e-10 1.279655580694714422e-10 7.396408671370208473e-11 4.205237170957322158e-11 1.406222552487676199e-11
-2.238973512694410560e-10 -4.504570962434689214e-10 1.034160854656700938e-11 -3.483475661725715326e-10 -1.703237449449710051e-10 -3.205969180293783546e-11 -8.751902322610808543e-11 1.315972771749989911e-10 8.147596041130032795e-11 2.474157395995523400e-11 -4.242764502081580625e-11 7.468469631450896212e-11 1.272174707848562633e-10 1.559316049308859714e-10 2.279861076295560628e-10 3.250733701614104044e-10 1.409933390139919581e-10 5.574881656963806742e-11 1.806876057008625128e-11 3.016999119931048988e-12
-2.955798071803234869e-10 -5.974148544907307717e-10 1.530810546133588224e-10 -3.284250016635789956e-10 -1.025491778539571539e-10 1.039830009040718834e-10 -2.149908259762638302e-11 -2.005571160203683137e-11 1.237189741438494253e-10 6.314737586404444627e-11 -1.329623757164706914e-11 2.118292336133875019e-11 1.125302372232957124e-10 1.105122089065192756e-10 1.279655580694714422e-10 1.409933390139919581e-10 2.640010866838069863e-10 1.571434415798634084e-10 6.844267254127389549e-11 1.762320983992054524e-11
-1.959294851202603987e-10 -1.935823966486490372e-10 3.170275213708475058e-10 -4.092008251196656836e-10 -7.904361597371466805e-11 1.137664930181490502e-10 3.958173827469886419e-11 6.096500111415957136e-11 6.271037813768047214e-11 -8.365197837447498167e-12 7.440645295153668263e-11 1.570041770414544487e-11 9.244552666236459469e-11 7.996462638313537328e-11 7.396408671370208473e-11 5.574881656963806742e-11 1.571434415798634084e-10 3.174505295207902914e-10 1.479357541721140549e-10 4.845381313417362817e-11
-2.032392311289580095e-11 3.036511374716697041e-11 2.634663536010495736e-11 -3.256587035877447806e-10 -3.900586133572244251e-11 -5.143708693255249820e-11 1.436141151175488269e-11 -1.105256054851212356e-10 -5.372339890912924713e-11 -2.168955792463241267e-11 8.144689924959723958e-11 -4.748366706536257532e-11 3.859446734282011239e-11 1.364707009074073852e-11 4.205237170957322158e-11 1.806876057008625128e-11 6.844267254127389549e-11 1.479357541721140549e-10 1.989502553597125373e-10 9.184761243944876325e-11
2.467221136150485681e-10 1.958151580099473755e-10 -9.274827898602653617e-12 3.279480736955614282e-12 4.817223141660565949e-12 -3.083302264607032677e-11 3.397214499994575902e-11 -9.833344130805240034e-11 -1.074674196184400804e-11 -6.661379576077763218e-11 6.956580477012715437e-11 -2.021576623546599665e-11 3.901845098450006086e-12 -1.881525024427091716e-12 1.406222552487676199e-11 3.016999119931048988e-12 1.762320983992054524e-11 4.845381313417362817e-11 9.184761243944876325e-11 1.546475364252105942e-10
