2.050085427808171331e-06 1.351171172223089749e-06 1.221483084892697043e-06 1.164035683001565896e-06 1.078880095098897936e-06 1.010038028214647840e-06 9.013220886929623434e-07 9.006574453571403405e-07 7.541301111746454578e-07 6.487881434662215605e-07 6.098263619225930342e-07 5.261730725616002934e-07 4.804904487495975500e-07 4.597385235453729115e-07 3.917486755274207961e-07 2.476880673174035136e-07 1.412448362109729637e-07 1.415249377729707205e-08 -8.059300811623756539e-08 -3.364921526816675804e-08
1.351171172223089749e-06 1.945135264564003914e-06 1.390674282635535775e-06 1.317754639180054638e-06 1.181936616575069423e-06 1.097898719428905949e-06 9.453136725060493705e-07 9.875771936137308922e-07 8.632392324141520606e-07 7.556393204457252841e-07 6.925599539303376224e-07 6.335388622593792713e-07 5.724807495181757595e-07 5.252760314469816732e-07 4.266559988744261765e-07 2.767463584875177640e-07 1.735168372576809707e-07 6.777049247286595187e-08 -1.415428843090394894e-08 4.714795449802977666e-09
1.221483084892697043e-06 1.390674282635535775e-06 1.834444906518185127e-06 1.461154031516907245e-06 1.310922918857533971e-06 1.223794860112693528e-06 1.061556554170594637e-06 1.080195596565711663e-06 9.377474973295374955e-07 8.422624198717254528e-07 7.446054351203970042e-07 6.411897286454517109e-07 5.886437307843126854e-07 5.662283372344109266e-07 4.876624431585909665e-07 2.700312263989067688e-07 9.857689902729011854e-08 -6.404175754413353249e-08 -1.411309049812272827e-07 -1.494743050729652447e-07
1.164035683001565896e-06 1.317754639180054638e-06 1.461154031516907245e-06 1.668584839622207911e-06 1.375050304581771780e-06 1.240468683735498431e-06 1.110738100900026659e-06 1.101272808891611639e-06 9.754329597700705083e-07 8.362317506051259620e-07 7.570927092520893318e-07 6.786761198024895393e-07 6.302096983241501315e-07 6.023810335702360928e-07 5.227704986502469924e-07 3.554060290510873882e-07 1.657656118720765304e-07 4.189786499609375107e-09 -1.087557585622594184e-07 -1.006896254552380162e-07
1.078880095098897936e-06 1.181936616575069423e-06 1.310922918857533971e-06 1.375050304581771780e-06 1.484183335476265153e-06 1.226658243173213029e-06 1.062882544459351489e-06 1.083761827594461296e-06 9.393232235607354022e-07 8.470528408093351471e-07 7.694142550975058093e-07 6.825786733292896355e-07 6.307789710529676309e-07 5.951847313689238461e-07 5.074591926567399014e-07 3.523176758722449402e-07 2.123315893230095721e-07 9.826214193773968591e-08 3.810663874450342935e-08 7.654884913554732181e-08
1.010038028214647840e-06 1.097898719428905949e-06 1.223794860112693528e-06 1.240468683735498431e-06 1.226658243173213029e-06 1.315319673024693161e-06 1.093503818569468586e-06 1.050517006636058856e-06 9.131360290981856547e-07 8.223852720080560203e-07 7.041658583651982501e-07 6.485221909124556972e-07 5.855006043195503948e-07 5.642059315825257909e-07 4.769576750092193588e-07 3.180928536485752828e-07 1.548644092454188539e-07 2.787178863322480298e-08 -2.592517522546128279e-08 4.572241867394821480e-08
9.013220886929623434e-07 9.453136725060493705e-07 1.061556554170594637e-06 1.110738100900026659e-06 1.062882544459351489e-06 1.093503818569468586e-06 1.094002173558359431e-06 9.891627427312066364e-07 8.718056988685787997e-07 7.761400327167475511e-07 6.821067882394269451e-07 6.223587406480461717e-07 5.720972453803604158e-07 5.470282962730688720e-07 4.559088078126781092e-07 3.032221904579971613e-07 1.489580513918659519e-07 4.188043317058375103e-08 -2.334755785697920129e-08 1.377608569227105226e-08
9.006574453571403405e-07 9.875771936137308922e-07 1.080195596565711663e-06 1.101272808891611639e-06 1.083761827594461296e-06 1.050517006636058856e-06 9.891627427312066364e-07 1.063089725906940127e-06 9.311810675502452123e-07 8.363741996805540770e-07 7.632234005871627357e-07 7.018254027944795576e-07 6.427920149494975178e-07 5.955371176554974320e-07 4.970167233700602878e-07 3.355688186684179784e-07 1.823250930006186579e-07 6.056455359909960729e-08 -8.554774743493400284e-09 3.392669740947459570e-08
7.541301111746454578e-07 8.632392324141520606e-07 9.377474973295374955e-07 9.754329597700705083e-07 9.393232235607354022e-07 9.131360290981856547e-07 8.718056988685787997e-07 9.311810675502452123e-07 9.442821272801184234e-07 8.331535364181629423e-07 7.589379712121973607e-07 6.975354261142607897e-07 6.413903782394945915e-07 5.968676138505488690e-07 4.877461140450291139e-07 3.354389763326107628e-07 1.988639354294289247e-07 9.161060895409184327e-08 2.084475622725497327e-08 4.002891899741418506e-08
6.487881434662215605e-07 7.556393204457252841e-07 8.422624198717254528e-07 8.362317506051259620e-07 8.470528408093351471e-07 8.223852720080560203e-07 7.761400327167475511e-07 8.363741996805540770e-07 8.331535364181629423e-07 8.391356835682055752e-07 7.589966290849318954e-07 7.034237117830830682e-07 6.471338846236063079e-07 5.998790573667700467e-07 4.878600556291874718e-07 3.505223655338452092e-07 2.115013425902980606e-07 1.024743829091703224e-07 4.026825269677917027e-08 1.045480527048515924e-08
6.098263619225930342e-07 6.925599539303376224e-07 7.446054351203970042e-07 7.570927092520893318e-07 7.694142550975058093e-07 7.041658583651982501e-07 6.821067882394269451e-07 7.632234005871627357e-07 7.589379712121973607e-07 7.589966290849318954e-07 7.870169566882196015e-07 7.259872633088712811e-07 6.875346970699836170e-07 6.215728070437084267e-07 5.212768219617177960e-07 3.900603784859879409e-07 2.531984202369767933e-07 1.488077881896250443e-07 6.791357906054730803e-08 1.438423588912919145e-08
5.261730725616002934e-07 6.335388622593792713e-07 6.411897286454517109e-07 6.786761198024895393e-07 6.825786733292896355e-07 6.485221909124556972e-07 6.223587406480461717e-07 7.018254027944795576e-07 6.975354261142607897e-07 7.034237117830830682e-07 7.259872633088712811e-07 7.517148597004375338e-07 7.234197149603902782e-07 6.674761935969806680e-07 5.653517319870870353e-07 4.432647041047554538e-07 3.073435882313670397e-07 1.892129838228987877e-07 1.065967505186778770e-07 5.650744446999609663e-08
4.804904487495975500e-07 5.724807495181757595e-07 5.886437307843126854e-07 6.302096983241501315e-07 6.307789710529676309e-07 5.855006043195503948e-07 5.720972453803604158e-07 6.427920149494975178e-07 6.413903782394945915e-07 6.471338846236063079e-07 6.875346970699836170e-07 7.234197149603902782e-07 7.745253461607663172e-07 7.408886502763548607e-07 6.512822315468598620e-07 5.187114856186926153e-07 3.805545360230828055e-07 2.569731113201325156e-07 1.524357998988183593e-07 8.585697917815623040e-08
4.597385235453729115e-07 5.252760314469816732e-07 5.662283372344109266e-07 6.023810335702360928e-07 5.951847313689238461e-07 5.642059315825257909e-07 5.470282962730688720e-07 5.955371176554974320e-07 5.968676138505488690e-07 5.998790573667700467e-07 6.215728070437084267e-07 6.674761935969806680e-07 7.408886502763548607e-07 8.137165211337829672e-07 7.579454883413836313e-07 6.180135797258141407e-07 4.793137748409403457e-07 3.280091916922435133e-07 2.053073928630639119e-07 9.934179482232401444e-08
3.917486755274207961e-07 4.266559988744261765e-07 4.876624431585909665e-07 5.227704986502469924e-07 5.074591926567399014e-07 4.769576750092193588e-07 4.559088078126781092e-07 4.970167233700602878e-07 4.877461140450291139e-07 4.878600556291874718e-07 5.212768219617177960e-07 5.653517319870870353e-07 6.512822315468598620e-07 7.579454883413836313e-07 8.013770916571640295e-07 6.976220171942553932e-07 5.805617788378385597e-07 4.253335768116688578e-07 2.761558560667448811e-07 1.261781755323354907e-07
2.476880673174035136e-07 2.767463584875177640e-07 2.700312263989067688e-07 3.554060290510873882e-07 3.523176758722449402e-07 3.180928536485752828e-07 3.032221904579971613e-07 3.355688186684179784e-07 3.354389763326107628e-07 3.505223655338452092e-07 3.900603784859879409e-07 4.432647041047554538e-07 5.187114856186926153e-07 6.180135797258141407e-07 6.976220171942553932e-07 7.179950458498003851e-07 6.699833935705315826e-07 5.343683325855395010e-07 3.689759006656202639e-07 1.897727771723341468e-07
1.412448362109729637e-07 1.735168372576809707e-07 9.857689902729011854e-08 1.657656118720765304e-07 2.123315893230095721e-07 1.548644092454188539e-07 1.489580513918659519e-07 1.823250930006186579e-07 1.988639354294289247e-07 2.115013425902980606e-07 2.531984202369767933e-07 3.073435882313670397e-07 3.805545360230828055e-07 4.793137748409403457e-07 5.805617788378385597e-07 6.699833935705315826e-07 7.954440614997446696e-07 7.255136451921884175e-07 5.528196226977889729e-07 3.270076603736838278e-07
1.415249377729707205e-08 6.777049247286595187e-08 -6.404175754413353249e-08 4.189786499609375107e-09 9.826214193773968591e-08 2.787178863322480298e-08 4.188043317058375103e-08 6.056455359909960729e-08 9.161060895409184327e-08 1.024743829091703224e-07 1.488077881896250443e-07 1.892129838228987877e-07 2.569731113201325156e-07 3.280091916922435133e-07 4.253335768116688578e-07 5.343683325855395010e-07 7.255136451921884175e-07 8.296609254117466327e-07 7.339399109522208974e-07 4.806858737290936774e-07
-8.059300811623756539e-08 -1.415428843090394894e-08 -1.411309049812272827e-07 -1.087557585622594184e-07 3.810663874450342935e-08 -2.592517522546128279e-08 -2.334755785697920129e-08 -8.554774743493400284e-09 2.084475622725497327e-08 4.026825269677917027e-08 6.791357906054730803e-08 1.065967505186778770e-07 1.524357998988183593e-07 2.053073928630639119e-07 2.761558560667448811e-07 3.689759006656202639e-07 5.528196226977889729e-07 7.339399109522208974e-07 8.317477643474307418e-07 6.906856366828799718e-07
-3.364921526816675804e-08 4.714795449802977666e-09 -1.494743050729652447e-07 -1.006896254552380162e-07 7.654884913554732181e-08 4.572241867394821480e-08 1.377608569227105226e-08 3.392669740947459570e-08 4.002891899741418506e-08 1.045480527048515924e-08 1.438423588912919145e-08 5.650744446999609663e-08 8.585697917815623040e-08 9.934179482232401444e-08 1.261781755323354907e-07 1.897727771723341468e-07 3.270076603736838278e-07 4.806858737290936774e-07 6.906856366828799718e-07 9.324807487054776576e-07
