6.023936863690950964e-08 -4.349115928504525112e-09 7.410444330285352039e-09 2.688706252867110943e-09 -1.904583125781865815e-09 -6.548841371784727167e-10 -1.115295532908741340e-09 -5.648170394478482217e-10 -9.290682884465069479e-10 2.012449107459740415e-10 1.055055806260311304e-09 5.988871285147620778e-10 -3.789784960060221629e-10 -5.300041512196959175e-10 -5.157820678414840508e-10 1.456928051570560981e-11 4.659404950884979118e-11 3.247032939806435881e-10 3.787847524283282473e-10 1.171992576085363789e-10
-4.349115928504525112e-09 4.294137754818876985e-08 4.289410280051123054e-09 1.617664762699902095e-09 -4.443136346387094802e-10 1.871589743406064471e-09 -4.482447411167613107e-10 1.303603922936970748e-09 -2.845322538106884151e-10 4.088547870915295442e-10 -5.459580067104862047e-10 -4.725275858123718217e-10 2.961196349522264779e-10 -3.721362449387370305e-10 -2.589417917192247987e-10 7.910544001587433572e-11 2.707096587538740422e-10 3.177794598993494760e-10 1.606288201833696399e-10 2.090810730954625710e-11
7.410444330285352039e-09 4.289410280051123054e-09 2.183440657301381426e-08 2.331378514641719508e-09 -6.346713601064047923e-10 1.666951300637823997e-09 -1.176275770213344326e-09 -1.188317344103008186e-09 5.013479553960996964e-10 -7.653896520285029497e-11 -1.957035348491130138e-10 -3.968082967642619427e-10 -9.884739380811912780e-11 -5.771410930436612821e-11 -1.083341056352057575e-10 7.504158946607265610e-13 9.640900080361243801e-11 3.365045772291756364e-10 1.941344381788291934e-11 1.924299498440438956e-10
2.688706252867110943e-09 1.617664762699902095e-09 2.331378514641719508e-09 1.654544382706497851e-08 -1.117498329475592848e-09 1.706504430955887782e-09 1.712708731627180589e-10 7.069520226200130372e-10 6.532042492552710849e-10 -3.344518448454543997e-10 -4.730172480514983519e-10 9.333009229839208117e-12 4.845293190303298767e-11 1.058807134877680040e-10 -9.226101680647584714e-12 4.112797136527110925e-11 1.202429298966646830e-10 5.862018027721393123e-11 -8.212163635602484043e-11 -5.812429467256832203e-11
-1.904583125781865815e-09 -4.443136346387094802e-10 -6.346713601064047923e-10 -1.117498329475592848e-09 9.936076467526760235e-09 1.387633941025779305e-09 -1.332580823337033530e-10 3.345229900167034448e-10 9.715390248965489014e-10 3.348670579025751303e-10 1.655595406637981089e-10 -1.927288088592580820e-10 3.258532233115264782e-11 -1.568891790102445915e-10 -1.774855915163934439e-10 -4.281109137613332739e-11 1.704498575141135126e-10 -2.278598907928823859e-11 1.351930757839348169e-11 4.230387842634644726e-11
-6.548841371784727167e-10 1.871589743406064471e-09 1.666951300637823997e-09 1.706504430955887782e-09 1.387633941025779305e-09 6.755520755766854751e-09 7.850793804082261133e-10 3.514000062535037932e-11 7.276807133244428860e-10 5.691569354538248078e-10 2.544080934044063344e-10 2.909085998216418169e-11 2.766432690727491203e-10 9.994924199332016100e-12 7.570502353605468574e-11 -5.469199306172982098e-12 -7.966110490310929509e-11 -1.394153100375225302e-10 -8.970997120607676197e-12 4.491442149479506256e-11
-1.115295532908741340e-09 -4.482447411167613107e-10 -1.176275770213344326e-09 1.712708731627180589e-10 -1.332580823337033530e-10 7.850793804082261133e-10 3.243827167196241083e-09 3.083216208139985648e-10 4.163006231894369269e-10 2.294772724643114131e-10 -2.867134376793056100e-10 -9.468563349995475175e-11 -1.749797636763333696e-10 -7.596099390674217839e-11 4.659869206877900849e-11 -2.948438769041287414e-11 -1.309624850420096979e-10 -9.653456888139692701e-11 -1.274115317027581835e-11 -1.930915495425952537e-11
-5.648170394478482217e-10 1.303603922936970748e-09 -1.188317344103008186e-09 7.069520226200130372e-10 3.345229900167034448e-10 3.514000062535037932e-11 3.083216208139985648e-10 3.434162267671187590e-09 1.509149472163926632e-10 1.048443301667567828e-10 -1.386533636122267865e-10 9.058329139921901775e-11 8.171352208605835763e-11 -2.030566644170254399e-10 -6.243910948152966379e-11 2.097778772731041553e-11 -6.768658918325020956e-11 -1.025999637052724378e-10 4.670982121394902906e-12 8.394708606399371941e-11
-9.290682884465069479e-10 -2.845322538106884151e-10 5.013479553960996964e-10 6.532042492552710849e-10 9.715390248965489014e-10 7.276807133244428860e-10 4.163006231894369269e-10 1.509149472163926632e-10 1.748604413566043180e-09 3.242903808539861356e-10 1.722296712103915148e-11 -9.029314772992554987e-12 1.747010989957029222e-10 1.185647757843239447e-10 1.138197063293017384e-10 -1.505016601678024204e-11 -4.244251874692120071e-11 -5.613172058607155378e-11 -2.318652487301064439e-11 3.331398827535316908e-11
2.012449107459740415e-10 4.088547870915295442e-10 -7.653896520285029497e-11 -3.344518448454543997e-10 3.348670579025751303e-10 5.691569354538248078e-10 2.294772724643114131e-10 1.048443301667567828e-10 3.242903808539861356e-10 1.662979430430528199e-09 4.425001516445584301e-10 1.720636445559102801e-10 6.718705116953226914e-11 -3.372448984448888305e-11 6.440784086046199906e-11 5.386170762110581599e-11 3.890268712598662176e-11 7.719502902471276591e-11 6.387520809052259078e-11 -4.811315762112535876e-12
1.055055806260311304e-09 -5.459580067104862047e-10 -1.957035348491130138e-10 -4.730172480514983519e-10 1.655595406637981089e-10 2.544080934044063344e-10 -2.867134376793056100e-10 -1.386533636122267865e-10 1.722296712103915148e-11 4.425001516445584301e-10 1.114844365779759748e-09 2.063572187493939003e-10 1.330334237282865660e-10 1.006145168057539316e-10 3.109159849915903001e-11 -1.594288993374191178e-11 6.188655632382754327e-11 3.080691228015378450e-11 2.785679997462810779e-11 -8.348804167640691337e-12
5.988871285147620778e-10 -4.725275858123718217e-10 -3.968082967642619427e-10 9.333009229839208117e-12 -1.927288088592580820e-10 2.909085998216418169e-11 -9.468563349995475175e-11 9.058329139921901775e-11 -9.029314772992554987e-12 1.720636445559102801e-10 2.063572187493939003e-10 7.561477886856747318e-10 1.682814161458477644e-10 1.098547751694086034e-10 3.131331801245909350e-11 -3.948927352346523487e-11 -2.668233963010554712e-11 1.473665077163767425e-11 5.383381707356803126e-11 -8.178816737295641369e-12
-3.789784960060221629e-10 2.961196349522264779e-10 -9.884739380811912780e-11 4.845293190303298767e-11 3.258532233115264782e-11 2.766432690727491203e-10 -1.749797636763333696e-10 8.171352208605835763e-11 1.747010989957029222e-10 6.718705116953226914e-11 1.330334237282865660e-10 1.682814161458477644e-10 5.829021850347161881e-10 2.470597959662620263e-10 4.931418472187271455e-11 -1.535138451809847445e-11 -1.372154672320725319e-11 8.177749166961632174e-13 2.120742298506812558e-11 2.026285618228147824e-13
-5.300041512196959175e-10 -3.721362449387370305e-10 -5.771410930436612821e-11 1.058807134877680040e-10 -1.568891790102445915e-10 9.994924199332016100e-12 -7.596099390674217839e-11 -2.030566644170254399e-10 1.185647757843239447e-10 -3.372448984448888305e-11 1.006145168057539316e-10 1.098547751694086034e-10 2.470597959662620263e-10 3.832299022731313541e-10 1.387900728059104475e-10 1.959977342668714124e-11 -2.960487789213785726e-12 -7.891630424510549610e-12 4.489952755029329049e-12 5.017759432607577558e-12
-5.157820678414840508e-10 -2.589417917192247987e-10 -1.083341056352057575e-10 -9.226101680647584714e-12 -1.774855915163934439e-10 7.570502353605468574e-11 4.659869206877900849e-11 -6.243910948152966379e-11 1.138197063293017384e-10 6.440784086046199906e-11 3.109159849915903001e-11 3.131331801245909350e-11 4.931418472187271455e-11 1.387900728059104475e-10 3.033083920498220833e-10 7.598900446794473946e-11 -1.655144720150291823e-11 -8.675913964887521735e-12 -1.058953754008757759e-12 1.024687648022181111e-11
1.456928051570560981e-11 7.910544001587433572e-11 7.504158946607265610e-13 4.112797136527110925e-11 -4.281109137613332739e-11 -5.469199306172982098e-12 -2.948438769041287414e-11 2.097778772731041553e-11 -1.505016601678024204e-11 5.386170762110581599e-11 -1.594288993374191178e-11 -3.948927352346523487e-11 -1.535138451809847445e-11 1.959977342668714124e-11 7.598900446794473946e-11 2.138731889129012222e-10 9.310320835917873790e-11 3.742406840193681228e-11 1.046826798852330909e-11 2.524502071598366732e-11
4.659404950884979118e-11 2.707096587538740422e-10 9.640900080361243801e-11 1.202429298966646830e-10 1.704498575141135126e-10 -7.966110490310929509e-11 -1.309624850420096979e-10 -6.768658918325020956e-11 -4.244251874692120071e-11 3.890268712598662176e-11 6.188655632382754327e-11 -2.668233963010554712e-11 -1.372154672320725319e-11 -2.960487789213785726e-12 -1.655144720150291823e-11 9.310320835917873790e-11 1.939797494122677890e-10 8.695847506773223164e-11 1.382473518705818939e-11 -9.950703118636963004e-12
3.247032939806435881e-10 3.177794598993494760e-10 3.365045772291756364e-10 5.862018027721393123e-11 -2.278598907928823859e-11 -1.394153100375225302e-10 -9.653456888139692701e-11 -1.025999637052724378e-10 -5.613172058607155378e-11 7.719502902471276591e-11 3.080691228015378450e-11 1.473665077163767425e-11 8.177749166961632174e-13 -7.891630424510549610e-12 -8.675913964887521735e-12 3.742406840193681228e-11 8.695847506773223164e-11 1.628030040283354063e-10 4.931919170558471573e-11 -6.240058235398614864e-12
3.787847524283282473e-10 1.606288201833696399e-10 1.941344381788291934e-11 -8.212163635602484043e-11 1.351930757839348169e-11 -8.970997120607676197e-12 -1.274115317027581835e-11 4.670982121394902906e-12 -2.318652487301064439e-11 6.387520809052259078e-11 2.785679997462810779e-11 5.383381707356803126e-11 2.120742298506812558e-11 4.489952755029329049e-12 -1.058953754008757759e-12 1.046826798852330909e-11 1.382473518705818939e-11 4.931919170558471573e-11 7.614883628932367714e-11 1.648511330938888699e-11
1.171992576085363789e-10 2.090810730954625710e-11 1.924299498440438956e-10 -5.812429467256832203e-11 4.230387842634644726e-11 4.491442149479506256e-11 -1.930915495425952537e-11 8.394708606399371941e-11 3.331398827535316908e-11 -4.811315762112535876e-12 -8.348804167640691337e-12 -8.178816737295641369e-12 2.026285618228147824e-13 5.017759432607577558e-12 1.024687648022181111e-11 2.524502071598366732e-11 -9.950703118636963004e-12 -6.240058235398614864e-12 1.648511330938888699e-11 8.692471113789843422e-11
