6.576006312136140303e-05 4.283212736701290466e-05 4.114985838694095631e-05 3.719518227784551935e-05 3.592923685497918692e-05 3.428973856858874363e-05 3.657720153027779595e-05 3.600371820518150518e-05 3.481574455341106294e-05 3.335263293784978427e-05 3.294257189086337116e-05 3.156025828570163997e-05 2.999954906564919070e-05 2.838225505539785672e-05 2.479851377144787282e-05 2.237119169145601610e-05 1.838366835577847022e-05 1.364757142182931469e-05 8.309772294129146391e-06 2.931282581511682882e-06
4.283212736701290466e-05 6.487234044507776676e-05 4.445495344871197536e-05 4.165286806147286191e-05 4.247216130289327939e-05 3.806672879514541233e-05 3.930241125972790313e-05 4.020776772178820391e-05 3.845101775091720644e-05 3.653344752800810478e-05 3.591248920944606257e-05 3.462013618957811252e-05 3.302805673916292474e-05 3.082774684518208079e-05 2.684671180714770912e-05 2.279395376081593729e-05 1.758427263341621216e-05 1.159457432431067004e-05 5.497553115768899201e-06 1.344434798515832599e-07
4.114985838694095631e-05 4.445495344871197536e-05 5.594906375644721351e-05 4.134446012123424777e-05 3.891003004841249392e-05 3.630426673617456702e-05 3.834875686590130493e-05 3.719189572305070708e-05 3.598991298909035252e-05 3.492739342574673294e-05 3.394504543567440933e-05 3.271939414050600224e-05 3.116016380934265675e-05 2.934657626735314492e-05 2.575283923540915701e-05 2.220528655097059594e-05 1.800112952921854739e-05 1.311572188020758683e-05 8.317794522816921392e-06 3.871763006275667496e-06
3.719518227784551935e-05 4.165286806147286191e-05 4.134446012123424777e-05 4.618366040199296688e-05 3.830087838109094228e-05 3.561614686972841434e-05 3.670985327539746582e-05 3.640551653358765238e-05 3.579803893777582652e-05 3.496764671181189563e-05 3.375435100365493620e-05 3.254883380601194739e-05 3.133223648303239302e-05 2.961033063496671788e-05 2.614327828623384998e-05 2.261861524908531009e-05 1.840950487785037904e-05 1.367170507269136659e-05 8.507626323351233605e-06 3.506434965012927096e-06
3.592923685497918692e-05 4.247216130289327939e-05 3.891003004841249392e-05 3.830087838109094228e-05 4.445664618218763531e-05 3.450061619054119660e-05 3.766701589993714594e-05 3.676363646778932722e-05 3.599751482090100552e-05 3.416886708669462903e-05 3.296228742025151290e-05 3.136757503368142416e-05 2.997795040863939346e-05 2.806405967369379970e-05 2.484255521134578110e-05 2.135927679967013606e-05 1.723855163589364475e-05 1.249626582777736780e-05 7.035184026439456226e-06 2.270559794349913934e-06
3.428973856858874363e-05 3.806672879514541233e-05 3.630426673617456702e-05 3.561614686972841434e-05 3.450061619054119660e-05 3.508727673172133736e-05 3.410628430209634566e-05 3.357808838530377833e-05 3.254404195351674311e-05 3.122591038885407210e-05 3.015065194475031213e-05 2.918383207252949076e-05 2.836256666986598980e-05 2.669354040535056854e-05 2.368018305398208824e-05 2.042977874023326864e-05 1.677031054090611083e-05 1.226521751734994893e-05 7.227446281739713977e-06 2.794608368995466754e-06
3.657720153027779595e-05 3.930241125972790313e-05 3.834875686590130493e-05 3.670985327539746582e-05 3.766701589993714594e-05 3.410628430209634566e-05 3.813720851716888820e-05 3.596955991718546599e-05 3.486929911979591611e-05 3.383021640681703327e-05 3.265989637229487803e-05 3.127284190724445573e-05 3.011063054225530865e-05 2.836371521110287917e-05 2.530520359518094234e-05 2.187255370284784059e-05 1.788217133310691139e-05 1.306818442222140691e-05 7.730472963150027539e-06 2.930011311622237134e-06
3.600371820518150518e-05 4.020776772178820391e-05 3.719189572305070708e-05 3.640551653358765238e-05 3.676363646778932722e-05 3.357808838530377833e-05 3.596955991718546599e-05 3.794010158366290138e-05 3.543227731918089317e-05 3.420272472627947221e-05 3.332645517452653472e-05 3.208109147004001126e-05 3.081974643228911073e-05 2.910317052356474333e-05 2.582746794033670895e-05 2.206776103097494356e-05 1.779809879104750781e-05 1.283414451429104643e-05 7.072510807666052045e-06 2.120696135665825852e-06
3.481574455341106294e-05 3.845101775091720644e-05 3.598991298909035252e-05 3.579803893777582652e-05 3.599751482090100552e-05 3.254404195351674311e-05 3.486929911979591611e-05 3.543227731918089317e-05 3.549898881243203824e-05 3.338825494356734169e-05 3.220184129788481055e-05 3.093914510980414682e-05 2.977677627047393079e-05 2.801131810283734503e-05 2.484944051875983203e-05 2.122865844330473265e-05 1.720932550876316008e-05 1.248902361484018436e-05 7.095235690628671170e-06 2.316201446818313771e-06
3.335263293784978427e-05 3.653344752800810478e-05 3.492739342574673294e-05 3.496764671181189563e-05 3.416886708669462903e-05 3.122591038885407210e-05 3.383021640681703327e-05 3.420272472627947221e-05 3.338825494356734169e-05 3.378441103203225654e-05 3.210319343989795739e-05 3.091605680618462072e-05 2.991762408193362775e-05 2.815506441854599860e-05 2.505494436490374860e-05 2.174313346070968578e-05 1.758021983436177158e-05 1.286732920764602292e-05 7.284268554971360377e-06 2.372508003314237010e-06
3.294257189086337116e-05 3.591248920944606257e-05 3.394504543567440933e-05 3.375435100365493620e-05 3.296228742025151290e-05 3.015065194475031213e-05 3.265989637229487803e-05 3.332645517452653472e-05 3.220184129788481055e-05 3.210319343989795739e-05 3.162797334830169844e-05 3.028761518262835248e-05 2.916082920475381954e-05 2.743497740376047824e-05 2.431057660474707211e-05 2.089226928005962118e-05 1.694297709591062549e-05 1.243990412090861035e-05 7.171892787761813054e-06 2.390567202453025261e-06
3.156025828570163997e-05 3.462013618957811252e-05 3.271939414050600224e-05 3.254883380601194739e-05 3.136757503368142416e-05 2.918383207252949076e-05 3.127284190724445573e-05 3.208109147004001126e-05 3.093914510980414682e-05 3.091605680618462072e-05 3.028761518262835248e-05 2.993042450644703301e-05 2.891873590316564502e-05 2.725949827292825254e-05 2.425605997564739990e-05 2.100217719949390178e-05 1.719715261909501299e-05 1.286108997785256063e-05 7.671546037119585990e-06 2.916115886373282068e-06
2.999954906564919070e-05 3.302805673916292474e-05 3.116016380934265675e-05 3.133223648303239302e-05 2.997795040863939346e-05 2.836256666986598980e-05 3.011063054225530865e-05 3.081974643228911073e-05 2.977677627047393079e-05 2.991762408193362775e-05 2.916082920475381954e-05 2.891873590316564502e-05 2.884545552728389530e-05 2.723033748120526562e-05 2.433480029643698064e-05 2.118824342454130131e-05 1.738928591427789207e-05 1.302589798327301997e-05 7.716113519208985189e-06 2.727180860579837611e-06
2.838225505539785672e-05 3.082774684518208079e-05 2.934657626735314492e-05 2.961033063496671788e-05 2.806405967369379970e-05 2.669354040535056854e-05 2.836371521110287917e-05 2.910317052356474333e-05 2.801131810283734503e-05 2.815506441854599860e-05 2.743497740376047824e-05 2.725949827292825254e-05 2.723033748120526562e-05 2.630949954091462011e-05 2.367444288696694211e-05 2.082826228789931374e-05 1.715502417414234039e-05 1.302642040755672885e-05 8.014459508572730812e-06 3.081400289385120404e-06
2.479851377144787282e-05 2.684671180714770912e-05 2.575283923540915701e-05 2.614327828623384998e-05 2.484255521134578110e-05 2.368018305398208824e-05 2.530520359518094234e-05 2.582746794033670895e-05 2.484944051875983203e-05 2.505494436490374860e-05 2.431057660474707211e-05 2.425605997564739990e-05 2.433480029643698064e-05 2.367444288696694211e-05 2.190100220839295934e-05 1.939011912575637405e-05 1.602968400099622214e-05 1.225264717954907931e-05 7.739372265580969358e-06 3.175356588721121696e-06
2.237119169145601610e-05 2.279395376081593729e-05 2.220528655097059594e-05 2.261861524908531009e-05 2.135927679967013606e-05 2.042977874023326864e-05 2.187255370284784059e-05 2.206776103097494356e-05 2.122865844330473265e-05 2.174313346070968578e-05 2.089226928005962118e-05 2.100217719949390178e-05 2.118824342454130131e-05 2.082826228789931374e-05 1.939011912575637405e-05 1.806700396726847776e-05 1.535425103490172728e-05 1.221217417172943698e-05 8.198942381080878805e-06 3.953151491883701864e-06
1.838366835577847022e-05 1.758427263341621216e-05 1.800112952921854739e-05 1.840950487785037904e-05 1.723855163589364475e-05 1.677031054090611083e-05 1.788217133310691139e-05 1.779809879104750781e-05 1.720932550876316008e-05 1.758021983436177158e-05 1.694297709591062549e-05 1.719715261909501299e-05 1.738928591427789207e-05 1.715502417414234039e-05 1.602968400099622214e-05 1.535425103490172728e-05 1.388719789483481448e-05 1.159487197509086146e-05 8.343958422516934274e-06 4.671531166848936922e-06
1.364757142182931469e-05 1.159457432431067004e-05 1.311572188020758683e-05 1.367170507269136659e-05 1.249626582777736780e-05 1.226521751734994893e-05 1.306818442222140691e-05 1.283414451429104643e-05 1.248902361484018436e-05 1.286732920764602292e-05 1.243990412090861035e-05 1.286108997785256063e-05 1.302589798327301997e-05 1.302642040755672885e-05 1.225264717954907931e-05 1.221217417172943698e-05 1.159487197509086146e-05 1.070631134824813785e-05 8.483168638861999486e-06 5.551891103905944688e-06
8.309772294129146391e-06 5.497553115768899201e-06 8.317794522816921392e-06 8.507626323351233605e-06 7.035184026439456226e-06 7.227446281739713977e-06 7.730472963150027539e-06 7.072510807666052045e-06 7.095235690628671170e-06 7.284268554971360377e-06 7.171892787761813054e-06 7.671546037119585990e-06 7.716113519208985189e-06 8.014459508572730812e-06 7.739372265580969358e-06 8.198942381080878805e-06 8.343958422516934274e-06 8.483168638861999486e-06 8.139595869549118024e-06 6.453425163574033197e-06
2.931282581511682882e-06 1.344434798515832599e-07 3.871763006275667496e-06 3.506434965012927096e-06 2.270559794349913934e-06 2.794608368995466754e-06 2.930011311622237134e-06 2.120696135665825852e-06 2.316201446818313771e-06 2.372508003314237010e-06 2.390567202453025261e-06 2.916115886373282068e-06 2.727180860579837611e-06 3.081400289385120404e-06 3.175356588721121696e-06 3.953151491883701864e-06 4.671531166848936922e-06 5.551891103905944688e-06 6.453425163574033197e-06 6.699449103231592044e-06
