7.476657974510384766e-05 6.943187570611022595e-05 7.047792277157091591e-05 7.083495547558959148e-05 6.965523749121257805e-05 7.084724121434676314e-05 6.969173345807179172e-05 6.848789675984553636e-05 6.748008322397054583e-05 6.575782389294219270e-05 6.318761661714342984e-05 6.081064336492469181e-05 5.781550381224888590e-05 5.476487872847371979e-05 4.896696643620145702e-05 4.250143420320560863e-05 3.463551724799295494e-05 2.551800266027039261e-05 1.431935741070331597e-05 3.850628803327140651e-06
6.943187570611022595e-05 7.041910243541757474e-05 6.930743813829461238e-05 6.939348018176159927e-05 6.826997866938287231e-05 6.966503808362576233e-05 6.845010597299713872e-05 6.731152035999603863e-05 6.639632289220370330e-05 6.468705735594216556e-05 6.204592016449315094e-05 5.988697196039693504e-05 5.673618372879480584e-05 5.340557675634737401e-05 4.767294182803918316e-05 4.136624037067098916e-05 3.411831206965550481e-05 2.543405194555407368e-05 1.479662222232880661e-05 4.818380989847762949e-06
7.047792277157091591e-05 6.930743813829461238e-05 7.179247001012829018e-05 7.081956952541464958e-05 7.000704056752103134e-05 7.123857913254339218e-05 7.003204339189891630e-05 6.880695736778509662e-05 6.799468669602125347e-05 6.616984781578468195e-05 6.348148224990240323e-05 6.121037745913203020e-05 5.801883748732337281e-05 5.470179242365104014e-05 4.889809028642189186e-05 4.251176411069514105e-05 3.489076803374154445e-05 2.567439231867541864e-05 1.474011651380906109e-05 4.698755391733180158e-06
7.083495547558959148e-05 6.939348018176159927e-05 7.081956952541464958e-05 7.185808149222758679e-05 7.037585474083461843e-05 7.165110961403277118e-05 7.026288823999154065e-05 6.916638500961392016e-05 6.827845854165635875e-05 6.634434393140466451e-05 6.368216516825375305e-05 6.129314515868713759e-05 5.806658718589130253e-05 5.467918018841972305e-05 4.882789893891919153e-05 4.224465808216201703e-05 3.432561999925298150e-05 2.519317026587573007e-05 1.415004787839401715e-05 4.047819754976810147e-06
6.965523749121257805e-05 6.826997866938287231e-05 7.000704056752103134e-05 7.037585474083461843e-05 7.058930813928689790e-05 7.115734115683538998e-05 6.977859870656446346e-05 6.862560290851381849e-05 6.782417055472238351e-05 6.596786387514073393e-05 6.339424174228399690e-05 6.103648526818270957e-05 5.779657983788430442e-05 5.448865170061781852e-05 4.875215094022948922e-05 4.223769815071017861e-05 3.443862737566534603e-05 2.540697000275528005e-05 1.444877717091385414e-05 4.390336269181992953e-06
7.084724121434676314e-05 6.966503808362576233e-05 7.123857913254339218e-05 7.165110961403277118e-05 7.115734115683538998e-05 7.276492846977012578e-05 7.127857804862553100e-05 7.008124914245301496e-05 6.922021854003370344e-05 6.733803469989737243e-05 6.468274643362620054e-05 6.226856937327774060e-05 5.909980411568621205e-05 5.574120942711136158e-05 4.977491808443249423e-05 4.313135140142928083e-05 3.523718075838819203e-05 2.599687944186862925e-05 1.476407052290759520e-05 4.433157515172218221e-06
6.969173345807179172e-05 6.845010597299713872e-05 7.003204339189891630e-05 7.026288823999154065e-05 6.977859870656446346e-05 7.127857804862553100e-05 7.075182319803306947e-05 6.941330439268740093e-05 6.858715371080570660e-05 6.675517318588584611e-05 6.416299128269596966e-05 6.180679937988461708e-05 5.870618293794313124e-05 5.539961649113059512e-05 4.940667567417851433e-05 4.271237147269483575e-05 3.474344728915884580e-05 2.547134784693987506e-05 1.423843424856331805e-05 3.844733700634719552e-06
6.848789675984553636e-05 6.731152035999603863e-05 6.880695736778509662e-05 6.916638500961392016e-05 6.862560290851381849e-05 7.008124914245301496e-05 6.941330439268740093e-05 6.876806291399789400e-05 6.787960388756668025e-05 6.615570428911642618e-05 6.354458719378377671e-05 6.115089254022102112e-05 5.798087690646379442e-05 5.469959873544078313e-05 4.879564546884815291e-05 4.207775447684511882e-05 3.425197353792241132e-05 2.504502334246560988e-05 1.393995214878431100e-05 3.777893199879407255e-06
6.748008322397054583e-05 6.639632289220370330e-05 6.799468669602125347e-05 6.827845854165635875e-05 6.782417055472238351e-05 6.922021854003370344e-05 6.858715371080570660e-05 6.787960388756668025e-05 6.755698210681709685e-05 6.583787643116447265e-05 6.334101511580757433e-05 6.101717137770505905e-05 5.781635063983431674e-05 5.451804270398960474e-05 4.864714397265646612e-05 4.198613807533571851e-05 3.439076582033842648e-05 2.535501134588935017e-05 1.440790495497265695e-05 4.442812033556286320e-06
6.575782389294219270e-05 6.468705735594216556e-05 6.616984781578468195e-05 6.634434393140466451e-05 6.596786387514073393e-05 6.733803469989737243e-05 6.675517318588584611e-05 6.615570428911642618e-05 6.583787643116447265e-05 6.470448839105811427e-05 6.245101741818226881e-05 6.041980848374343911e-05 5.736703293815850237e-05 5.424312430047884085e-05 4.851572257001531506e-05 4.197316991188566074e-05 3.457570673455891646e-05 2.559080229285022468e-05 1.470179622908194893e-05 4.639590639577258927e-06
6.318761661714342984e-05 6.204592016449315094e-05 6.348148224990240323e-05 6.368216516825375305e-05 6.339424174228399690e-05 6.468274643362620054e-05 6.416299128269596966e-05 6.354458719378377671e-05 6.334101511580757433e-05 6.245101741818226881e-05 6.081493541975121754e-05 5.909938404200298988e-05 5.629585042501587176e-05 5.347692025626606170e-05 4.801025913178837693e-05 4.156390871001329154e-05 3.429806292214141752e-05 2.547421089951579459e-05 1.478191355124825139e-05 4.776428494778338515e-06
6.081064336492469181e-05 5.988697196039693504e-05 6.121037745913203020e-05 6.129314515868713759e-05 6.103648526818270957e-05 6.226856937327774060e-05 6.180679937988461708e-05 6.115089254022102112e-05 6.101717137770505905e-05 6.041980848374343911e-05 5.909938404200298988e-05 5.803990359639803399e-05 5.562273381839149937e-05 5.315135197871460692e-05 4.800533194891671706e-05 4.174951883025695818e-05 3.467516447633955343e-05 2.590605172866158550e-05 1.526734996949614004e-05 5.275351857992257261e-06
5.781550381224888590e-05 5.673618372879480584e-05 5.801883748732337281e-05 5.806658718589130253e-05 5.779657983788430442e-05 5.909980411568621205e-05 5.870618293794313124e-05 5.798087690646379442e-05 5.781635063983431674e-05 5.736703293815850237e-05 5.629585042501587176e-05 5.562273381839149937e-05 5.399749304394023408e-05 5.200483328571160345e-05 4.730785580982444844e-05 4.138369417892885096e-05 3.450297556153692445e-05 2.587668658149813443e-05 1.548297492114127219e-05 5.656652782425252480e-06
5.476487872847371979e-05 5.340557675634737401e-05 5.470179242365104014e-05 5.467918018841972305e-05 5.448865170061781852e-05 5.574120942711136158e-05 5.539961649113059512e-05 5.469959873544078313e-05 5.451804270398960474e-05 5.424312430047884085e-05 5.347692025626606170e-05 5.315135197871460692e-05 5.200483328571160345e-05 5.079274266984902390e-05 4.666997150737530299e-05 4.107357814614539680e-05 3.441857202719240662e-05 2.603633803210668969e-05 1.598720437671391473e-05 6.250672415029150347e-06
4.896696643620145702e-05 4.767294182803918316e-05 4.889809028642189186e-05 4.882789893891919153e-05 4.875215094022948922e-05 4.977491808443249423e-05 4.940667567417851433e-05 4.879564546884815291e-05 4.864714397265646612e-05 4.851572257001531506e-05 4.801025913178837693e-05 4.800533194891671706e-05 4.730785580982444844e-05 4.666997150737530299e-05 4.374208151330865138e-05 3.902546350970058500e-05 3.306765327390736838e-05 2.537374554331710074e-05 1.619510984023644107e-05 7.182347115985132093e-06
4.250143420320560863e-05 4.136624037067098916e-05 4.251176411069514105e-05 4.224465808216201703e-05 4.223769815071017861e-05 4.313135140142928083e-05 4.271237147269483575e-05 4.207775447684511882e-05 4.198613807533571851e-05 4.197316991188566074e-05 4.156390871001329154e-05 4.174951883025695818e-05 4.138369417892885096e-05 4.107357814614539680e-05 3.902546350970058500e-05 3.566861986007368825e-05 3.079825378399563484e-05 2.421207117624806320e-05 1.620111522204319290e-05 8.123465627827703822e-06
3.463551724799295494e-05 3.411831206965550481e-05 3.489076803374154445e-05 3.432561999925298150e-05 3.443862737566534603e-05 3.523718075838819203e-05 3.474344728915884580e-05 3.425197353792241132e-05 3.439076582033842648e-05 3.457570673455891646e-05 3.429806292214141752e-05 3.467516447633955343e-05 3.450297556153692445e-05 3.441857202719240662e-05 3.306765327390736838e-05 3.079825378399563484e-05 2.786617549234337164e-05 2.293274701658602665e-05 1.645083464683371992e-05 9.437789790303277712e-06
2.551800266027039261e-05 2.543405194555407368e-05 2.567439231867541864e-05 2.519317026587573007e-05 2.540697000275528005e-05 2.599687944186862925e-05 2.547134784693987506e-05 2.504502334246560988e-05 2.535501134588935017e-05 2.559080229285022468e-05 2.547421089951579459e-05 2.590605172866158550e-05 2.587668658149813443e-05 2.603633803210668969e-05 2.537374554331710074e-05 2.421207117624806320e-05 2.293274701658602665e-05 2.071951160068666265e-05 1.655548322192942993e-05 1.091145378922306912e-05
1.431935741070331597e-05 1.479662222232880661e-05 1.474011651380906109e-05 1.415004787839401715e-05 1.444877717091385414e-05 1.476407052290759520e-05 1.423843424856331805e-05 1.393995214878431100e-05 1.440790495497265695e-05 1.470179622908194893e-05 1.478191355124825139e-05 1.526734996949614004e-05 1.548297492114127219e-05 1.598720437671391473e-05 1.619510984023644107e-05 1.620111522204319290e-05 1.645083464683371992e-05 1.655548322192942993e-05 1.581667794403851559e-05 1.268444323262835039e-05
3.850628803327140651e-06 4.818380989847762949e-06 4.698755391733180158e-06 4.047819754976810147e-06 4.390336269181992953e-06 4.433157515172218221e-06 3.844733700634719552e-06 3.777893199879407255e-06 4.442812033556286320e-06 4.639590639577258927e-06 4.776428494778338515e-06 5.275351857992257261e-06 5.656652782425252480e-06 6.250672415029150347e-06 7.182347115985132093e-06 8.123465627827703822e-06 9.437789790303277712e-06 1.091145378922306912e-05 1.268444323262835039e-05 1.329421260345769997e-05
