4.194942712472499746e-06 3.662717476654659450e-06 3.503157184183221577e-06 3.055318769452131364e-06 2.550883427825059774e-06 2.817577137504197525e-06 2.588462637711323197e-06 2.700515558306800546e-06 2.410597922816818573e-06 2.178898286886451676e-06 1.794579818347208964e-06 1.510909340379232542e-06 1.326832424813040703e-06 1.112637038202666441e-06 9.677131138444288412e-07 5.014967307070926031e-07 -1.760148262721840608e-08 -3.713139573663106362e-07 -6.278100999058621879e-07 -1.950667690987354723e-07
3.662717476654659450e-06 3.987891078178194136e-06 3.699388124244756747e-06 3.273280317445888444e-06 2.718483748130325142e-06 2.894373842226951424e-06 2.597307308045969680e-06 2.728475974265300134e-06 2.469956468939251670e-06 2.233107723123469043e-06 1.928611510266853582e-06 1.741928240741921826e-06 1.560781349483570210e-06 1.339283976486826399e-06 1.086902062361810322e-06 5.222489602189552580e-07 -9.360553840940490756e-09 -3.666644911414211118e-07 -6.203003242704753282e-07 -4.453439975516867560e-08
3.503157184183221577e-06 3.699388124244756747e-06 4.254388825803292054e-06 3.762542039146783298e-06 3.155721943095290569e-06 3.325636595232836496e-06 3.109027674413954339e-06 3.235383289216293063e-06 2.986771508119916487e-06 2.733624257567012934e-06 2.397314984168602800e-06 2.171133613095715269e-06 1.927969779992687638e-06 1.728410875076962262e-06 1.446303872862097101e-06 8.778933210503357912e-07 2.543411964653166865e-07 -5.008415014867548108e-07 -1.007317831434382493e-06 -1.931453949634163858e-07
3.055318769452131364e-06 3.273280317445888444e-06 3.762542039146783298e-06 4.018775396248600430e-06 3.362524714974165462e-06 3.433664949827606732e-06 3.231196072950831985e-06 3.389696516748213412e-06 3.228510420940790373e-06 3.014455701851580910e-06 2.744293798756043270e-06 2.484737088703072470e-06 2.193083323179867425e-06 1.836734383936011245e-06 1.416701947660521899e-06 7.385813153642549706e-07 2.948088541450294539e-09 -6.554323478316734114e-07 -1.011570262466018571e-06 -1.821168134396189128e-07
2.550883427825059774e-06 2.718483748130325142e-06 3.155721943095290569e-06 3.362524714974165462e-06 3.337653176611587235e-06 3.345735263791718430e-06 3.113835159792240402e-06 3.256209219132767688e-06 3.116355647408194574e-06 2.900972297064617216e-06 2.663501180902231583e-06 2.425496813257954660e-06 2.065483858127357395e-06 1.685017063254828509e-06 1.203189253470783936e-06 5.537753908966601635e-07 -1.121473824481990378e-08 -5.450465339177069380e-07 -7.923029870882694655e-07 -3.057212882546895600e-08
2.817577137504197525e-06 2.894373842226951424e-06 3.325636595232836496e-06 3.433664949827606732e-06 3.345735263791718430e-06 3.813563322328687685e-06 3.564034090573724518e-06 3.599439362046219687e-06 3.373634282170176790e-06 3.154806809133302534e-06 2.873711367628234547e-06 2.650013866179142961e-06 2.333643202179369602e-06 1.980534461347315586e-06 1.424750099487056053e-06 7.722023456323996978e-07 1.701968662863766404e-07 -3.668849213896057452e-07 -6.525786977715568283e-07 6.561114138148083536e-08
2.588462637711323197e-06 2.597307308045969680e-06 3.109027674413954339e-06 3.231196072950831985e-06 3.113835159792240402e-06 3.564034090573724518e-06 3.687117622059318989e-06 3.676581760672990536e-06 3.452112998800375708e-06 3.182239462266126740e-06 2.902328065877878279e-06 2.649356369912374351e-06 2.343537534375057806e-06 1.997503447922194677e-06 1.455970514906636001e-06 8.421478875426311355e-07 1.852652321522372642e-07 -3.289724732181470204e-07 -5.234379734397358175e-07 9.691749966920464387e-08
2.700515558306800546e-06 2.728475974265300134e-06 3.235383289216293063e-06 3.389696516748213412e-06 3.256209219132767688e-06 3.599439362046219687e-06 3.676581760672990536e-06 4.054442395139262632e-06 3.893012601761989260e-06 3.568767207213256406e-06 3.258400754423764221e-06 2.963298916999998155e-06 2.650647368061248492e-06 2.222684950642265013e-06 1.593824575624853862e-06 8.884546010264338922e-07 2.478937607258512910e-07 -3.153879599725769695e-07 -6.742830898691321514e-07 4.836453197194507071e-08
2.410597922816818573e-06 2.469956468939251670e-06 2.986771508119916487e-06 3.228510420940790373e-06 3.116355647408194574e-06 3.373634282170176790e-06 3.452112998800375708e-06 3.893012601761989260e-06 4.063286541704525487e-06 3.767114357466602701e-06 3.450070783722771742e-06 3.183338771884894696e-06 2.892317306023995725e-06 2.431941804054595916e-06 1.803759280859098596e-06 1.103365219521692920e-06 4.255699869600742261e-07 -2.780426918764116376e-07 -7.620001613884317559e-07 -8.180549394060051651e-09
2.178898286886451676e-06 2.233107723123469043e-06 2.733624257567012934e-06 3.014455701851580910e-06 2.900972297064617216e-06 3.154806809133302534e-06 3.182239462266126740e-06 3.568767207213256406e-06 3.767114357466602701e-06 3.761902690860874895e-06 3.518503064909159384e-06 3.313232193325837154e-06 3.075257603944441376e-06 2.619869354718242123e-06 2.029659198851799023e-06 1.372115375447501626e-06 5.529369762615024856e-07 -2.815387668734131950e-07 -7.400896366633469786e-07 -4.657896703642830870e-08
1.794579818347208964e-06 1.928611510266853582e-06 2.397314984168602800e-06 2.744293798756043270e-06 2.663501180902231583e-06 2.873711367628234547e-06 2.902328065877878279e-06 3.258400754423764221e-06 3.450070783722771742e-06 3.518503064909159384e-06 3.534914242672038080e-06 3.409726079219254469e-06 3.156819155447414793e-06 2.661240564511798701e-06 2.067554185933950858e-06 1.413783279536312603e-06 6.150878924935890349e-07 -1.949221714792527122e-07 -6.146554105302275361e-07 4.274162477878081156e-08
1.510909340379232542e-06 1.741928240741921826e-06 2.171133613095715269e-06 2.484737088703072470e-06 2.425496813257954660e-06 2.650013866179142961e-06 2.649356369912374351e-06 2.963298916999998155e-06 3.183338771884894696e-06 3.313232193325837154e-06 3.409726079219254469e-06 3.573456985797648696e-06 3.389817416067753530e-06 2.927348840591794860e-06 2.329265019705777215e-06 1.679976074073075476e-06 8.525656774542818804e-07 -8.092746615671369846e-08 -5.250653156787131290e-07 1.464762536945327504e-07
1.326832424813040703e-06 1.560781349483570210e-06 1.927969779992687638e-06 2.193083323179867425e-06 2.065483858127357395e-06 2.333643202179369602e-06 2.343537534375057806e-06 2.650647368061248492e-06 2.892317306023995725e-06 3.075257603944441376e-06 3.156819155447414793e-06 3.389817416067753530e-06 3.488344086605128132e-06 3.213221139703815900e-06 2.706657345569872778e-06 2.119303682142002315e-06 1.219442166016779711e-06 1.601081134225075049e-07 -4.310577609239752205e-07 1.443351895060588805e-07
1.112637038202666441e-06 1.339283976486826399e-06 1.728410875076962262e-06 1.836734383936011245e-06 1.685017063254828509e-06 1.980534461347315586e-06 1.997503447922194677e-06 2.222684950642265013e-06 2.431941804054595916e-06 2.619869354718242123e-06 2.661240564511798701e-06 2.927348840591794860e-06 3.213221139703815900e-06 3.406610218282853238e-06 3.219658207687485795e-06 2.794173735045860887e-06 1.842259255586810693e-06 5.454939721993840964e-07 -3.001937566435006275e-07 9.112948362506055195e-08
9.677131138444288412e-07 1.086902062361810322e-06 1.446303872862097101e-06 1.416701947660521899e-06 1.203189253470783936e-06 1.424750099487056053e-06 1.455970514906636001e-06 1.593824575624853862e-06 1.803759280859098596e-06 2.029659198851799023e-06 2.067554185933950858e-06 2.329265019705777215e-06 2.706657345569872778e-06 3.219658207687485795e-06 3.659009881095179171e-06 3.524852823333899102e-06 2.560755731958867701e-06 1.018835964846367292e-06 -4.305138682094145733e-08 2.370726348405206044e-07
5.014967307070926031e-07 5.222489602189552580e-07 8.778933210503357912e-07 7.385813153642549706e-07 5.537753908966601635e-07 7.722023456323996978e-07 8.421478875426311355e-07 8.884546010264338922e-07 1.103365219521692920e-06 1.372115375447501626e-06 1.413783279536312603e-06 1.679976074073075476e-06 2.119303682142002315e-06 2.794173735045860887e-06 3.524852823333899102e-06 3.897004533960311270e-06 3.233314421483672895e-06 1.708376444700248193e-06 5.160516226706787549e-07 4.767435757771222003e-07
-1.760148262721840608e-08 -9.360553840940490756e-09 2.543411964653166865e-07 2.948088541450294539e-09 -1.121473824481990378e-08 1.701968662863766404e-07 1.852652321522372642e-07 2.478937607258512910e-07 4.255699869600742261e-07 5.529369762615024856e-07 6.150878924935890349e-07 8.525656774542818804e-07 1.219442166016779711e-06 1.842259255586810693e-06 2.560755731958867701e-06 3.233314421483672895e-06 3.511443129904250894e-06 2.593036814358150432e-06 1.359332411326369200e-06 9.047462396480442754e-07
-3.713139573663106362e-07 -3.666644911414211118e-07 -5.008415014867548108e-07 -6.554323478316734114e-07 -5.450465339177069380e-07 -3.668849213896057452e-07 -3.289724732181470204e-07 -3.153879599725769695e-07 -2.780426918764116376e-07 -2.815387668734131950e-07 -1.949221714792527122e-07 -8.092746615671369846e-08 1.601081134225075049e-07 5.454939721993840964e-07 1.018835964846367292e-06 1.708376444700248193e-06 2.593036814358150432e-06 3.160436891573845705e-06 2.579030214518842741e-06 1.455730619086245207e-06
-6.278100999058621879e-07 -6.203003242704753282e-07 -1.007317831434382493e-06 -1.011570262466018571e-06 -7.923029870882694655e-07 -6.525786977715568283e-07 -5.234379734397358175e-07 -6.742830898691321514e-07 -7.620001613884317559e-07 -7.400896366633469786e-07 -6.146554105302275361e-07 -5.250653156787131290e-07 -4.310577609239752205e-07 -3.001937566435006275e-07 -4.305138682094145733e-08 5.160516226706787549e-07 1.359332411326369200e-06 2.579030214518842741e-06 3.270643129574442642e-06 2.366221988147028436e-06
-1.950667690987354723e-07 -4.453439975516867560e-08 -1.931453949634163858e-07 -1.821168134396189128e-07 -3.057212882546895600e-08 6.561114138148083536e-08 9.691749966920464387e-08 4.836453197194507071e-08 -8.180549394060051651e-09 -4.657896703642830870e-08 4.274162477878081156e-08 1.464762536945327504e-07 1.443351895060588805e-07 9.112948362506055195e-08 2.370726348405206044e-07 4.767435757771222003e-07 9.047462396480442754e-07 1.455730619086245207e-06 2.366221988147028436e-06 3.444360410825745492e-06
