6.747196146534338113e-05 4.935912613332107929e-05 4.221042321214161190e-05 3.786184448357870336e-05 4.117772602341110460e-05 3.739729012818617275e-05 3.859449011636441443e-05 3.608294947178705892e-05 3.720799344632542532e-05 3.742933992195177572e-05 3.532456313312388167e-05 3.356337916922764233e-05 3.253277711781698227e-05 3.243727474802701077e-05 2.982402425911690605e-05 2.820741370752790755e-05 2.442723765455646347e-05 1.669734661954258730e-05 9.749473104910163425e-06 2.652346787380850996e-06
4.935912613332107929e-05 7.547128770006228328e-05 5.208110540527773887e-05 4.776661418767129234e-05 4.730762930262074874e-05 4.413816904735879678e-05 4.519772330505771540e-05 4.478801756190041222e-05 4.359848194935380300e-05 4.246818266526537408e-05 4.074324327233414780e-05 3.877136103340078540e-05 3.736856672448611133e-05 3.610508102637553091e-05 3.326913027875621028e-05 2.940171904305494767e-05 2.500718241905574484e-05 1.688699233535747172e-05 9.376929769770114573e-06 1.794780144218264642e-06
4.221042321214161190e-05 5.208110540527773887e-05 5.920318152618797038e-05 4.360876213811943296e-05 4.691544837114128172e-05 4.360067283305322502e-05 4.355029908830083274e-05 4.327220619137841259e-05 4.281267698437191821e-05 4.145014347405912177e-05 4.073429079763252203e-05 3.859066998829907428e-05 3.703440589220187976e-05 3.661956863856732062e-05 3.447315846078950015e-05 3.143354312045205001e-05 2.729582963996417600e-05 1.884514659243450739e-05 1.134186901153001659e-05 3.492879414726249138e-06
3.786184448357870336e-05 4.776661418767129234e-05 4.360876213811943296e-05 5.267369407531816334e-05 4.782119557564631007e-05 4.085971670078245125e-05 4.183288412506408954e-05 4.162363561172096184e-05 4.030532229800133783e-05 4.000702130420525829e-05 3.943840550687998455e-05 3.724016128022772121e-05 3.648724115364822322e-05 3.650614452538518889e-05 3.504005113388623853e-05 3.210756672749823237e-05 2.912531197305932764e-05 2.233770592736833527e-05 1.612314323654568613e-05 8.365721398117509006e-06
4.117772602341110460e-05 4.730762930262074874e-05 4.691544837114128172e-05 4.782119557564631007e-05 5.725150825969308577e-05 4.414416385321729276e-05 4.596616363787062171e-05 4.526664357237342260e-05 4.425225285354063211e-05 4.432277191436215550e-05 4.364864528069712073e-05 4.114402582750471056e-05 4.001793626011260370e-05 3.976785751448979581e-05 3.776052136017043315e-05 3.431031353636057254e-05 3.101209738248928685e-05 2.421521114312931157e-05 1.723927466290076283e-05 9.577566336705672746e-06
3.739729012818617275e-05 4.413816904735879678e-05 4.360067283305322502e-05 4.085971670078245125e-05 4.414416385321729276e-05 4.473178564024718332e-05 4.114878832329895255e-05 4.039001824196162969e-05 4.005070800190533063e-05 3.892589029162669333e-05 3.824337377315717299e-05 3.607853888859463223e-05 3.523923421232521967e-05 3.450689527889715775e-05 3.287056874329366020e-05 2.967687690962785341e-05 2.602013619002358850e-05 1.904821964198198520e-05 1.229238768568613432e-05 5.260057377747556247e-06
3.859449011636441443e-05 4.519772330505771540e-05 4.355029908830083274e-05 4.183288412506408954e-05 4.596616363787062171e-05 4.114878832329895255e-05 4.423463446071939866e-05 4.199218126785838316e-05 4.021176997671571961e-05 4.001894667708084469e-05 3.876123611650348922e-05 3.678666086129491050e-05 3.572895574394185458e-05 3.515768320135109943e-05 3.332232058043146754e-05 3.010096361686537844e-05 2.680135685690846734e-05 1.993820029372537283e-05 1.298338342064648060e-05 5.683873881907866354e-06
3.608294947178705892e-05 4.478801756190041222e-05 4.327220619137841259e-05 4.162363561172096184e-05 4.526664357237342260e-05 4.039001824196162969e-05 4.199218126785838316e-05 4.428236927891926570e-05 4.151011713395774634e-05 4.076110482464482567e-05 3.942228620168742031e-05 3.806909730566214868e-05 3.692560191962552792e-05 3.675866400251467730e-05 3.509807860746654603e-05 3.136164125060783683e-05 2.749477008114260642e-05 2.031175535603469480e-05 1.323848996519004062e-05 5.790523821559234647e-06
3.720799344632542532e-05 4.359848194935380300e-05 4.281267698437191821e-05 4.030532229800133783e-05 4.425225285354063211e-05 4.005070800190533063e-05 4.021176997671571961e-05 4.151011713395774634e-05 4.178302011813177284e-05 4.013245644535078278e-05 3.915165369092718538e-05 3.739250983324686548e-05 3.652779131307751416e-05 3.629521488370179909e-05 3.466465131299629869e-05 3.163410594102851486e-05 2.787950328963864508e-05 2.084168643708449715e-05 1.410025037196544983e-05 7.160480884328138019e-06
3.742933992195177572e-05 4.246818266526537408e-05 4.145014347405912177e-05 4.000702130420525829e-05 4.432277191436215550e-05 3.892589029162669333e-05 4.001894667708084469e-05 4.076110482464482567e-05 4.013245644535078278e-05 4.118800070614288684e-05 3.979073767016363120e-05 3.766447879768995580e-05 3.683911469475074430e-05 3.649036860907375668e-05 3.468617367624797721e-05 3.159537219546436798e-05 2.799406600145013110e-05 2.111451841807448864e-05 1.458453037743918854e-05 7.540592308331504880e-06
3.532456313312388167e-05 4.074324327233414780e-05 4.073429079763252203e-05 3.943840550687998455e-05 4.364864528069712073e-05 3.824337377315717299e-05 3.876123611650348922e-05 3.942228620168742031e-05 3.915165369092718538e-05 3.979073767016363120e-05 4.030364952987310740e-05 3.755250470795633858e-05 3.688543334387218943e-05 3.660816318317326523e-05 3.470935395983158100e-05 3.174443919440050616e-05 2.844802403761154767e-05 2.160816887216276481e-05 1.516855209215330300e-05 8.044902884330671207e-06
3.356337916922764233e-05 3.877136103340078540e-05 3.859066998829907428e-05 3.724016128022772121e-05 4.114402582750471056e-05 3.607853888859463223e-05 3.678666086129491050e-05 3.806909730566214868e-05 3.739250983324686548e-05 3.766447879768995580e-05 3.755250470795633858e-05 3.624411261558585002e-05 3.562708079427247970e-05 3.554912472031443362e-05 3.382709965771952230e-05 3.086464901856819881e-05 2.755839731469330797e-05 2.088455892974411029e-05 1.456459366347710132e-05 7.396468196026676109e-06
3.253277711781698227e-05 3.736856672448611133e-05 3.703440589220187976e-05 3.648724115364822322e-05 4.001793626011260370e-05 3.523923421232521967e-05 3.572895574394185458e-05 3.692560191962552792e-05 3.652779131307751416e-05 3.683911469475074430e-05 3.688543334387218943e-05 3.562708079427247970e-05 3.599865252211494418e-05 3.592136530281091314e-05 3.425556255546789686e-05 3.136373020543827461e-05 2.796027838229261041e-05 2.131180873641968720e-05 1.498218362397835936e-05 7.860385117950963321e-06
3.243727474802701077e-05 3.610508102637553091e-05 3.661956863856732062e-05 3.650614452538518889e-05 3.976785751448979581e-05 3.450689527889715775e-05 3.515768320135109943e-05 3.675866400251467730e-05 3.629521488370179909e-05 3.649036860907375668e-05 3.660816318317326523e-05 3.554912472031443362e-05 3.592136530281091314e-05 3.706886579304748976e-05 3.552048003914670351e-05 3.293863245236536302e-05 2.950070888922419929e-05 2.254683342270051590e-05 1.604653885838424268e-05 8.819625180597369651e-06
2.982402425911690605e-05 3.326913027875621028e-05 3.447315846078950015e-05 3.504005113388623853e-05 3.776052136017043315e-05 3.287056874329366020e-05 3.332232058043146754e-05 3.509807860746654603e-05 3.466465131299629869e-05 3.468617367624797721e-05 3.470935395983158100e-05 3.382709965771952230e-05 3.425556255546789686e-05 3.552048003914670351e-05 3.484117990927362309e-05 3.235152988697751283e-05 2.884891807339577091e-05 2.212714642660576825e-05 1.591158989687526120e-05 8.996291697807303297e-06
2.820741370752790755e-05 2.940171904305494767e-05 3.143354312045205001e-05 3.210756672749823237e-05 3.431031353636057254e-05 2.967687690962785341e-05 3.010096361686537844e-05 3.136164125060783683e-05 3.163410594102851486e-05 3.159537219546436798e-05 3.174443919440050616e-05 3.086464901856819881e-05 3.136373020543827461e-05 3.293863245236536302e-05 3.235152988697751283e-05 3.156071460355725259e-05 2.878498417243751314e-05 2.256152000076111546e-05 1.692213625777257691e-05 1.086190663803159081e-05
2.442723765455646347e-05 2.500718241905574484e-05 2.729582963996417600e-05 2.912531197305932764e-05 3.101209738248928685e-05 2.602013619002358850e-05 2.680135685690846734e-05 2.749477008114260642e-05 2.787950328963864508e-05 2.799406600145013110e-05 2.844802403761154767e-05 2.755839731469330797e-05 2.796027838229261041e-05 2.950070888922419929e-05 2.884891807339577091e-05 2.878498417243751314e-05 2.774617243883687254e-05 2.283398385432790882e-05 1.819174638132257412e-05 1.285803896590321004e-05
1.669734661954258730e-05 1.688699233535747172e-05 1.884514659243450739e-05 2.233770592736833527e-05 2.421521114312931157e-05 1.904821964198198520e-05 1.993820029372537283e-05 2.031175535603469480e-05 2.084168643708449715e-05 2.111451841807448864e-05 2.160816887216276481e-05 2.088455892974411029e-05 2.131180873641968720e-05 2.254683342270051590e-05 2.212714642660576825e-05 2.256152000076111546e-05 2.283398385432790882e-05 2.068657118585737886e-05 1.808496403675404572e-05 1.443999291952359941e-05
9.749473104910163425e-06 9.376929769770114573e-06 1.134186901153001659e-05 1.612314323654568613e-05 1.723927466290076283e-05 1.229238768568613432e-05 1.298338342064648060e-05 1.323848996519004062e-05 1.410025037196544983e-05 1.458453037743918854e-05 1.516855209215330300e-05 1.456459366347710132e-05 1.498218362397835936e-05 1.604653885838424268e-05 1.591158989687526120e-05 1.692213625777257691e-05 1.819174638132257412e-05 1.808496403675404572e-05 1.825690598930347589e-05 1.667310861915783835e-05
2.652346787380850996e-06 1.794780144218264642e-06 3.492879414726249138e-06 8.365721398117509006e-06 9.577566336705672746e-06 5.260057377747556247e-06 5.683873881907866354e-06 5.790523821559234647e-06 7.160480884328138019e-06 7.540592308331504880e-06 8.044902884330671207e-06 7.396468196026676109e-06 7.860385117950963321e-06 8.819625180597369651e-06 8.996291697807303297e-06 1.086190663803159081e-05 1.285803896590321004e-05 1.443999291952359941e-05 1.667310861915783835e-05 1.847707373693130098e-05
