4.929850379621726955e-05 4.272673403046902709e-05 4.639224965093395776e-05 4.531348033779176326e-05 4.443019778207357587e-05 4.425883051579836109e-05 4.393307107976125242e-05 4.278155619702119519e-05 4.249833744878560153e-05 4.194611168562852017e-05 4.106090059723536051e-05 3.995389602641381393e-05 3.919611541891124701e-05 3.834684408818078905e-05 3.685446776326675624e-05 3.371142382212429010e-05 2.908150423390549574e-05 2.224453293358440460e-05 1.443133999087831368e-05 5.660360600391064375e-06
4.272673403046902709e-05 4.276435648747156046e-05 4.424512528054643569e-05 4.296882861035112265e-05 4.257965104328625088e-05 4.183833248354735515e-05 4.166035463972641672e-05 4.047095534290445258e-05 4.024836675069182581e-05 3.959583481424490929e-05 3.836013562491476020e-05 3.717950017880180305e-05 3.609035149540388394e-05 3.498139241842276474e-05 3.336868766197848354e-05 3.040592319386749078e-05 2.591561942304263153e-05 1.947086657728554115e-05 1.219029265808468152e-05 4.246177762172207420e-06
4.639224965093395776e-05 4.424512528054643569e-05 4.913392626133276968e-05 4.662923353529456764e-05 4.617641211804943694e-05 4.538908428196249427e-05 4.559307554017256894e-05 4.429885349072217688e-05 4.388195852713620561e-05 4.331933730036760532e-05 4.225427615880214419e-05 4.115266246564439512e-05 4.026071847168784875e-05 3.920801370541613685e-05 3.750258663550783161e-05 3.418361268066672019e-05 2.948098828812777933e-05 2.252025472034429544e-05 1.447354874412164007e-05 5.681438482790892428e-06
4.531348033779176326e-05 4.296882861035112265e-05 4.662923353529456764e-05 4.671508601091634824e-05 4.547874896510925211e-05 4.486792834102630090e-05 4.474870012284168570e-05 4.342005451520367229e-05 4.308943421661623588e-05 4.267984431918436729e-05 4.145293262759666003e-05 4.018916052194620352e-05 3.916987901533371721e-05 3.813504527678266890e-05 3.651651528118882563e-05 3.330348657991588174e-05 2.896414866092097821e-05 2.253346880262612297e-05 1.489382115543825591e-05 6.609971838928012624e-06
4.443019778207357587e-05 4.257965104328625088e-05 4.617641211804943694e-05 4.547874896510925211e-05 4.560621683831619992e-05 4.449840755046692559e-05 4.436847462937814414e-05 4.303811672800145454e-05 4.278466539083156074e-05 4.237464086400348468e-05 4.123213950425164381e-05 4.006868683737542974e-05 3.906334945325427903e-05 3.798497050959248448e-05 3.635697741656541103e-05 3.332218953726307880e-05 2.905129578173667879e-05 2.259909524637585825e-05 1.501219757045354580e-05 6.930648881505671836e-06
4.425883051579836109e-05 4.183833248354735515e-05 4.538908428196249427e-05 4.486792834102630090e-05 4.449840755046692559e-05 4.459760468370807366e-05 4.406195379821822579e-05 4.272265329624929373e-05 4.247716892454524358e-05 4.215806092807023191e-05 4.104600890632608188e-05 3.994131668040653714e-05 3.888826794647507070e-05 3.794799149644869913e-05 3.647792592024920151e-05 3.353694210913723634e-05 2.928708110213164563e-05 2.296665891220337079e-05 1.542443028560265011e-05 7.391824559845448935e-06
4.393307107976125242e-05 4.166035463972641672e-05 4.559307554017256894e-05 4.474870012284168570e-05 4.436847462937814414e-05 4.406195379821822579e-05 4.428930872526940459e-05 4.278020824157999279e-05 4.245465332367296307e-05 4.211237496741785291e-05 4.105592843866695654e-05 3.991286116589903480e-05 3.896247280196441984e-05 3.799613258750131480e-05 3.640653652034910021e-05 3.335609964606058535e-05 2.909834759805548384e-05 2.276412452378554386e-05 1.524385328811849718e-05 7.214660116832965731e-06
4.278155619702119519e-05 4.047095534290445258e-05 4.429885349072217688e-05 4.342005451520367229e-05 4.303811672800145454e-05 4.272265329624929373e-05 4.278020824157999279e-05 4.198280526944084945e-05 4.161680119192371399e-05 4.127519561017410925e-05 4.026638206762915220e-05 3.920914040988983428e-05 3.813599381257385426e-05 3.722755788717288132e-05 3.575373752938728852e-05 3.276093782541147030e-05 2.839500033598891867e-05 2.193293695105696169e-05 1.448452362050465599e-05 6.574838598652482788e-06
4.249833744878560153e-05 4.024836675069182581e-05 4.388195852713620561e-05 4.308943421661623588e-05 4.278466539083156074e-05 4.247716892454524358e-05 4.245465332367296307e-05 4.161680119192371399e-05 4.173677932317296539e-05 4.139071186822651125e-05 4.036090447053788754e-05 3.932570416789034579e-05 3.825848871941980390e-05 3.737879614738324937e-05 3.584733868050258567e-05 3.289495808219083348e-05 2.854021390410171126e-05 2.215712953012095480e-05 1.470465216565886714e-05 6.723189966128225206e-06
4.194611168562852017e-05 3.959583481424490929e-05 4.331933730036760532e-05 4.267984431918436729e-05 4.237464086400348468e-05 4.215806092807023191e-05 4.211237496741785291e-05 4.127519561017410925e-05 4.139071186822651125e-05 4.152290968355352145e-05 4.052419108301308733e-05 3.963095317043868076e-05 3.870048897426670855e-05 3.791180441855034256e-05 3.649782325994017224e-05 3.373162140537776943e-05 2.944639439374744996e-05 2.313747486882894357e-05 1.568362397298231787e-05 7.753339939096996376e-06
4.106090059723536051e-05 3.836013562491476020e-05 4.225427615880214419e-05 4.145293262759666003e-05 4.123213950425164381e-05 4.104600890632608188e-05 4.105592843866695654e-05 4.026638206762915220e-05 4.036090447053788754e-05 4.052419108301308733e-05 3.994603396057125978e-05 3.924532824473439335e-05 3.845543661338780898e-05 3.776030084470767746e-05 3.637835346018535184e-05 3.375813960261622140e-05 2.958480200782242773e-05 2.329745286994433517e-05 1.593757258636089699e-05 8.042552625329747672e-06
3.995389602641381393e-05 3.717950017880180305e-05 4.115266246564439512e-05 4.018916052194620352e-05 4.006868683737542974e-05 3.994131668040653714e-05 3.991286116589903480e-05 3.920914040988983428e-05 3.932570416789034579e-05 3.963095317043868076e-05 3.924532824473439335e-05 3.901059696955227649e-05 3.842443435004550385e-05 3.788061520068223631e-05 3.662749032137321153e-05 3.415114212052468458e-05 3.003675703619165024e-05 2.372832276955475682e-05 1.628330118745912466e-05 8.366558613669763538e-06
3.919611541891124701e-05 3.609035149540388394e-05 4.026071847168784875e-05 3.916987901533371721e-05 3.906334945325427903e-05 3.888826794647507070e-05 3.896247280196441984e-05 3.813599381257385426e-05 3.825848871941980390e-05 3.870048897426670855e-05 3.845543661338780898e-05 3.842443435004550385e-05 3.836200503766788381e-05 3.804651365790792336e-05 3.692524839082175547e-05 3.454965835693352843e-05 3.044247997626926469e-05 2.419279757571121635e-05 1.681605567532507098e-05 9.002001645156282124e-06
3.834684408818078905e-05 3.498139241842276474e-05 3.920801370541613685e-05 3.813504527678266890e-05 3.798497050959248448e-05 3.794799149644869913e-05 3.799613258750131480e-05 3.722755788717288132e-05 3.737879614738324937e-05 3.791180441855034256e-05 3.776030084470767746e-05 3.788061520068223631e-05 3.804651365790792336e-05 3.822032193206731132e-05 3.740174212829049170e-05 3.524232511340773841e-05 3.118527810789294353e-05 2.490588099270735757e-05 1.758139953183862617e-05 9.979566898157935344e-06
3.685446776326675624e-05 3.336868766197848354e-05 3.750258663550783161e-05 3.651651528118882563e-05 3.635697741656541103e-05 3.647792592024920151e-05 3.640653652034910021e-05 3.575373752938728852e-05 3.584733868050258567e-05 3.649782325994017224e-05 3.637835346018535184e-05 3.662749032137321153e-05 3.692524839082175547e-05 3.740174212829049170e-05 3.716700887899011151e-05 3.538734609361143688e-05 3.147024251014229993e-05 2.523287462462975514e-05 1.810227504770963499e-05 1.082743556118430295e-05
3.371142382212429010e-05 3.040592319386749078e-05 3.418361268066672019e-05 3.330348657991588174e-05 3.332218953726307880e-05 3.353694210913723634e-05 3.335609964606058535e-05 3.276093782541147030e-05 3.289495808219083348e-05 3.373162140537776943e-05 3.375813960261622140e-05 3.415114212052468458e-05 3.454965835693352843e-05 3.524232511340773841e-05 3.538734609361143688e-05 3.465859841319497909e-05 3.142331189905683462e-05 2.560962552787483039e-05 1.893563679733533610e-05 1.219706963014997547e-05
2.908150423390549574e-05 2.591561942304263153e-05 2.948098828812777933e-05 2.896414866092097821e-05 2.905129578173667879e-05 2.928708110213164563e-05 2.909834759805548384e-05 2.839500033598891867e-05 2.854021390410171126e-05 2.944639439374744996e-05 2.958480200782242773e-05 3.003675703619165024e-05 3.044247997626926469e-05 3.118527810789294353e-05 3.147024251014229993e-05 3.142331189905683462e-05 2.975635279407555693e-05 2.537119960364364658e-05 1.978582110322644870e-05 1.406814062749843413e-05
2.224453293358440460e-05 1.947086657728554115e-05 2.252025472034429544e-05 2.253346880262612297e-05 2.259909524637585825e-05 2.296665891220337079e-05 2.276412452378554386e-05 2.193293695105696169e-05 2.215712953012095480e-05 2.313747486882894357e-05 2.329745286994433517e-05 2.372832276955475682e-05 2.419279757571121635e-05 2.490588099270735757e-05 2.523287462462975514e-05 2.560962552787483039e-05 2.537119960364364658e-05 2.342900403289779380e-05 1.993623704768384024e-05 1.585082354794493291e-05
1.443133999087831368e-05 1.219029265808468152e-05 1.447354874412164007e-05 1.489382115543825591e-05 1.501219757045354580e-05 1.542443028560265011e-05 1.524385328811849718e-05 1.448452362050465599e-05 1.470465216565886714e-05 1.568362397298231787e-05 1.593757258636089699e-05 1.628330118745912466e-05 1.681605567532507098e-05 1.758139953183862617e-05 1.810227504770963499e-05 1.893563679733533610e-05 1.978582110322644870e-05 1.993623704768384024e-05 1.940201657724998759e-05 1.763686863728919496e-05
5.660360600391064375e-06 4.246177762172207420e-06 5.681438482790892428e-06 6.609971838928012624e-06 6.930648881505671836e-06 7.391824559845448935e-06 7.214660116832965731e-06 6.574838598652482788e-06 6.723189966128225206e-06 7.753339939096996376e-06 8.042552625329747672e-06 8.366558613669763538e-06 9.002001645156282124e-06 9.979566898157935344e-06 1.082743556118430295e-05 1.219706963014997547e-05 1.406814062749843413e-05 1.585082354794493291e-05 1.763686863728919496e-05 1.901837658277604720e-05
