1.730386274540736657e-08 1.865890477584832089e-09 2.988432146472935732e-10 1.980890972293505642e-09 1.406468032582212734e-09 1.883075988249030075e-09 4.946226958885193688e-10 3.942729704464304311e-10 8.460867808141779005e-10 3.296904058484249586e-10 1.153783887097896926e-10 -6.928803572884611523e-11 1.341236796087129414e-10 2.626585522216741082e-10 4.415981888860706180e-11 6.561340624393884080e-11 1.720022978631909659e-10 1.015223758351000201e-11 -3.501589166847687944e-11 6.758475536123346919e-11
1.865890477584832089e-09 1.260130667032837958e-08 -2.831856407955787429e-09 1.701057498150035733e-09 -5.553841689686040708e-10 -5.226249096003009041e-10 -7.593021908632326481e-10 6.258960220827356608e-10 4.225178493298661843e-10 -4.861266756542778722e-10 -3.109395537577170429e-10 -1.151347985291903460e-10 -6.093402516070843004e-11 -3.104077500220975977e-11 -1.143970433660624271e-10 -9.821069313286708339e-11 -1.476914539511003216e-10 -1.205281443959706202e-10 -1.373321164257621260e-10 -5.889688485415262896e-11
2.988432146472935732e-10 -2.831856407955787429e-09 8.247761169579781602e-09 1.667915764544272358e-10 8.664986901484040727e-10 -1.435877840612455695e-10 -5.045705711652230676e-10 -1.011636031382525615e-09 1.714165162611764555e-10 -8.520502042258593742e-11 -7.930695179390804751e-11 8.712688397435953188e-11 1.896293335953703979e-10 -1.206790574226951330e-13 -1.921545110177222960e-10 1.103947099452488355e-10 4.732962178680381427e-11 9.531041734531929692e-11 1.142977459645054601e-10 1.349849866159000254e-10
1.980890972293505642e-09 1.701057498150035733e-09 1.667915764544272358e-10 4.975026239922766285e-09 2.751896409356837618e-10 2.109209280533687622e-10 -3.293089760685290719e-10 -3.019013322537852472e-10 1.717490221803285715e-10 -2.305966715633661757e-10 -1.827427420414269370e-10 -6.443745020956911851e-12 -2.152635696182994073e-11 -1.160144985128823760e-11 4.061580922939699279e-11 -1.138366344875775538e-10 -4.491097245924967965e-12 -3.714712231138312186e-11 -6.355661443362505533e-11 3.747203324174556798e-11
1.406468032582212734e-09 -5.553841689686040708e-10 8.664986901484040727e-10 2.751896409356837618e-10 3.505389009619465862e-09 4.035196614659533700e-10 -2.438965200443394788e-10 -1.929050819716651355e-10 -5.999801670719204640e-11 -5.774656751810751368e-11 2.266380887469766506e-10 -8.315916005939724843e-11 -3.503881864241391768e-11 1.161343751480500293e-10 7.038196535430881510e-11 9.191341223317943362e-13 -3.462426065764106930e-11 -4.846751514387885406e-11 5.307865516621937034e-12 1.037011895730293008e-11
1.883075988249030075e-09 -5.226249096003009041e-10 -1.435877840612455695e-10 2.109209280533687622e-10 4.035196614659533700e-10 2.285236547855854377e-09 1.283838733583380600e-10 2.055063469119208658e-10 1.184028632710933541e-10 2.093609769939307204e-10 -8.551528978291318284e-11 -4.182942211006777528e-11 4.067207834270043438e-11 3.799270751949157909e-11 3.210776343515615755e-12 -3.213730107491611085e-11 -5.517824319354153936e-11 -3.320149536252143156e-11 3.924263446692491557e-11 -5.430356880844378490e-12
4.946226958885193688e-10 -7.593021908632326481e-10 -5.045705711652230676e-10 -3.293089760685290719e-10 -2.438965200443394788e-10 1.283838733583380600e-10 1.866553661719379792e-09 3.779946345509711293e-10 3.524207673547484189e-11 3.070182065452228675e-10 1.243910138961843872e-10 7.196301760778444153e-11 1.612523557450465744e-10 1.255899684532095793e-10 1.215683099343797299e-10 6.888307653984087082e-11 8.322199842176501023e-11 -4.136317531702465087e-11 -1.499015454255747525e-12 1.579289776046118377e-11
3.942729704464304311e-10 6.258960220827356608e-10 -1.011636031382525615e-09 -3.019013322537852472e-10 -1.929050819716651355e-10 2.055063469119208658e-10 3.779946345509711293e-10 1.165326228476729433e-09 7.448678852930431779e-11 8.563803687130548130e-11 1.690654738729006313e-11 9.296106106798806177e-11 3.688209577337613956e-11 -1.922354781731095026e-11 3.069463922273287698e-11 7.355267871969079782e-12 1.100376900582899829e-11 -9.476066049559967149e-12 -5.018874994517536624e-11 -2.731984859736210382e-11
8.460867808141779005e-10 4.225178493298661843e-10 1.714165162611764555e-10 1.717490221803285715e-10 -5.999801670719204640e-11 1.184028632710933541e-10 3.524207673547484189e-11 7.448678852930431779e-11 7.765189280210045188e-10 4.498117699278375093e-11 2.895662865180257519e-11 2.799491495353101143e-11 1.801963565565563182e-11 -1.224909461419278483e-11 -3.353123515820555740e-11 2.586525840592141107e-11 5.362406668123622513e-11 1.621556151382697672e-11 -7.634077668368003094e-12 1.700720883558812017e-11
3.296904058484249586e-10 -4.861266756542778722e-10 -8.520502042258593742e-11 -2.305966715633661757e-10 -5.774656751810751368e-11 2.093609769939307204e-10 3.070182065452228675e-10 8.563803687130548130e-11 4.498117699278375093e-11 5.100600803245220200e-10 5.374148891577663813e-11 1.035940601294619914e-10 5.619505910891949314e-11 4.737292486922002664e-11 -1.010898417576466142e-12 2.522704392416863356e-11 4.596436587028321865e-11 -4.348666667790715436e-12 2.870578181096434033e-13 -3.866075718298143880e-12
1.153783887097896926e-10 -3.109395537577170429e-10 -7.930695179390804751e-11 -1.827427420414269370e-10 2.266380887469766506e-10 -8.551528978291318284e-11 1.243910138961843872e-10 1.690654738729006313e-11 2.895662865180257519e-11 5.374148891577663813e-11 3.356115083457090311e-10 9.346532281787960207e-11 3.281680549395389499e-11 7.941011113617913820e-11 8.441287503780362218e-11 2.620954836026146165e-11 2.675316310886361998e-11 1.583705152899041977e-11 -9.723874203160083836e-12 -4.175269221315509549e-12
-6.928803572884611523e-11 -1.151347985291903460e-10 8.712688397435953188e-11 -6.443745020956911851e-12 -8.315916005939724843e-11 -4.182942211006777528e-11 7.196301760778444153e-11 9.296106106798806177e-11 2.799491495353101143e-11 1.035940601294619914e-10 9.346532281787960207e-11 2.739445552522370040e-10 5.769796655244063759e-11 -1.703229445022048530e-11 1.921764724620227793e-11 1.204020639217373645e-11 1.026536047128068099e-11 -9.628484133102521415e-12 -1.045946578810699310e-11 7.849250922868126583e-12
1.341236796087129414e-10 -6.093402516070843004e-11 1.896293335953703979e-10 -2.152635696182994073e-11 -3.503881864241391768e-11 4.067207834270043438e-11 1.612523557450465744e-10 3.688209577337613956e-11 1.801963565565563182e-11 5.619505910891949314e-11 3.281680549395389499e-11 5.769796655244063759e-11 2.120163906076041282e-10 5.085071059653018480e-11 -5.048282233059440473e-12 2.295825590302779327e-11 4.014462984798899335e-11 -7.162763029747787904e-12 -1.202696986907856854e-11 -3.465597723876237570e-12
2.626585522216741082e-10 -3.104077500220975977e-11 -1.206790574226951330e-13 -1.160144985128823760e-11 1.161343751480500293e-10 3.799270751949157909e-11 1.255899684532095793e-10 -1.922354781731095026e-11 -1.224909461419278483e-11 4.737292486922002664e-11 7.941011113617913820e-11 -1.703229445022048530e-11 5.085071059653018480e-11 2.168770512516246092e-10 6.542439990690151898e-11 2.913070380403149699e-11 3.853459690784838905e-11 -1.801085092104155976e-11 -1.135414962885579441e-11 -6.755432371969062593e-12
4.415981888860706180e-11 -1.143970433660624271e-10 -1.921545110177222960e-10 4.061580922939699279e-11 7.038196535430881510e-11 3.210776343515615755e-12 1.215683099343797299e-10 3.069463922273287698e-11 -3.353123515820555740e-11 -1.010898417576466142e-12 8.441287503780362218e-11 1.921764724620227793e-11 -5.048282233059440473e-12 6.542439990690151898e-11 1.151912846827566448e-10 1.635305744685003113e-11 1.811487649170029920e-11 1.425513272739322377e-12 7.927460676663274434e-13 5.243255030440467430e-12
6.561340624393884080e-11 -9.821069313286708339e-11 1.103947099452488355e-10 -1.138366344875775538e-10 9.191341223317943362e-13 -3.213730107491611085e-11 6.888307653984087082e-11 7.355267871969079782e-12 2.586525840592141107e-11 2.522704392416863356e-11 2.620954836026146165e-11 1.204020639217373645e-11 2.295825590302779327e-11 2.913070380403149699e-11 1.635305744685003113e-11 8.390583822541600888e-11 5.366398570748656188e-11 6.725318413906540414e-12 -2.504981309081921330e-12 -7.752417017261777976e-12
1.720022978631909659e-10 -1.476914539511003216e-10 4.732962178680381427e-11 -4.491097245924967965e-12 -3.462426065764106930e-11 -5.517824319354153936e-11 8.322199842176501023e-11 1.100376900582899829e-11 5.362406668123622513e-11 4.596436587028321865e-11 2.675316310886361998e-11 1.026536047128068099e-11 4.014462984798899335e-11 3.853459690784838905e-11 1.811487649170029920e-11 5.366398570748656188e-11 1.224011351442401633e-10 1.844974044180080034e-11 -1.422601664617183487e-12 -4.863610567971174151e-12
1.015223758351000201e-11 -1.205281443959706202e-10 9.531041734531929692e-11 -3.714712231138312186e-11 -4.846751514387885406e-11 -3.320149536252143156e-11 -4.136317531702465087e-11 -9.476066049559967149e-12 1.621556151382697672e-11 -4.348666667790715436e-12 1.583705152899041977e-11 -9.628484133102521415e-12 -7.162763029747787904e-12 -1.801085092104155976e-11 1.425513272739322377e-12 6.725318413906540414e-12 1.844974044180080034e-11 5.906214024880964221e-11 1.660578942453271055e-11 1.190246454396155402e-11
-3.501589166847687944e-11 -1.373321164257621260e-10 1.142977459645054601e-10 -6.355661443362505533e-11 5.307865516621937034e-12 3.924263446692491557e-11 -1.499015454255747525e-12 -5.018874994517536624e-11 -7.634077668368003094e-12 2.870578181096434033e-13 -9.723874203160083836e-12 -1.045946578810699310e-11 -1.202696986907856854e-11 -1.135414962885579441e-11 7.927460676663274434e-13 -2.504981309081921330e-12 -1.422601664617183487e-12 1.660578942453271055e-11 3.950913688428995038e-11 2.171804879124026238e-11
6.758475536123346919e-11 -5.889688485415262896e-11 1.349849866159000254e-10 3.747203324174556798e-11 1.037011895730293008e-11 -5.430356880844378490e-12 1.579289776046118377e-11 -2.731984859736210382e-11 1.700720883558812017e-11 -3.866075718298143880e-12 -4.175269221315509549e-12 7.849250922868126583e-12 -3.465597723876237570e-12 -6.755432371969062593e-12 5.243255030440467430e-12 -7.752417017261777976e-12 -4.863610567971174151e-12 1.190246454396155402e-11 2.171804879124026238e-11 5.279259821436649874e-11
