1.302120682611964828e-08 -9.262697926727752861e-10 1.227418618358925716e-09 2.898602641233841392e-10 -1.185590724512329529e-09 -1.555559955328849875e-11 -7.667861955186999431e-10 -2.405596736016558733e-10 5.167588810704067618e-12 3.615711746605365906e-10 1.504616260813007501e-10 -3.497563482446775576e-11 8.621560388530349430e-11 -4.723244493849700573e-11 -2.225596811034222062e-10 -1.840358070655105411e-10 1.090606095777001274e-10 -7.310981294517751476e-11 2.208224050695357801e-10 1.610534848119476910e-10
-9.262697926727752861e-10 1.012146759011252512e-08 3.100019759234691648e-10 1.361961012891261012e-09 -2.487115370682923046e-10 -4.832742350780534581e-11 4.111195536494554473e-10 5.573074668299847905e-10 1.314519699432302801e-11 -1.171186166489234306e-10 3.670425211477725153e-10 1.597498293865563014e-10 2.959142197122723540e-10 1.635432513326876811e-10 3.467171389594450427e-10 2.658771072424702454e-10 2.586944386964373078e-11 1.686638576486805028e-10 1.509557567569665954e-10 1.349398557626192708e-10
1.227418618358925716e-09 3.100019759234691648e-10 9.101664202539669345e-09 1.116814208102840514e-09 9.040387820648467158e-11 -8.548932722980448675e-11 -2.929008416219696706e-11 -4.335654130928278532e-10 -6.922581376654409531e-10 -7.636737765139743798e-11 -1.367948158774146652e-10 2.312661533818250090e-10 -1.220175866297522182e-10 4.005724794372318995e-11 -2.611524938649102612e-11 1.734673907649725742e-10 7.477226790409326249e-11 1.150951223360956680e-10 7.350363231477286212e-11 6.900447490261139860e-11
2.898602641233841392e-10 1.361961012891261012e-09 1.116814208102840514e-09 4.301458431306691411e-09 3.092406846567405293e-10 3.883773804572293767e-10 -2.981653481817037594e-10 -8.031333991605863632e-11 2.794911085777139280e-10 -1.920336169979191453e-10 -1.498628411385005806e-10 4.801307617078915332e-11 -1.582281308641538530e-10 -9.751994466051219738e-12 7.816901772657455846e-11 -1.241001711237125064e-12 -2.808242589164916216e-11 -5.549562112586709895e-11 -1.438714950390777765e-10 -1.298799439077117578e-10
-1.185590724512329529e-09 -2.487115370682923046e-10 9.040387820648467158e-11 3.092406846567405293e-10 4.139101836677415071e-09 2.027218555042917367e-10 -3.581526244175091404e-10 3.143444736278934296e-10 2.247873126002356556e-10 -4.536863951293512786e-11 -1.416240155876331612e-10 -1.468745657122347394e-10 -3.307770701768835096e-11 -1.402705826687572600e-10 -7.753906764421581776e-11 7.372037661718751683e-11 -3.303090497187326151e-11 -3.894942282096064671e-12 7.900101868881040010e-11 1.024543991252269945e-10
-1.555559955328849875e-11 -4.832742350780534581e-11 -8.548932722980448675e-11 3.883773804572293767e-10 2.027218555042917367e-10 2.473232947607724453e-09 8.145997673082205353e-11 2.502600455246006947e-11 3.389529031356661817e-10 3.838799563025013949e-11 1.007730862396257214e-10 6.679484451739962577e-11 -7.501607581394637456e-11 -1.237535733392142584e-10 -6.797580718866320912e-11 -3.793907155295684505e-12 3.919650871883306908e-11 4.977051730233932929e-11 9.098210806786747527e-11 1.442906493566995702e-10
-7.667861955186999431e-10 4.111195536494554473e-10 -2.929008416219696706e-11 -2.981653481817037594e-10 -3.581526244175091404e-10 8.145997673082205353e-11 1.600093925235923298e-09 8.151933173955657048e-11 1.994639193720310163e-10 1.209179161452016238e-10 1.208641813531890479e-10 8.153705767403353537e-11 1.520894816067831908e-10 1.399219157518628131e-10 9.429681948183697751e-11 5.909942330454267691e-11 3.927409369397735454e-11 1.236647581459098354e-10 1.066668369621709963e-10 6.640925834171807379e-11
-2.405596736016558733e-10 5.573074668299847905e-10 -4.335654130928278532e-10 -8.031333991605863632e-11 3.143444736278934296e-10 2.502600455246006947e-11 8.151933173955657048e-11 1.430150368842866412e-09 1.313461966750358014e-10 1.896165998002780833e-10 6.821343966303586521e-11 8.101674679893619834e-11 1.398995549480143719e-10 1.727047120108533478e-10 1.639289527390835110e-10 9.731364946053795419e-11 6.056899998757783626e-11 8.577041286483481451e-11 7.895187514617153777e-11 9.533974487782210702e-11
5.167588810704067618e-12 1.314519699432302801e-11 -6.922581376654409531e-10 2.794911085777139280e-10 2.247873126002356556e-10 3.389529031356661817e-10 1.994639193720310163e-10 1.313461966750358014e-10 9.428258513404321834e-10 2.924687400393833571e-10 5.209516259997978479e-11 -3.704283488247544241e-11 2.118155949317628681e-11 1.454753737651906724e-11 4.924897696421569043e-11 2.601138615379745341e-11 -1.049565438915046132e-11 3.989869255022135054e-11 1.982495022040997759e-11 5.721698751342259508e-11
3.615711746605365906e-10 -1.171186166489234306e-10 -7.636737765139743798e-11 -1.920336169979191453e-10 -4.536863951293512786e-11 3.838799563025013949e-11 1.209179161452016238e-10 1.896165998002780833e-10 2.924687400393833571e-10 4.985530666204882875e-10 1.618491979573568017e-10 7.627056159281273086e-11 3.692229717291865110e-11 3.544136762076470552e-11 2.835347670376680419e-11 2.670842699043072292e-11 -5.440798768329530823e-12 2.289720857956624531e-11 2.907945670277682379e-11 7.779363005940234596e-11
1.504616260813007501e-10 3.670425211477725153e-10 -1.367948158774146652e-10 -1.498628411385005806e-10 -1.416240155876331612e-10 1.007730862396257214e-10 1.208641813531890479e-10 6.821343966303586521e-11 5.209516259997978479e-11 1.618491979573568017e-10 4.115050337712926501e-10 1.666663225972590544e-10 4.445439011636702537e-11 4.169912607779993772e-11 2.097870052208469903e-11 5.867576071092525611e-11 2.954217721563455251e-11 5.774005216214112293e-11 9.611122092116789620e-11 1.236825245220628841e-10
-3.497563482446775576e-11 1.597498293865563014e-10 2.312661533818250090e-10 4.801307617078915332e-11 -1.468745657122347394e-10 6.679484451739962577e-11 8.153705767403353537e-11 8.101674679893619834e-11 -3.704283488247544241e-11 7.627056159281273086e-11 1.666663225972590544e-10 3.463520021298041322e-10 6.264786527456201535e-11 4.587398199337493955e-11 4.665487485077535568e-11 6.294708649107884873e-12 1.678105745850179518e-11 4.312969326776764531e-11 3.314157137134562076e-11 2.858729962968069132e-11
8.621560388530349430e-11 2.959142197122723540e-10 -1.220175866297522182e-10 -1.582281308641538530e-10 -3.307770701768835096e-11 -7.501607581394637456e-11 1.520894816067831908e-10 1.398995549480143719e-10 2.118155949317628681e-11 3.692229717291865110e-11 4.445439011636702537e-11 6.264786527456201535e-11 3.001165956433597536e-10 1.086500214895921651e-10 1.177946240648754861e-10 8.160142333549674887e-11 5.461923542029755739e-11 5.118931411599183881e-11 5.311131642175350136e-11 3.908204402894323021e-11
-4.723244493849700573e-11 1.635432513326876811e-10 4.005724794372318995e-11 -9.751994466051219738e-12 -1.402705826687572600e-10 -1.237535733392142584e-10 1.399219157518628131e-10 1.727047120108533478e-10 1.454753737651906724e-11 3.544136762076470552e-11 4.169912607779993772e-11 4.587398199337493955e-11 1.086500214895921651e-10 1.842890988685159914e-10 9.395618745378083485e-11 6.659428638992427342e-11 1.918496152642299536e-11 1.864599648202273583e-11 -2.050430567124434660e-11 -2.540050033340170382e-11
-2.225596811034222062e-10 3.467171389594450427e-10 -2.611524938649102612e-11 7.816901772657455846e-11 -7.753906764421581776e-11 -6.797580718866320912e-11 9.429681948183697751e-11 1.639289527390835110e-10 4.924897696421569043e-11 2.835347670376680419e-11 2.097870052208469903e-11 4.665487485077535568e-11 1.177946240648754861e-10 9.395618745378083485e-11 2.018866850216039990e-10 1.049735219135097410e-10 5.112631572792930560e-11 3.209057875236617806e-11 1.442963515040545252e-11 5.062753991150210204e-12
-1.840358070655105411e-10 2.658771072424702454e-10 1.734673907649725742e-10 -1.241001711237125064e-12 7.372037661718751683e-11 -3.793907155295684505e-12 5.909942330454267691e-11 9.731364946053795419e-11 2.601138615379745341e-11 2.670842699043072292e-11 5.867576071092525611e-11 6.294708649107884873e-12 8.160142333549674887e-11 6.659428638992427342e-11 1.049735219135097410e-10 2.243977310615482450e-10 7.881166052111310914e-11 4.173426143576076789e-11 2.690098238860173279e-11 4.979115864409272044e-11
1.090606095777001274e-10 2.586944386964373078e-11 7.477226790409326249e-11 -2.808242589164916216e-11 -3.303090497187326151e-11 3.919650871883306908e-11 3.927409369397735454e-11 6.056899998757783626e-11 -1.049565438915046132e-11 -5.440798768329530823e-12 2.954217721563455251e-11 1.678105745850179518e-11 5.461923542029755739e-11 1.918496152642299536e-11 5.112631572792930560e-11 7.881166052111310914e-11 1.560993955891570929e-10 6.563513540857078863e-11 5.453128679008144948e-11 4.176525084663471106e-11
-7.310981294517751476e-11 1.686638576486805028e-10 1.150951223360956680e-10 -5.549562112586709895e-11 -3.894942282096064671e-12 4.977051730233932929e-11 1.236647581459098354e-10 8.577041286483481451e-11 3.989869255022135054e-11 2.289720857956624531e-11 5.774005216214112293e-11 4.312969326776764531e-11 5.118931411599183881e-11 1.864599648202273583e-11 3.209057875236617806e-11 4.173426143576076789e-11 6.563513540857078863e-11 1.537561168338811385e-10 1.293097381716563732e-10 8.978164126298162534e-11
2.208224050695357801e-10 1.509557567569665954e-10 7.350363231477286212e-11 -1.438714950390777765e-10 7.900101868881040010e-11 9.098210806786747527e-11 1.066668369621709963e-10 7.895187514617153777e-11 1.982495022040997759e-11 2.907945670277682379e-11 9.611122092116789620e-11 3.314157137134562076e-11 5.311131642175350136e-11 -2.050430567124434660e-11 1.442963515040545252e-11 2.690098238860173279e-11 5.453128679008144948e-11 1.293097381716563732e-10 2.201397824675870722e-10 1.804151205134090952e-10
1.610534848119476910e-10 1.349398557626192708e-10 6.900447490261139860e-11 -1.298799439077117578e-10 1.024543991252269945e-10 1.442906493566995702e-10 6.640925834171807379e-11 9.533974487782210702e-11 5.721698751342259508e-11 7.779363005940234596e-11 1.236825245220628841e-10 2.858729962968069132e-11 3.908204402894323021e-11 -2.540050033340170382e-11 5.062753991150210204e-12 4.979115864409272044e-11 4.176525084663471106e-11 8.978164126298162534e-11 1.804151205134090952e-10 2.120107453603094416e-10
