1.018341631566993507e-05 1.028504159282799153e-05 1.016440846064040373e-05 1.016866396385317857e-05 9.637419170178674105e-06 9.019800088373206869e-06 7.750290579920895875e-06 7.212271219726331874e-06 6.820724775397285938e-06 6.180929449796319363e-06 5.673241183230347381e-06 5.293006299446856527e-06 4.915730486849170066e-06 3.933548216674863444e-06 2.680427170059420928e-06 1.614854136205255200e-06 4.567156468597155827e-07 -6.537847878062667031e-07 -1.078812064813794401e-06 -1.376541852730201333e-06
1.028504159282799153e-05 1.158646516504791295e-05 1.134882814133829479e-05 1.131495631159425852e-05 1.069458756255479265e-05 9.869349607386522898e-06 8.352245299235921066e-06 7.800905806086085888e-06 7.375192823520872784e-06 6.606690039868198359e-06 5.979126105395369779e-06 5.579112407374288914e-06 5.150909830929386966e-06 4.296894418815147421e-06 2.966320600607919842e-06 1.764898372069640989e-06 4.655757645911923137e-07 -7.506434872735198031e-07 -1.111538058780991756e-06 -1.190867800641967312e-06
1.016440846064040373e-05 1.134882814133829479e-05 1.261664021683229608e-05 1.261165714730483231e-05 1.180774204224523497e-05 1.099106751550463312e-05 9.554228652499712279e-06 9.007283105913143180e-06 8.497314698736784517e-06 7.462594385759939948e-06 6.814714950937510860e-06 6.313309625039100577e-06 5.854289662841201958e-06 5.035015099597535052e-06 3.651266869531973618e-06 2.312459100816559415e-06 6.993305680510753970e-07 -8.101618964665678153e-07 -1.367963759258672856e-06 -1.462235430117772244e-06
1.016866396385317857e-05 1.131495631159425852e-05 1.261165714730483231e-05 1.386598012652556108e-05 1.298599677616703321e-05 1.199233638193038362e-05 1.072114197760135174e-05 1.009688049617661339e-05 9.537639265946458084e-06 8.342406466573941380e-06 7.684323196683611628e-06 6.997001497198175128e-06 6.473678251770921470e-06 5.531791844334749727e-06 3.995819836475168850e-06 2.383820035593581514e-06 6.855618025462705839e-07 -1.007208245796103626e-06 -1.483574159295299444e-06 -1.393237588295731640e-06
9.637419170178674105e-06 1.069458756255479265e-05 1.180774204224523497e-05 1.298599677616703321e-05 1.310295928402671273e-05 1.223340095380400538e-05 1.091139469099476423e-05 1.013697948706629845e-05 9.497568511520250326e-06 8.402837428345022005e-06 7.827924672407439549e-06 7.106375176706921841e-06 6.565328936590066437e-06 5.580000721187194611e-06 3.950291452348543911e-06 2.254102631977986844e-06 6.697259727220110981e-07 -7.664707383441612762e-07 -1.166673738146602356e-06 -1.143136277369289317e-06
9.019800088373206869e-06 9.869349607386522898e-06 1.099106751550463312e-05 1.199233638193038362e-05 1.223340095380400538e-05 1.229033040571892425e-05 1.119058134514371570e-05 1.020421136622238215e-05 9.419145065431166504e-06 8.451513222291859808e-06 7.756746067217687598e-06 6.948508329825235065e-06 6.303044370755877229e-06 5.321599405636191483e-06 3.982937900501796997e-06 2.407017771252210602e-06 8.757348901096230812e-07 -4.837207756855126566e-07 -8.938822378620649989e-07 -1.145236582593457321e-06
7.750290579920895875e-06 8.352245299235921066e-06 9.554228652499712279e-06 1.072114197760135174e-05 1.091139469099476423e-05 1.119058134514371570e-05 1.099845571293354899e-05 1.002480435774539043e-05 9.133137470049745011e-06 8.209109905232513647e-06 7.598966144344994414e-06 6.862560539208636343e-06 6.155552811570387764e-06 5.203172117919196740e-06 4.028594858723441143e-06 2.620911330503240474e-06 1.119122705905756574e-06 -2.837762071525348802e-07 -7.265239494406757745e-07 -1.167325381887253762e-06
7.212271219726331874e-06 7.800905806086085888e-06 9.007283105913143180e-06 1.009688049617661339e-05 1.013697948706629845e-05 1.020421136622238215e-05 1.002480435774539043e-05 9.838764771278871979e-06 9.011973726379074402e-06 7.886258044699119021e-06 7.201581768319893577e-06 6.481485829703253190e-06 5.859952683217375969e-06 4.989699914833715218e-06 3.821309779593809221e-06 2.484791235352477922e-06 1.075533623962514041e-06 -2.469487137582079516e-07 -7.605919612627594965e-07 -1.219313548640848965e-06
6.820724775397285938e-06 7.375192823520872784e-06 8.497314698736784517e-06 9.537639265946458084e-06 9.497568511520250326e-06 9.419145065431166504e-06 9.133137470049745011e-06 9.011973726379074402e-06 8.982851411856693393e-06 7.972158597793780130e-06 7.422963106031948933e-06 6.738391194119354320e-06 6.023031385131430294e-06 4.956221076528516251e-06 3.594401694157491221e-06 2.066587235426915412e-06 6.448790697376463176e-07 -5.337371916640819716e-07 -1.045348165442784026e-06 -1.369561619611198632e-06
6.180929449796319363e-06 6.606690039868198359e-06 7.462594385759939948e-06 8.342406466573941380e-06 8.402837428345022005e-06 8.451513222291859808e-06 8.209109905232513647e-06 7.886258044699119021e-06 7.972158597793780130e-06 7.776908742119329767e-06 7.272636850710313459e-06 6.636205604129776974e-06 5.832265145755011424e-06 4.715372408604676979e-06 3.378433730834065596e-06 1.951123251632994926e-06 4.962789763613979216e-07 -5.688315884011412335e-07 -1.030154612943232806e-06 -1.372065854243773937e-06
5.673241183230347381e-06 5.979126105395369779e-06 6.814714950937510860e-06 7.684323196683611628e-06 7.827924672407439549e-06 7.756746067217687598e-06 7.598966144344994414e-06 7.201581768319893577e-06 7.422963106031948933e-06 7.272636850710313459e-06 7.581363412258941998e-06 6.975800389352705172e-06 6.180774201222505479e-06 4.947060391239564242e-06 3.512205483962491692e-06 2.068360087898621196e-06 4.914544279751732976e-07 -6.336135153828380995e-07 -1.143428988224293951e-06 -1.324419669242529528e-06
5.293006299446856527e-06 5.579112407374288914e-06 6.313309625039100577e-06 6.997001497198175128e-06 7.106375176706921841e-06 6.948508329825235065e-06 6.862560539208636343e-06 6.481485829703253190e-06 6.738391194119354320e-06 6.636205604129776974e-06 6.975800389352705172e-06 6.975545016767448474e-06 6.291744873125673304e-06 5.056299124429429589e-06 3.662922012135497239e-06 2.199972980286942505e-06 6.364826992021340260e-07 -4.542874783223004141e-07 -9.450158280429425402e-07 -1.368040889317356837e-06
4.915730486849170066e-06 5.150909830929386966e-06 5.854289662841201958e-06 6.473678251770921470e-06 6.565328936590066437e-06 6.303044370755877229e-06 6.155552811570387764e-06 5.859952683217375969e-06 6.023031385131430294e-06 5.832265145755011424e-06 6.180774201222505479e-06 6.291744873125673304e-06 6.295146608978225397e-06 5.374522577230001643e-06 3.999898886997798041e-06 2.462326234164415657e-06 8.555516657843291225e-07 -3.300603097343872414e-07 -8.817926982349095033e-07 -1.233499205116030916e-06
3.933548216674863444e-06 4.296894418815147421e-06 5.035015099597535052e-06 5.531791844334749727e-06 5.580000721187194611e-06 5.321599405636191483e-06 5.203172117919196740e-06 4.989699914833715218e-06 4.956221076528516251e-06 4.715372408604676979e-06 4.947060391239564242e-06 5.056299124429429589e-06 5.374522577230001643e-06 5.374334242436156599e-06 4.412409226018755534e-06 3.122704535429794486e-06 1.502691752650297866e-06 1.551144407320868737e-07 -7.727772459916716321e-07 -1.317210374622990199e-06
2.680427170059420928e-06 2.966320600607919842e-06 3.651266869531973618e-06 3.995819836475168850e-06 3.950291452348543911e-06 3.982937900501796997e-06 4.028594858723441143e-06 3.821309779593809221e-06 3.594401694157491221e-06 3.378433730834065596e-06 3.512205483962491692e-06 3.662922012135497239e-06 3.999898886997798041e-06 4.412409226018755534e-06 4.464001402767531024e-06 3.743382034517112628e-06 2.353563145306352586e-06 8.789001205144279645e-07 -4.431030457327866506e-07 -1.281995877215110731e-06
1.614854136205255200e-06 1.764898372069640989e-06 2.312459100816559415e-06 2.383820035593581514e-06 2.254102631977986844e-06 2.407017771252210602e-06 2.620911330503240474e-06 2.484791235352477922e-06 2.066587235426915412e-06 1.951123251632994926e-06 2.068360087898621196e-06 2.199972980286942505e-06 2.462326234164415657e-06 3.122704535429794486e-06 3.743382034517112628e-06 4.118975276737073212e-06 3.085985086025349661e-06 1.631308792906890727e-06 9.911782888523572068e-08 -9.800708647747773557e-07
4.567156468597155827e-07 4.655757645911923137e-07 6.993305680510753970e-07 6.855618025462705839e-07 6.697259727220110981e-07 8.757348901096230812e-07 1.119122705905756574e-06 1.075533623962514041e-06 6.448790697376463176e-07 4.962789763613979216e-07 4.914544279751732976e-07 6.364826992021340260e-07 8.555516657843291225e-07 1.502691752650297866e-06 2.353563145306352586e-06 3.085985086025349661e-06 3.333589983216266913e-06 2.512480742171338567e-06 1.042826037600498819e-06 -5.606675847533347198e-07
-6.537847878062667031e-07 -7.506434872735198031e-07 -8.101618964665678153e-07 -1.007208245796103626e-06 -7.664707383441612762e-07 -4.837207756855126566e-07 -2.837762071525348802e-07 -2.469487137582079516e-07 -5.337371916640819716e-07 -5.688315884011412335e-07 -6.336135153828380995e-07 -4.542874783223004141e-07 -3.300603097343872414e-07 1.551144407320868737e-07 8.789001205144279645e-07 1.631308792906890727e-06 2.512480742171338567e-06 2.922875757960337202e-06 1.926712457583208328e-06 -2.609163444627604587e-08
-1.078812064813794401e-06 -1.111538058780991756e-06 -1.367963759258672856e-06 -1.483574159295299444e-06 -1.166673738146602356e-06 -8.938822378620649989e-07 -7.265239494406757745e-07 -7.605919612627594965e-07 -1.045348165442784026e-06 -1.030154612943232806e-06 -1.143428988224293951e-06 -9.450158280429425402e-07 -8.817926982349095033e-07 -7.727772459916716321e-07 -4.431030457327866506e-07 9.911782888523572068e-08 1.042826037600498819e-06 1.926712457583208328e-06 2.448700294736462918e-06 1.363740101068903010e-06
-1.376541852730201333e-06 -1.190867800641967312e-06 -1.462235430117772244e-06 -1.393237588295731640e-06 -1.143136277369289317e-06 -1.145236582593457321e-06 -1.167325381887253762e-06 -1.219313548640848965e-06 -1.369561619611198632e-06 -1.372065854243773937e-06 -1.324419669242529528e-06 -1.368040889317356837e-06 -1.233499205116030916e-06 -1.317210374622990199e-06 -1.281995877215110731e-06 -9.800708647747773557e-07 -5.606675847533347198e-07 -2.609163444627604587e-08 1.363740101068903010e-06 3.067763033355644709e-06
