5.829843159688755897e-05 4.756473514097338533e-05 5.212629339341548089e-05 4.983614632925399327e-05 4.968909046585800841e-05 4.896906001585238664e-05 4.808789257709485885e-05 4.827786625780567292e-05 4.789222450228400638e-05 4.743502727451911886e-05 4.729780046788065743e-05 4.715002464418614742e-05 4.541136351557781048e-05 4.299851726688921753e-05 3.938264676507635388e-05 3.484666501677488159e-05 2.919575715864667056e-05 2.101517967836826468e-05 1.304850154478911641e-05 5.003160426688374391e-06
4.756473514097338533e-05 4.912300202659421476e-05 5.016966949812007645e-05 4.740480454834000717e-05 4.749158602074543556e-05 4.621763297410524029e-05 4.541601329298683545e-05 4.530047170987557031e-05 4.482374832718629011e-05 4.430701533075857542e-05 4.401616900733038815e-05 4.401737099215871489e-05 4.247344355757506689e-05 4.048732295095489910e-05 3.694289154339683355e-05 3.311987351597074386e-05 2.780450091208804003e-05 1.994777881235991663e-05 1.209251447235250698e-05 3.755891905675273802e-06
5.212629339341548089e-05 5.016966949812007645e-05 5.794247006518495958e-05 5.237366443202439565e-05 5.205532271018188244e-05 5.154696612605643927e-05 5.071622286867468740e-05 5.040084178483406345e-05 4.975543740082937638e-05 4.915530846475705298e-05 4.903413162128908193e-05 4.890634771093369724e-05 4.691895433141998062e-05 4.426170624508529684e-05 4.042633721721556581e-05 3.580115214375787012e-05 2.961045635850985958e-05 2.144602729957540915e-05 1.270961743905261058e-05 3.313671252333162663e-06
4.983614632925399327e-05 4.740480454834000717e-05 5.237366443202439565e-05 5.209146194768005247e-05 5.076497722940859729e-05 4.965182858475797832e-05 4.875318496262214196e-05 4.807325790762668414e-05 4.751447115193487594e-05 4.705971084362328737e-05 4.658402799790958008e-05 4.659149707883510587e-05 4.481514061063265853e-05 4.214773022555424705e-05 3.843634127532840722e-05 3.435053375638209833e-05 2.897464442015675376e-05 2.130842938842514899e-05 1.303965669773997286e-05 4.344840748661833747e-06
4.968909046585800841e-05 4.749158602074543556e-05 5.205532271018188244e-05 5.076497722940859729e-05 5.262751034984563858e-05 5.028515967266614518e-05 4.928773764581691669e-05 4.894750667827035519e-05 4.850556971614360265e-05 4.813210469725878965e-05 4.762255515210593875e-05 4.736285756477315892e-05 4.543304629673604073e-05 4.264990673273492050e-05 3.872087637422808542e-05 3.451387635522472282e-05 2.887899116727792910e-05 2.107397179622641606e-05 1.293515912882209398e-05 3.990241447476509008e-06
4.896906001585238664e-05 4.621763297410524029e-05 5.154696612605643927e-05 4.965182858475797832e-05 5.028515967266614518e-05 5.063099107579120602e-05 4.905025713379818086e-05 4.845229820964192647e-05 4.770805031871440307e-05 4.719174032580958356e-05 4.674612001546586372e-05 4.641514196425011767e-05 4.446195581425270351e-05 4.194176099554116992e-05 3.832075003429819091e-05 3.379885230339681499e-05 2.800051727168409039e-05 2.081334502191534361e-05 1.293171382984494192e-05 4.178156801743715649e-06
4.808789257709485885e-05 4.541601329298683545e-05 5.071622286867468740e-05 4.875318496262214196e-05 4.928773764581691669e-05 4.905025713379818086e-05 4.905706157949385200e-05 4.803352056829428063e-05 4.743039688267021339e-05 4.704863880622334649e-05 4.669210376990174212e-05 4.653126871564332285e-05 4.456681717812079134e-05 4.199012473606720831e-05 3.839304703830191348e-05 3.392142640178627837e-05 2.840676519308352668e-05 2.108057403588658532e-05 1.311908618690985226e-05 4.556945672726553544e-06
4.827786625780567292e-05 4.530047170987557031e-05 5.040084178483406345e-05 4.807325790762668414e-05 4.894750667827035519e-05 4.845229820964192647e-05 4.803352056829428063e-05 4.839504030314211705e-05 4.765531329552035578e-05 4.730772187769749000e-05 4.697582412734921902e-05 4.658351025564952527e-05 4.457724115179488003e-05 4.201818127384613640e-05 3.844637141363753418e-05 3.394892419925603914e-05 2.836392335015418522e-05 2.109545689176497863e-05 1.309938787098308310e-05 4.406079056849968223e-06
4.789222450228400638e-05 4.482374832718629011e-05 4.975543740082937638e-05 4.751447115193487594e-05 4.850556971614360265e-05 4.770805031871440307e-05 4.743039688267021339e-05 4.765531329552035578e-05 4.829368339507234995e-05 4.782081213434588400e-05 4.755947200388652699e-05 4.746654491079575522e-05 4.553003179254275288e-05 4.298374562582117517e-05 3.944605855573151342e-05 3.500353528102800199e-05 2.932374850730521987e-05 2.174269709769955790e-05 1.369081186294997318e-05 4.792726701347636781e-06
4.743502727451911886e-05 4.430701533075857542e-05 4.915530846475705298e-05 4.705971084362328737e-05 4.813210469725878965e-05 4.719174032580958356e-05 4.704863880622334649e-05 4.730772187769749000e-05 4.782081213434588400e-05 4.815572684074886559e-05 4.779986004709295844e-05 4.761477313859103925e-05 4.563104098413752201e-05 4.316973214306394805e-05 3.978344820851981362e-05 3.564243203047067908e-05 3.006214979103314822e-05 2.236881910159007933e-05 1.418377060759996301e-05 5.066830408335636494e-06
4.729780046788065743e-05 4.401616900733038815e-05 4.903413162128908193e-05 4.658402799790958008e-05 4.762255515210593875e-05 4.674612001546586372e-05 4.669210376990174212e-05 4.697582412734921902e-05 4.755947200388652699e-05 4.779986004709295844e-05 4.826359264041929172e-05 4.805922431698561543e-05 4.610627414328264144e-05 4.367654493712733025e-05 4.021586958559416556e-05 3.588562667532443928e-05 3.013744037248770546e-05 2.220416532221101215e-05 1.399385196810608432e-05 4.948973326515025234e-06
4.715002464418614742e-05 4.401737099215871489e-05 4.890634771093369724e-05 4.659149707883510587e-05 4.736285756477315892e-05 4.641514196425011767e-05 4.653126871564332285e-05 4.658351025564952527e-05 4.746654491079575522e-05 4.761477313859103925e-05 4.805922431698561543e-05 4.868279969616151707e-05 4.692871382699129971e-05 4.456434168796122536e-05 4.115523474014366577e-05 3.694401135145099934e-05 3.100545168480525255e-05 2.282737246247023587e-05 1.447483095498037048e-05 5.254701609223077214e-06
4.541136351557781048e-05 4.247344355757506689e-05 4.691895433141998062e-05 4.481514061063265853e-05 4.543304629673604073e-05 4.446195581425270351e-05 4.456681717812079134e-05 4.457724115179488003e-05 4.553003179254275288e-05 4.563104098413752201e-05 4.610627414328264144e-05 4.692871382699129971e-05 4.581644732503217565e-05 4.362816643831628438e-05 4.036216209847514306e-05 3.634427343112262259e-05 3.064839625419934973e-05 2.257337937145248793e-05 1.436875512204035521e-05 5.348005338607622439e-06
4.299851726688921753e-05 4.048732295095489910e-05 4.426170624508529684e-05 4.214773022555424705e-05 4.264990673273492050e-05 4.194176099554116992e-05 4.199012473606720831e-05 4.201818127384613640e-05 4.298374562582117517e-05 4.316973214306394805e-05 4.367654493712733025e-05 4.456434168796122536e-05 4.362816643831628438e-05 4.221745978510966997e-05 3.938982017391473079e-05 3.568720071040434356e-05 3.022503616816314638e-05 2.237439133420367896e-05 1.451982394256828808e-05 5.852507824611380634e-06
3.938264676507635388e-05 3.694289154339683355e-05 4.042633721721556581e-05 3.843634127532840722e-05 3.872087637422808542e-05 3.832075003429819091e-05 3.839304703830191348e-05 3.844637141363753418e-05 3.944605855573151342e-05 3.978344820851981362e-05 4.021586958559416556e-05 4.115523474014366577e-05 4.036216209847514306e-05 3.938982017391473079e-05 3.755029864507106641e-05 3.444462951466563302e-05 2.935300566563536504e-05 2.208370102025107993e-05 1.487828828792142181e-05 6.689987993840857513e-06
3.484666501677488159e-05 3.311987351597074386e-05 3.580115214375787012e-05 3.435053375638209833e-05 3.451387635522472282e-05 3.379885230339681499e-05 3.392142640178627837e-05 3.394892419925603914e-05 3.500353528102800199e-05 3.564243203047067908e-05 3.588562667532443928e-05 3.694401135145099934e-05 3.634427343112262259e-05 3.568720071040434356e-05 3.444462951466563302e-05 3.274706100449894798e-05 2.840148275089963390e-05 2.179873168543329106e-05 1.528255610440948031e-05 7.603211164601161042e-06
2.919575715864667056e-05 2.780450091208804003e-05 2.961045635850985958e-05 2.897464442015675376e-05 2.887899116727792910e-05 2.800051727168409039e-05 2.840676519308352668e-05 2.836392335015418522e-05 2.932374850730521987e-05 3.006214979103314822e-05 3.013744037248770546e-05 3.100545168480525255e-05 3.064839625419934973e-05 3.022503616816314638e-05 2.935300566563536504e-05 2.840148275089963390e-05 2.559177940833167033e-05 2.032004519547086900e-05 1.502115122350542885e-05 8.673776002428666275e-06
2.101517967836826468e-05 1.994777881235991663e-05 2.144602729957540915e-05 2.130842938842514899e-05 2.107397179622641606e-05 2.081334502191534361e-05 2.108057403588658532e-05 2.109545689176497863e-05 2.174269709769955790e-05 2.236881910159007933e-05 2.220416532221101215e-05 2.282737246247023587e-05 2.257337937145248793e-05 2.237439133420367896e-05 2.208370102025107993e-05 2.179873168543329106e-05 2.032004519547086900e-05 1.786674833146695111e-05 1.472386137504799112e-05 1.022181788768437667e-05
1.304850154478911641e-05 1.209251447235250698e-05 1.270961743905261058e-05 1.303965669773997286e-05 1.293515912882209398e-05 1.293171382984494192e-05 1.311908618690985226e-05 1.309938787098308310e-05 1.369081186294997318e-05 1.418377060759996301e-05 1.399385196810608432e-05 1.447483095498037048e-05 1.436875512204035521e-05 1.451982394256828808e-05 1.487828828792142181e-05 1.528255610440948031e-05 1.502115122350542885e-05 1.472386137504799112e-05 1.452687219032859787e-05 1.227684727310704865e-05
5.003160426688374391e-06 3.755891905675273802e-06 3.313671252333162663e-06 4.344840748661833747e-06 3.990241447476509008e-06 4.178156801743715649e-06 4.556945672726553544e-06 4.406079056849968223e-06 4.792726701347636781e-06 5.066830408335636494e-06 4.948973326515025234e-06 5.254701609223077214e-06 5.348005338607622439e-06 5.852507824611380634e-06 6.689987993840857513e-06 7.603211164601161042e-06 8.673776002428666275e-06 1.022181788768437667e-05 1.227684727310704865e-05 1.331945478972992590e-05
