3.207315226167930234e-08 1.080681682230051503e-09 3.356120588914707737e-09 -2.235407910061884052e-10 -2.242843194721916505e-10 9.660593962580308334e-10 -7.976768651506166374e-10 -2.028522321141568103e-11 5.655731957122594869e-10 5.025524132053718881e-10 5.565113703802447706e-10 2.459692987469713643e-10 1.424311540307283640e-10 -2.390720157933431495e-10 1.931689028541390650e-10 5.773074094269821972e-10 7.003736409071454177e-10 3.891880154124568881e-10 1.429653678656488208e-10 1.730152580802167738e-10
1.080681682230051503e-09 2.006141523836415715e-08 3.918702324963175614e-09 -1.181687436979729973e-12 -1.252366381000811709e-09 1.027269339970475511e-09 -9.847013365160013844e-10 3.595542247486124362e-10 -2.017689716707213373e-10 4.108050362600043392e-11 7.004515795841324684e-10 1.630451429836459569e-10 4.551177513585552159e-10 6.470127454376207803e-10 7.925053297880042243e-10 5.479442383793109600e-10 6.416649593332825044e-11 8.361259749629395899e-11 7.678977805574951925e-11 3.142322539548544265e-11
3.356120588914707737e-09 3.918702324963175614e-09 1.392659047460952870e-08 2.002248470344516379e-09 1.811665612670698705e-09 9.338747135915064409e-10 -2.717775622923504363e-10 -3.471041351140403776e-10 2.980070010992964225e-10 3.753420663857863458e-10 4.122735651856882679e-10 2.569517538574872687e-10 1.663885140506559350e-10 -5.832229305417010426e-11 2.428962487333064843e-10 -9.238509231797540152e-11 -6.574197014444150028e-11 2.405798852971364748e-10 1.976013695406781837e-10 1.745718219456158050e-11
-2.235407910061884052e-10 -1.181687436979729973e-12 2.002248470344516379e-09 9.493769178683853128e-09 -3.962734483831453991e-10 2.424150783885592946e-10 -6.722511514583140271e-10 3.055212139020551318e-10 4.634366885164446890e-10 1.639275103574338095e-10 -1.218157832017411582e-10 1.986542127446495800e-10 -2.478564272156832054e-10 2.446318756541380370e-10 9.210152764185214687e-11 -8.420679685798457090e-11 -1.182636855186064314e-10 2.500369247402779010e-10 3.836383716208732918e-10 1.556435540022866259e-10
-2.242843194721916505e-10 -1.252366381000811709e-09 1.811665612670698705e-09 -3.962734483831453991e-10 5.322625612049209624e-09 7.872205916250301645e-10 -4.511437047846773050e-10 1.012987768098051857e-10 1.179925111618149906e-10 -2.717921123100245829e-11 -1.098651781784785113e-10 1.432530864058269391e-10 9.452922938896676443e-11 -1.479535374889209305e-10 3.470320102974552465e-11 -3.199851057081751296e-11 9.128608439971328219e-11 -6.701989527103203733e-11 -3.736809258057812885e-11 3.145040556019588814e-11
9.660593962580308334e-10 1.027269339970475511e-09 9.338747135915064409e-10 2.424150783885592946e-10 7.872205916250301645e-10 3.547612690782652347e-09 -3.844423127149504622e-10 -7.039224992261105820e-11 2.335269815196438588e-10 2.140641383557818646e-11 2.024656735686859761e-10 1.222561473577354057e-10 -1.419954443176229128e-10 1.321158508929536466e-10 -1.483963602696091857e-11 -2.536742747824937955e-11 -1.726194943981430439e-11 -8.845186566280444401e-11 -1.520055581030772073e-10 -8.021855282244997921e-11
-7.976768651506166374e-10 -9.847013365160013844e-10 -2.717775622923504363e-10 -6.722511514583140271e-10 -4.511437047846773050e-10 -3.844423127149504622e-10 3.197148914847086661e-09 1.283341566366646641e-10 -6.459706683615015970e-11 -1.643492601476898599e-10 -7.910806664802609409e-11 1.548072659154962997e-11 -1.083417911001858709e-10 -2.012852973227038071e-11 -1.904420314219368671e-12 -1.301523323836915914e-10 -1.229914944538472895e-13 -1.128992024583825538e-11 3.415634920470758897e-11 -1.628163946461041903e-11
-2.028522321141568103e-11 3.595542247486124362e-10 -3.471041351140403776e-10 3.055212139020551318e-10 1.012987768098051857e-10 -7.039224992261105820e-11 1.283341566366646641e-10 2.482458045781170350e-09 5.590754126480008949e-10 3.162296156673632634e-10 1.801780548736708185e-10 2.804529103300640810e-11 -3.029006114571619734e-11 1.031605488947254692e-10 2.428539689622439133e-10 1.148654213881178735e-10 -1.230295259184066992e-11 9.305785037534155164e-11 1.383256223574796419e-10 1.874601923184241840e-10
5.655731957122594869e-10 -2.017689716707213373e-10 2.980070010992964225e-10 4.634366885164446890e-10 1.179925111618149906e-10 2.335269815196438588e-10 -6.459706683615015970e-11 5.590754126480008949e-10 1.576315348745846910e-09 4.518070761220989480e-10 1.197803824084027720e-10 5.622904871410759711e-11 1.142981203706266576e-10 1.004432075924233434e-10 1.315459305571186442e-10 3.164762266314352302e-11 -9.956299938840147642e-11 6.066008725383567921e-11 5.652190574354839088e-11 9.179955419739893395e-11
5.025524132053718881e-10 4.108050362600043392e-11 3.753420663857863458e-10 1.639275103574338095e-10 -2.717921123100245829e-11 2.140641383557818646e-11 -1.643492601476898599e-10 3.162296156673632634e-10 4.518070761220989480e-10 9.110860933303787198e-10 3.277749588081678939e-10 1.211635698864883868e-10 1.733078324539965890e-10 8.380638887924851884e-11 4.809041457997764645e-11 -2.062409958585403367e-13 -1.489212748869754633e-11 5.456108385812421961e-11 7.964641639212126315e-11 8.446142083886242289e-11
5.565113703802447706e-10 7.004515795841324684e-10 4.122735651856882679e-10 -1.218157832017411582e-10 -1.098651781784785113e-10 2.024656735686859761e-10 -7.910806664802609409e-11 1.801780548736708185e-10 1.197803824084027720e-10 3.277749588081678939e-10 7.450201270298551248e-10 8.302166701814699916e-11 1.110224166174136001e-10 5.192402783291048450e-11 5.851521672359079369e-11 4.367917834145725056e-11 4.469441779841527103e-11 4.720836851179518463e-11 6.085729531840136591e-11 5.602767496009888304e-11
2.459692987469713643e-10 1.630451429836459569e-10 2.569517538574872687e-10 1.986542127446495800e-10 1.432530864058269391e-10 1.222561473577354057e-10 1.548072659154962997e-11 2.804529103300640810e-11 5.622904871410759711e-11 1.211635698864883868e-10 8.302166701814699916e-11 4.146162139538978227e-10 1.499517025405762015e-10 5.169785157658405530e-11 3.394053923690054877e-11 -8.211364326702761886e-11 -4.632472360018162531e-11 1.154783210993321503e-11 -7.495012092885642088e-12 1.750712793738870822e-11
1.424311540307283640e-10 4.551177513585552159e-10 1.663885140506559350e-10 -2.478564272156832054e-10 9.452922938896676443e-11 -1.419954443176229128e-10 -1.083417911001858709e-10 -3.029006114571619734e-11 1.142981203706266576e-10 1.733078324539965890e-10 1.110224166174136001e-10 1.499517025405762015e-10 4.172761948384787551e-10 1.409445362295583765e-10 1.399792933094772862e-10 2.309496527909858521e-11 6.744991411187256620e-12 6.559663595229307710e-11 4.739663307626675109e-11 3.346671652648969312e-11
-2.390720157933431495e-10 6.470127454376207803e-10 -5.832229305417010426e-11 2.446318756541380370e-10 -1.479535374889209305e-10 1.321158508929536466e-10 -2.012852973227038071e-11 1.031605488947254692e-10 1.004432075924233434e-10 8.380638887924851884e-11 5.192402783291048450e-11 5.169785157658405530e-11 1.409445362295583765e-10 3.597012757057986837e-10 1.743285918826177417e-10 6.216178850092875921e-11 -6.797384101920676835e-12 5.122553827254330353e-11 4.972604506460234427e-11 2.904917007837190074e-11
1.931689028541390650e-10 7.925053297880042243e-10 2.428962487333064843e-10 9.210152764185214687e-11 3.470320102974552465e-11 -1.483963602696091857e-11 -1.904420314219368671e-12 2.428539689622439133e-10 1.315459305571186442e-10 4.809041457997764645e-11 5.851521672359079369e-11 3.394053923690054877e-11 1.399792933094772862e-10 1.743285918826177417e-10 3.749134407154665326e-10 9.549864061555918032e-11 1.203493273528520680e-11 5.034166299945744171e-11 6.068468077318680305e-11 3.462634759739064503e-11
5.773074094269821972e-10 5.479442383793109600e-10 -9.238509231797540152e-11 -8.420679685798457090e-11 -3.199851057081751296e-11 -2.536742747824937955e-11 -1.301523323836915914e-10 1.148654213881178735e-10 3.164762266314352302e-11 -2.062409958585403367e-13 4.367917834145725056e-11 -8.211364326702761886e-11 2.309496527909858521e-11 6.216178850092875921e-11 9.549864061555918032e-11 1.902237839593977914e-10 7.101261920514402492e-11 4.042737888651430516e-11 3.083580819099560006e-11 1.216321073379659673e-11
7.003736409071454177e-10 6.416649593332825044e-11 -6.574197014444150028e-11 -1.182636855186064314e-10 9.128608439971328219e-11 -1.726194943981430439e-11 -1.229914944538472895e-13 -1.230295259184066992e-11 -9.956299938840147642e-11 -1.489212748869754633e-11 4.469441779841527103e-11 -4.632472360018162531e-11 6.744991411187256620e-12 -6.797384101920676835e-12 1.203493273528520680e-11 7.101261920514402492e-11 1.779447382865971860e-10 6.061254424882667476e-11 5.608714150184615536e-11 2.170142028143552655e-11
3.891880154124568881e-10 8.361259749629395899e-11 2.405798852971364748e-10 2.500369247402779010e-10 -6.701989527103203733e-11 -8.845186566280444401e-11 -1.128992024583825538e-11 9.305785037534155164e-11 6.066008725383567921e-11 5.456108385812421961e-11 4.720836851179518463e-11 1.154783210993321503e-11 6.559663595229307710e-11 5.122553827254330353e-11 5.034166299945744171e-11 4.042737888651430516e-11 6.061254424882667476e-11 1.556428846024938037e-10 1.425561280149822676e-10 6.800401017665080375e-11
1.429653678656488208e-10 7.678977805574951925e-11 1.976013695406781837e-10 3.836383716208732918e-10 -3.736809258057812885e-11 -1.520055581030772073e-10 3.415634920470758897e-11 1.383256223574796419e-10 5.652190574354839088e-11 7.964641639212126315e-11 6.085729531840136591e-11 -7.495012092885642088e-12 4.739663307626675109e-11 4.972604506460234427e-11 6.068468077318680305e-11 3.083580819099560006e-11 5.608714150184615536e-11 1.425561280149822676e-10 2.213083701433387280e-10 1.152871776791610515e-10
1.730152580802167738e-10 3.142322539548544265e-11 1.745718219456158050e-11 1.556435540022866259e-10 3.145040556019588814e-11 -8.021855282244997921e-11 -1.628163946461041903e-11 1.874601923184241840e-10 9.179955419739893395e-11 8.446142083886242289e-11 5.602767496009888304e-11 1.750712793738870822e-11 3.346671652648969312e-11 2.904917007837190074e-11 3.462634759739064503e-11 1.216321073379659673e-11 2.170142028143552655e-11 6.800401017665080375e-11 1.152871776791610515e-10 1.336364415015528451e-10
