3.292512874487967511e-08 1.019115702041388660e-09 -1.936709546562358438e-09 -3.510772340449576744e-09 -1.294097828879021955e-09 -1.760393001622791652e-10 1.264999935642957042e-09 1.354455492551918224e-09 -7.302840508991630416e-10 3.222633897983611670e-10 -3.440471892378604022e-10 -6.828303299098172854e-10 -2.514239029702751423e-10 3.946706705676331837e-11 3.169379108337667168e-10 4.652209580245582889e-10 4.118199636545768575e-10 2.596811682385175594e-10 5.317645755063135487e-11 -6.294746971699740765e-11
1.019115702041388660e-09 1.733586791223290253e-08 -8.929194435782770798e-10 -1.439816490151782447e-09 -8.056264573573218922e-11 5.301888002553976352e-10 -8.490858137829068998e-10 -3.690978238017599442e-10 4.757306081939108945e-10 6.103546016141804716e-11 -5.156400367284288804e-10 -5.530715351463438087e-10 5.955530867356132557e-11 -2.317746157474256154e-10 -7.764313247856334139e-11 -6.545980008259897332e-11 -6.372584977434349183e-11 -1.974345985065905280e-11 7.766471645172135665e-11 4.979581822096808011e-11
-1.936709546562358438e-09 -8.929194435782770798e-10 1.927234358867367971e-08 2.004730294509879083e-09 1.080998238613101326e-09 2.988582856812885978e-10 -1.837742066979141389e-09 9.121347660980767435e-10 9.943843290270206236e-10 -8.491387213902615184e-11 1.637817017586898722e-10 2.555769636817040440e-10 5.752708496955806619e-10 1.575727372089341921e-10 -9.424881391669249303e-11 3.782152297915721860e-11 6.408810147204685411e-11 -9.781337295497150386e-11 -1.327496408185415441e-10 8.673307878410823267e-11
-3.510772340449576744e-09 -1.439816490151782447e-09 2.004730294509879083e-09 1.018749234194068610e-08 1.465159389966511910e-09 2.234504043894218613e-10 -1.249162615095196311e-09 1.693734778731687168e-10 -1.504143791203189795e-10 -3.934057897773991326e-10 3.639227499765219966e-10 4.607893465646958767e-10 2.618315066005308943e-10 2.472421323438281491e-10 3.078010180941651220e-10 1.977761024714779045e-10 8.713312296076823267e-11 -2.483134287548795612e-11 -1.310872589626740540e-10 8.572359756195346402e-11
-1.294097828879021955e-09 -8.056264573573218922e-11 1.080998238613101326e-09 1.465159389966511910e-09 5.374689054679457799e-09 -7.149511095133272314e-10 1.867293522714751438e-10 -4.329743007486865808e-10 -1.049194421974288439e-10 -3.387447345829352875e-10 2.112538471182033066e-10 -7.825686064941787992e-12 3.020432772410527054e-10 2.018893451644220930e-10 -9.427962069643043182e-11 -1.308146426424498976e-10 2.836095518134503348e-11 -5.970784775495378415e-11 -6.233844026427129948e-11 2.320060918045391355e-11
-1.760393001622791652e-10 5.301888002553976352e-10 2.988582856812885978e-10 2.234504043894218613e-10 -7.149511095133272314e-10 4.460091115817437826e-09 -5.411307130185230178e-10 -2.070025755985456191e-10 4.219329125545481750e-10 -1.125360621028227326e-10 -2.288504624474792095e-10 3.782069686312774502e-10 -1.002167694491330616e-10 -1.148131104746405274e-10 -9.208448837304912423e-11 -3.946405039419483745e-11 -1.268776918183779347e-10 -3.127659487881723224e-11 2.854669897757594881e-12 1.887820967771587145e-11
1.264999935642957042e-09 -8.490858137829068998e-10 -1.837742066979141389e-09 -1.249162615095196311e-09 1.867293522714751438e-10 -5.411307130185230178e-10 3.201055308776884529e-09 3.953078840440862931e-10 -2.088398753715586599e-10 2.611251414115458393e-10 -1.056929763987819359e-11 1.161465512013211435e-10 -3.052006244488333073e-10 1.047841929367433363e-10 -1.126477491460016945e-11 -1.338527145940997127e-10 -3.833194246387433933e-11 2.474330757223173075e-11 1.514448141383530752e-11 -4.448887063359340126e-11
1.354455492551918224e-09 -3.690978238017599442e-10 9.121347660980767435e-10 1.693734778731687168e-10 -4.329743007486865808e-10 -2.070025755985456191e-10 3.953078840440862931e-10 2.248240467728624809e-09 -2.581340431757657527e-10 -1.092321717753636279e-10 8.377788517247417029e-11 1.154992891400637387e-10 -1.465438068411265985e-11 3.302117740091895300e-11 1.072740483868661353e-10 3.553290874893645211e-11 -1.492931272950060599e-11 -1.237789398208968764e-11 2.492758001167600038e-11 -1.779723991215168926e-11
-7.302840508991630416e-10 4.757306081939108945e-10 9.943843290270206236e-10 -1.504143791203189795e-10 -1.049194421974288439e-10 4.219329125545481750e-10 -2.088398753715586599e-10 -2.581340431757657527e-10 1.272955108480665721e-09 -3.382110337004985443e-11 8.518626922369891541e-11 1.699650739088275022e-10 1.066805559986583111e-10 -3.765598670847001513e-11 -8.931338103978251144e-12 -4.164829629087601209e-11 -2.149399195070151428e-11 -3.368155643825356001e-12 -6.713461413681981520e-11 3.410618305722005014e-11
3.222633897983611670e-10 6.103546016141804716e-11 -8.491387213902615184e-11 -3.934057897773991326e-10 -3.387447345829352875e-10 -1.125360621028227326e-10 2.611251414115458393e-10 -1.092321717753636279e-10 -3.382110337004985443e-11 1.109437838184962188e-09 1.191431629132650838e-10 8.214412056231562625e-12 -2.877965000343784064e-12 -6.919116729103166333e-11 -1.295863460305151443e-10 -9.363405029333157305e-11 2.757794675729720216e-11 1.501012759450370896e-11 3.781708143576112486e-11 2.056124234690343270e-11
-3.440471892378604022e-10 -5.156400367284288804e-10 1.637817017586898722e-10 3.639227499765219966e-10 2.112538471182033066e-10 -2.288504624474792095e-10 -1.056929763987819359e-11 8.377788517247417029e-11 8.518626922369891541e-11 1.191431629132650838e-10 7.190847428168246963e-10 1.250010454300047333e-10 1.908056218597455601e-10 1.395753077999485953e-10 4.991736917636658447e-11 -1.424027818904339154e-12 8.559081448125655934e-12 -1.100295963627773280e-11 -1.208937548293057246e-11 1.332022818714881038e-11
-6.828303299098172854e-10 -5.530715351463438087e-10 2.555769636817040440e-10 4.607893465646958767e-10 -7.825686064941787992e-12 3.782069686312774502e-10 1.161465512013211435e-10 1.154992891400637387e-10 1.699650739088275022e-10 8.214412056231562625e-12 1.250010454300047333e-10 4.495756509261112809e-10 4.032025615765654237e-11 2.032382360258977102e-11 -1.325450670064332513e-11 -4.017266688177328214e-11 -3.079105927572498125e-11 -1.691696639086983395e-11 -1.072544248016987176e-12 2.014129308040563364e-11
-2.514239029702751423e-10 5.955530867356132557e-11 5.752708496955806619e-10 2.618315066005308943e-10 3.020432772410527054e-10 -1.002167694491330616e-10 -3.052006244488333073e-10 -1.465438068411265985e-11 1.066805559986583111e-10 -2.877965000343784064e-12 1.908056218597455601e-10 4.032025615765654237e-11 4.450782598721549258e-10 7.776528291813521849e-11 2.788337270716207882e-11 2.581591548633620610e-11 5.799970941512444205e-11 1.002068625455413338e-11 -3.132696270075670020e-11 2.665569368887770727e-11
3.946706705676331837e-11 -2.317746157474256154e-10 1.575727372089341921e-10 2.472421323438281491e-10 2.018893451644220930e-10 -1.148131104746405274e-10 1.047841929367433363e-10 3.302117740091895300e-11 -3.765598670847001513e-11 -6.919116729103166333e-11 1.395753077999485953e-10 2.032382360258977102e-11 7.776528291813521849e-11 2.999746323561616743e-10 1.210839513926235232e-10 4.612271375840366633e-11 2.840023983229416796e-11 -9.594576657287208945e-12 -1.100546406232132511e-11 1.057985746509822465e-11
3.169379108337667168e-10 -7.764313247856334139e-11 -9.424881391669249303e-11 3.078010180941651220e-10 -9.427962069643043182e-11 -9.208448837304912423e-11 -1.126477491460016945e-11 1.072740483868661353e-10 -8.931338103978251144e-12 -1.295863460305151443e-10 4.991736917636658447e-11 -1.325450670064332513e-11 2.788337270716207882e-11 1.210839513926235232e-10 2.509682891802328341e-10 1.081784141578940161e-10 6.862907034079536791e-11 5.060251497979529998e-13 1.951790840774664849e-11 2.637544828316800836e-11
4.652209580245582889e-10 -6.545980008259897332e-11 3.782152297915721860e-11 1.977761024714779045e-10 -1.308146426424498976e-10 -3.946405039419483745e-11 -1.338527145940997127e-10 3.553290874893645211e-11 -4.164829629087601209e-11 -9.363405029333157305e-11 -1.424027818904339154e-12 -4.017266688177328214e-11 2.581591548633620610e-11 4.612271375840366633e-11 1.081784141578940161e-10 2.090216534775943983e-10 1.042928377958540408e-10 9.485820937976175931e-12 5.871595590785947942e-12 1.888514399354520952e-11
4.118199636545768575e-10 -6.372584977434349183e-11 6.408810147204685411e-11 8.713312296076823267e-11 2.836095518134503348e-11 -1.268776918183779347e-10 -3.833194246387433933e-11 -1.492931272950060599e-11 -2.149399195070151428e-11 2.757794675729720216e-11 8.559081448125655934e-12 -3.079105927572498125e-11 5.799970941512444205e-11 2.840023983229416796e-11 6.862907034079536791e-11 1.042928377958540408e-10 1.682220770053974233e-10 3.907036938127557828e-11 3.746861383322184208e-12 1.630802651281875770e-11
2.596811682385175594e-10 -1.974345985065905280e-11 -9.781337295497150386e-11 -2.483134287548795612e-11 -5.970784775495378415e-11 -3.127659487881723224e-11 2.474330757223173075e-11 -1.237789398208968764e-11 -3.368155643825356001e-12 1.501012759450370896e-11 -1.100295963627773280e-11 -1.691696639086983395e-11 1.002068625455413338e-11 -9.594576657287208945e-12 5.060251497979529998e-13 9.485820937976175931e-12 3.907036938127557828e-11 6.984905295682964986e-11 2.004913529594108577e-11 7.526022769943754564e-12
5.317645755063135487e-11 7.766471645172135665e-11 -1.327496408185415441e-10 -1.310872589626740540e-10 -6.233844026427129948e-11 2.854669897757594881e-12 1.514448141383530752e-11 2.492758001167600038e-11 -6.713461413681981520e-11 3.781708143576112486e-11 -1.208937548293057246e-11 -1.072544248016987176e-12 -3.132696270075670020e-11 -1.100546406232132511e-11 1.951790840774664849e-11 5.871595590785947942e-12 3.746861383322184208e-12 2.004913529594108577e-11 6.699913070705384113e-11 2.282364558029726168e-11
-6.294746971699740765e-11 4.979581822096808011e-11 8.673307878410823267e-11 8.572359756195346402e-11 2.320060918045391355e-11 1.887820967771587145e-11 -4.448887063359340126e-11 -1.779723991215168926e-11 3.410618305722005014e-11 2.056124234690343270e-11 1.332022818714881038e-11 2.014129308040563364e-11 2.665569368887770727e-11 1.057985746509822465e-11 2.637544828316800836e-11 1.888514399354520952e-11 1.630802651281875770e-11 7.526022769943754564e-12 2.282364558029726168e-11 4.440215654368417464e-11
