1.615771231077661235e-08 -2.678602040197912537e-11 2.054535615665438656e-10 8.969827026184094897e-10 -1.600080511725661420e-09 1.929507121457818853e-10 2.815924630418587386e-10 2.875996299411215171e-10 1.983024308636505114e-10 -6.038975624527268623e-11 4.422937482336672500e-10 -1.693787482518479995e-10 -1.111103900004647433e-10 -9.008777092704885617e-11 1.337560615351193778e-10 2.116357877376590004e-10 -1.253932764374347313e-11 -2.617985855668681863e-10 -5.786225424328603526e-10 -4.925169085415167554e-10
-2.678602040197912537e-11 8.898796150491622734e-09 7.031862031660389199e-10 1.388238208091368825e-10 -1.676506996104793322e-10 -3.774610729964916170e-10 -1.001030930058851871e-10 1.284378413185114385e-10 -5.989571892013064396e-11 -1.478789064056603965e-10 -1.859966511897705512e-10 5.949386644452405828e-11 -1.178142023270386641e-10 -1.196784802483957677e-10 -3.880716326180778864e-12 -1.407508197342030751e-10 -4.123258459968315289e-11 8.224508244913459800e-11 1.045672579215339712e-10 -2.423379155887626469e-11
2.054535615665438656e-10 7.031862031660389199e-10 5.298052083652072800e-09 5.105512501613498971e-10 2.854421861950536414e-10 -2.520269665720016242e-10 2.855289875225106691e-10 1.176512891704717297e-10 2.850615666363244882e-10 1.420259188574073774e-10 1.007199751182016222e-10 1.611826822367681750e-11 8.591430263482940848e-11 7.520600190337790868e-11 9.431805705569571205e-11 -2.738779278405845000e-11 -1.204725165337176917e-10 -1.037574542792601841e-10 -1.785115761509925323e-10 -3.567376870554451053e-10
8.969827026184094897e-10 1.388238208091368825e-10 5.105512501613498971e-10 2.999213288647186641e-09 5.786980870898371038e-11 -1.930553590271381089e-10 -3.576222489210523582e-11 3.206227869465637317e-10 -1.082372965274348595e-10 -9.745447764910447523e-11 2.295255200558117048e-11 -4.313244228355113552e-12 -1.062666740312377693e-10 -7.715420076436303792e-11 -2.935798604158108006e-11 -1.378913500669571869e-10 -1.081957378944675806e-10 -2.083792071784293428e-10 -1.599511610563288984e-10 -1.412327018432713838e-10
-1.600080511725661420e-09 -1.676506996104793322e-10 2.854421861950536414e-10 5.786980870898371038e-11 1.986807488558031742e-09 -1.326041673287609387e-10 1.193098903717366481e-10 -7.329422017640369034e-11 3.221374335914211194e-11 7.724894353372735144e-11 9.681787957670285751e-11 1.234183623845525670e-10 4.357293617727008464e-11 1.130030174197371508e-10 1.276206854477781421e-10 1.293909629518292908e-10 1.222302644634266180e-10 1.021468308454657983e-10 1.107350623032789115e-10 1.692486345343563592e-11
1.929507121457818853e-10 -3.774610729964916170e-10 -2.520269665720016242e-10 -1.930553590271381089e-10 -1.326041673287609387e-10 1.179379889801027123e-09 1.017991797227883362e-10 5.006649946448179516e-11 -6.963503760342122178e-12 7.523877852769836835e-11 6.668368492862286657e-11 4.374026150437209677e-11 -4.339311010399938628e-11 -1.389732368879198514e-11 4.912213101044446689e-12 7.190338316542083243e-11 1.795490272156125142e-10 1.990732459787916225e-10 2.195335104461007666e-10 2.033930122100230335e-10
2.815924630418587386e-10 -1.001030930058851871e-10 2.855289875225106691e-10 -3.576222489210523582e-11 1.193098903717366481e-10 1.017991797227883362e-10 9.448369100180555990e-10 1.448030116411433436e-10 1.419865190969086348e-10 7.989280114234744648e-11 1.258468583092422144e-10 2.372317454250753814e-12 6.831716087317399211e-11 7.906905735294861941e-11 6.073500409654093419e-11 1.523475954555369554e-10 1.765042502774200621e-10 2.256905716792585385e-10 2.206931431582372740e-10 1.542197671756744338e-10
2.875996299411215171e-10 1.284378413185114385e-10 1.176512891704717297e-10 3.206227869465637317e-10 -7.329422017640369034e-11 5.006649946448179516e-11 1.448030116411433436e-10 7.116959729146292776e-10 1.100437875636359813e-10 4.365232668733331357e-11 8.372468636874490331e-11 -3.855127159242746127e-11 2.408338116708430501e-11 -1.154722254268423291e-11 -8.841320579590665863e-12 -1.983396403633434938e-11 -1.467802559515783544e-11 3.148578491509698237e-11 1.971532956155629265e-11 3.126467404014272030e-11
1.983024308636505114e-10 -5.989571892013064396e-11 2.850615666363244882e-10 -1.082372965274348595e-10 3.221374335914211194e-11 -6.963503760342122178e-12 1.419865190969086348e-10 1.100437875636359813e-10 6.751716231460721019e-10 9.024264988791040449e-11 8.568452078569919161e-11 2.252999910830733815e-13 1.841219231626322694e-11 3.875772402112807506e-11 7.237818273525514939e-11 1.279141631773651849e-10 1.271123534878620738e-10 1.323218310192090648e-10 1.337032240309924293e-10 7.959595390816863691e-11
-6.038975624527268623e-11 -1.478789064056603965e-10 1.420259188574073774e-10 -9.745447764910447523e-11 7.724894353372735144e-11 7.523877852769836835e-11 7.989280114234744648e-11 4.365232668733331357e-11 9.024264988791040449e-11 4.732739631122444326e-10 1.689210710249556266e-10 1.003353642619538039e-10 7.727034153088329401e-11 9.442769335013010506e-11 4.684721531244267382e-11 9.652897562861777863e-11 1.059224405952862348e-10 1.512078265026872088e-10 1.619406069881737536e-10 1.737006959368238155e-10
4.422937482336672500e-10 -1.859966511897705512e-10 1.007199751182016222e-10 2.295255200558117048e-11 9.681787957670285751e-11 6.668368492862286657e-11 1.258468583092422144e-10 8.372468636874490331e-11 8.568452078569919161e-11 1.689210710249556266e-10 3.815129879443985240e-10 7.073920868410958084e-11 9.446409176766943195e-11 6.523306151054795229e-11 1.987154318031918309e-11 7.158856252864489210e-11 6.027535378643975418e-11 5.252693881761388910e-11 5.016503522135856247e-11 4.580806968646293900e-11
-1.693787482518479995e-10 5.949386644452405828e-11 1.611826822367681750e-11 -4.313244228355113552e-12 1.234183623845525670e-10 4.374026150437209677e-11 2.372317454250753814e-12 -3.855127159242746127e-11 2.252999910830733815e-13 1.003353642619538039e-10 7.073920868410958084e-11 2.842823602600801555e-10 1.376108429079573181e-10 1.340109511896878665e-10 1.196415753988937604e-10 1.156717791303991420e-10 1.252609820405655322e-10 1.027007617688227082e-10 7.867255070015845723e-11 4.963336630782932474e-11
-1.111103900004647433e-10 -1.178142023270386641e-10 8.591430263482940848e-11 -1.062666740312377693e-10 4.357293617727008464e-11 -4.339311010399938628e-11 6.831716087317399211e-11 2.408338116708430501e-11 1.841219231626322694e-11 7.727034153088329401e-11 9.446409176766943195e-11 1.376108429079573181e-10 2.801660925958929191e-10 1.938769950481649539e-10 1.466974975277867944e-10 1.485524386626676159e-10 1.335195237245465599e-10 1.130199565045662682e-10 1.066135159300288901e-10 4.531339219544238659e-11
-9.008777092704885617e-11 -1.196784802483957677e-10 7.520600190337790868e-11 -7.715420076436303792e-11 1.130030174197371508e-10 -1.389732368879198514e-11 7.906905735294861941e-11 -1.154722254268423291e-11 3.875772402112807506e-11 9.442769335013010506e-11 6.523306151054795229e-11 1.340109511896878665e-10 1.938769950481649539e-10 2.978648360257516505e-10 2.274932621182555146e-10 2.172406174738230959e-10 2.381427270406016386e-10 2.052857496240352562e-10 1.888702108470810478e-10 1.150784203551888968e-10
1.337560615351193778e-10 -3.880716326180778864e-12 9.431805705569571205e-11 -2.935798604158108006e-11 1.276206854477781421e-10 4.912213101044446689e-12 6.073500409654093419e-11 -8.841320579590665863e-12 7.237818273525514939e-11 4.684721531244267382e-11 1.987154318031918309e-11 1.196415753988937604e-10 1.466974975277867944e-10 2.274932621182555146e-10 3.155304451413407777e-10 2.965160056523232793e-10 3.190024744774480326e-10 2.755993122400500631e-10 2.529963681342595584e-10 1.974884524666432080e-10
2.116357877376590004e-10 -1.407508197342030751e-10 -2.738779278405845000e-11 -1.378913500669571869e-10 1.293909629518292908e-10 7.190338316542083243e-11 1.523475954555369554e-10 -1.983396403633434938e-11 1.279141631773651849e-10 9.652897562861777863e-11 7.158856252864489210e-11 1.156717791303991420e-10 1.485524386626676159e-10 2.172406174738230959e-10 2.965160056523232793e-10 4.460237704558444690e-10 4.540873348701638687e-10 4.353124629357325130e-10 4.291157123276697831e-10 3.363416588886006982e-10
-1.253932764374347313e-11 -4.123258459968315289e-11 -1.204725165337176917e-10 -1.081957378944675806e-10 1.222302644634266180e-10 1.795490272156125142e-10 1.765042502774200621e-10 -1.467802559515783544e-11 1.271123534878620738e-10 1.059224405952862348e-10 6.027535378643975418e-11 1.252609820405655322e-10 1.335195237245465599e-10 2.381427270406016386e-10 3.190024744774480326e-10 4.540873348701638687e-10 6.368065077887436257e-10 6.294543267464840881e-10 6.502214860136730852e-10 5.232471924881169114e-10
-2.617985855668681863e-10 8.224508244913459800e-11 -1.037574542792601841e-10 -2.083792071784293428e-10 1.021468308454657983e-10 1.990732459787916225e-10 2.256905716792585385e-10 3.148578491509698237e-11 1.323218310192090648e-10 1.512078265026872088e-10 5.252693881761388910e-11 1.027007617688227082e-10 1.130199565045662682e-10 2.052857496240352562e-10 2.755993122400500631e-10 4.353124629357325130e-10 6.294543267464840881e-10 8.029009576748506411e-10 8.948132131988294008e-10 7.669391427863829523e-10
-5.786225424328603526e-10 1.045672579215339712e-10 -1.785115761509925323e-10 -1.599511610563288984e-10 1.107350623032789115e-10 2.195335104461007666e-10 2.206931431582372740e-10 1.971532956155629265e-11 1.337032240309924293e-10 1.619406069881737536e-10 5.016503522135856247e-11 7.867255070015845723e-11 1.066135159300288901e-10 1.888702108470810478e-10 2.529963681342595584e-10 4.291157123276697831e-10 6.502214860136730852e-10 8.948132131988294008e-10 1.186210852747596048e-09 1.109242140973979536e-09
-4.925169085415167554e-10 -2.423379155887626469e-11 -3.567376870554451053e-10 -1.412327018432713838e-10 1.692486345343563592e-11 2.033930122100230335e-10 1.542197671756744338e-10 3.126467404014272030e-11 7.959595390816863691e-11 1.737006959368238155e-10 4.580806968646293900e-11 4.963336630782932474e-11 4.531339219544238659e-11 1.150784203551888968e-10 1.974884524666432080e-10 3.363416588886006982e-10 5.232471924881169114e-10 7.669391427863829523e-10 1.109242140973979536e-09 1.306220337278269447e-09
