4.997243300047160276e-10 2.158680196287595196e-11 3.079023376290395162e-11 3.087459206697897298e-11 2.172409205960560149e-11 1.930127413859529676e-11 -1.102084008874500231e-11 -7.825743262686063938e-12 1.815541757336166582e-11 1.939396491537923103e-11 3.218932456171196003e-11 2.754262808144676967e-11 1.935702452295742170e-11 3.722186326808487243e-11 4.893507019854233200e-11 3.789043287704509075e-11 1.772351724095643519e-11 7.773221017390437639e-12 3.310380529962653704e-12 7.249584612140294907e-12
2.158680196287595196e-11 4.328360140090869032e-10 -1.682614407207573192e-11 1.312444692490537640e-11 -2.375802810126709813e-11 5.128363627054125178e-12 -3.035939658160998140e-12 -8.012890512121554462e-12 4.199547719674509346e-13 7.346778285477830315e-12 7.866268390741316159e-12 7.805722545893496829e-12 -1.460282359045835999e-11 -2.735453477008862410e-11 -2.576327775142743946e-11 -3.144032320809311179e-11 -5.973887092005769158e-11 -7.436047724106913595e-11 -6.230455332978041067e-11 -1.613109701810284133e-11
3.079023376290395162e-11 -1.682614407207573192e-11 3.002334171453633522e-10 1.790758811791982082e-11 2.412570367941575565e-11 1.218442150298238834e-11 2.869811613022156377e-11 1.112448620018648502e-11 1.716956995486733700e-11 6.706358013376360272e-13 1.033818840309484727e-11 1.450888083058940272e-11 1.409053149935389580e-11 2.517397560456351628e-11 2.147892065021060016e-11 1.537915835191670019e-11 5.524604609717376802e-11 7.370942832043879880e-11 7.447182147463916959e-11 7.176062710613356655e-11
3.087459206697897298e-11 1.312444692490537640e-11 1.790758811791982082e-11 1.546249330452926130e-10 1.332335834136761476e-11 4.203002872907531739e-12 -1.701002014563329410e-12 4.471056848160462938e-12 2.005793320244904972e-12 1.402110560648730704e-12 1.266960819509200900e-12 -7.048785063209479713e-12 -9.692927606134012162e-12 -2.473979049894368655e-12 -1.104970787744564527e-11 -9.621807564206097960e-12 -4.357431455024322881e-12 9.957450616122051131e-12 1.723807805651803831e-11 -6.076364023658169735e-12
2.172409205960560149e-11 -2.375802810126709813e-11 2.412570367941575565e-11 1.332335834136761476e-11 1.155244534957078319e-10 3.101036857035377340e-11 2.351226992747729839e-11 2.725623899152089306e-11 3.248669671972760351e-11 2.592663478439981360e-11 2.003617596029296747e-11 1.467720762777352131e-11 1.473323349948334757e-11 1.796778570993950409e-11 1.929871764905075395e-11 1.556509100513358067e-11 2.506166906833611672e-11 2.185637774566721233e-11 7.372693859517270690e-12 -1.606764280693352360e-11
1.930127413859529676e-11 5.128363627054125178e-12 1.218442150298238834e-11 4.203002872907531739e-12 3.101036857035377340e-11 7.825683357016606789e-11 4.217981741084844265e-11 2.732977534452167533e-11 2.471193427630324945e-11 2.364051659220795497e-11 2.382492696274718665e-11 2.212899130499452436e-11 1.906087059337623339e-11 1.201175758570571552e-11 1.182498821491067033e-11 1.646104420924530310e-11 2.511585574715570063e-11 1.931516077034143179e-11 5.482150801383634945e-12 -1.455724575549585985e-11
-1.102084008874500231e-11 -3.035939658160998140e-12 2.869811613022156377e-11 -1.701002014563329410e-12 2.351226992747729839e-11 4.217981741084844265e-11 9.754753618476295305e-11 4.573948765262639707e-11 2.868841465429341715e-11 3.029198335592229880e-11 3.240784786988788192e-11 3.345371172597074272e-11 3.142279168297613732e-11 3.382184124306601707e-11 4.527009509487397056e-11 4.838284555066108677e-11 5.953202855359660382e-11 5.472795900300257436e-11 5.655969604716568538e-11 5.071829640930228498e-11
-7.825743262686063938e-12 -8.012890512121554462e-12 1.112448620018648502e-11 4.471056848160462938e-12 2.725623899152089306e-11 2.732977534452167533e-11 4.573948765262639707e-11 7.400495136644054425e-11 4.148907521233904634e-11 3.792682912863030443e-11 2.823791560062006839e-11 3.069715709049264935e-11 2.866604818888406863e-11 2.661752887883058308e-11 2.827875092541076643e-11 2.921023527412282286e-11 3.443622394459894915e-11 3.678709918521248792e-11 2.534857883461375273e-11 -8.262737175442680341e-13
1.815541757336166582e-11 4.199547719674509346e-13 1.716956995486733700e-11 2.005793320244904972e-12 3.248669671972760351e-11 2.471193427630324945e-11 2.868841465429341715e-11 4.148907521233904634e-11 7.892424725636468781e-11 5.715676581285191831e-11 4.296642383103553706e-11 4.012621125286462021e-11 3.271834587650894573e-11 3.464252573195225208e-11 3.660487359586460480e-11 3.709514295557833388e-11 3.328853421903165130e-11 3.239244906130933049e-11 9.561962969137050732e-12 -5.096244838482978615e-12
1.939396491537923103e-11 7.346778285477830315e-12 6.706358013376360272e-13 1.402110560648730704e-12 2.592663478439981360e-11 2.364051659220795497e-11 3.029198335592229880e-11 3.792682912863030443e-11 5.715676581285191831e-11 8.008328012142391293e-11 6.425456116634739178e-11 5.994816763575883617e-11 5.278683942339758287e-11 5.027554449636639250e-11 6.150812635985570380e-11 6.108874451715479678e-11 5.713166438915495641e-11 5.567424090044012691e-11 4.722227905651587138e-11 4.039854933260710124e-11
3.218932456171196003e-11 7.866268390741316159e-12 1.033818840309484727e-11 1.266960819509200900e-12 2.003617596029296747e-11 2.382492696274718665e-11 3.240784786988788192e-11 2.823791560062006839e-11 4.296642383103553706e-11 6.425456116634739178e-11 9.306764385614803611e-11 8.779625054928243894e-11 7.916544337888042088e-11 7.602266541136629546e-11 8.244811711048239363e-11 8.047008508975299812e-11 7.775360757668029679e-11 7.220461622887810544e-11 6.507746415934757514e-11 4.890727926975331896e-11
2.754262808144676967e-11 7.805722545893496829e-12 1.450888083058940272e-11 -7.048785063209479713e-12 1.467720762777352131e-11 2.212899130499452436e-11 3.345371172597074272e-11 3.069715709049264935e-11 4.012621125286462021e-11 5.994816763575883617e-11 8.779625054928243894e-11 1.158728451354738221e-10 1.139464227518758415e-10 1.033760158933376418e-10 1.039295724346505138e-10 1.005275858991164352e-10 9.188858087908512306e-11 7.710615553269707931e-11 5.984392511089778574e-11 3.600423423139248648e-11
1.935702452295742170e-11 -1.460282359045835999e-11 1.409053149935389580e-11 -9.692927606134012162e-12 1.473323349948334757e-11 1.906087059337623339e-11 3.142279168297613732e-11 2.866604818888406863e-11 3.271834587650894573e-11 5.278683942339758287e-11 7.916544337888042088e-11 1.139464227518758415e-10 1.423660305081566096e-10 1.380187274778874436e-10 1.402200973288812788e-10 1.367694666436791742e-10 1.355385270018762661e-10 1.230354972727742333e-10 1.121657339234797107e-10 8.328381959533704416e-11
3.722186326808487243e-11 -2.735453477008862410e-11 2.517397560456351628e-11 -2.473979049894368655e-12 1.796778570993950409e-11 1.201175758570571552e-11 3.382184124306601707e-11 2.661752887883058308e-11 3.464252573195225208e-11 5.027554449636639250e-11 7.602266541136629546e-11 1.033760158933376418e-10 1.380187274778874436e-10 1.777046605619396620e-10 1.890480470243025917e-10 1.887783972612019160e-10 1.916950615345474860e-10 1.800291275469311919e-10 1.792961869568550799e-10 1.351197298909101868e-10
4.893507019854233200e-11 -2.576327775142743946e-11 2.147892065021060016e-11 -1.104970787744564527e-11 1.929871764905075395e-11 1.182498821491067033e-11 4.527009509487397056e-11 2.827875092541076643e-11 3.660487359586460480e-11 6.150812635985570380e-11 8.244811711048239363e-11 1.039295724346505138e-10 1.402200973288812788e-10 1.890480470243025917e-10 2.495868649874188485e-10 2.679012400125688208e-10 2.818717333694022310e-10 2.809158863281571937e-10 2.966340692820782863e-10 2.581557174084080129e-10
3.789043287704509075e-11 -3.144032320809311179e-11 1.537915835191670019e-11 -9.621807564206097960e-12 1.556509100513358067e-11 1.646104420924530310e-11 4.838284555066108677e-11 2.921023527412282286e-11 3.709514295557833388e-11 6.108874451715479678e-11 8.047008508975299812e-11 1.005275858991164352e-10 1.367694666436791742e-10 1.887783972612019160e-10 2.679012400125688208e-10 3.386620131599134404e-10 3.724353159886666620e-10 3.754472584957576594e-10 3.927985884267540739e-10 3.463673761234657012e-10
1.772351724095643519e-11 -5.973887092005769158e-11 5.524604609717376802e-11 -4.357431455024322881e-12 2.506166906833611672e-11 2.511585574715570063e-11 5.953202855359660382e-11 3.443622394459894915e-11 3.328853421903165130e-11 5.713166438915495641e-11 7.775360757668029679e-11 9.188858087908512306e-11 1.355385270018762661e-10 1.916950615345474860e-10 2.818717333694022310e-10 3.724353159886666620e-10 4.928101695863043415e-10 5.389505571965776784e-10 5.924219646349298061e-10 5.328482710387903932e-10
7.773221017390437639e-12 -7.436047724106913595e-11 7.370942832043879880e-11 9.957450616122051131e-12 2.185637774566721233e-11 1.931516077034143179e-11 5.472795900300257436e-11 3.678709918521248792e-11 3.239244906130933049e-11 5.567424090044012691e-11 7.220461622887810544e-11 7.710615553269707931e-11 1.230354972727742333e-10 1.800291275469311919e-10 2.809158863281571937e-10 3.754472584957576594e-10 5.389505571965776784e-10 6.970389251334383700e-10 8.089177146122668323e-10 7.588756528905625174e-10
3.310380529962653704e-12 -6.230455332978041067e-11 7.447182147463916959e-11 1.723807805651803831e-11 7.372693859517270690e-12 5.482150801383634945e-12 5.655969604716568538e-11 2.534857883461375273e-11 9.561962969137050732e-12 4.722227905651587138e-11 6.507746415934757514e-11 5.984392511089778574e-11 1.121657339234797107e-10 1.792961869568550799e-10 2.966340692820782863e-10 3.927985884267540739e-10 5.924219646349298061e-10 8.089177146122668323e-10 1.045774619571662617e-09 1.039891798017833890e-09
7.249584612140294907e-12 -1.613109701810284133e-11 7.176062710613356655e-11 -6.076364023658169735e-12 -1.606764280693352360e-11 -1.455724575549585985e-11 5.071829640930228498e-11 -8.262737175442680341e-13 -5.096244838482978615e-12 4.039854933260710124e-11 4.890727926975331896e-11 3.600423423139248648e-11 8.328381959533704416e-11 1.351197298909101868e-10 2.581557174084080129e-10 3.463673761234657012e-10 5.328482710387903932e-10 7.588756528905625174e-10 1.039891798017833890e-09 1.199135184689120930e-09
