2.103071870571463303e-08 -1.644956011644404539e-09 1.720050131776046763e-09 1.329798516585423994e-09 1.223099014242930442e-10 9.593987385403792051e-10 -7.483749689461930794e-10 -1.198197059439816013e-10 8.239905731992481937e-11 2.724895501841964942e-10 5.255500151215361734e-10 5.696866558656825749e-10 3.503631540276484254e-10 1.158509996837492077e-10 1.171581563209176766e-10 6.996210771145132860e-11 -2.126318681188856668e-10 -8.274164483385811762e-12 4.456645026384718313e-11 -6.968734142603561702e-11
-1.644956011644404539e-09 1.018248484878540405e-08 -2.150748718308249516e-10 -3.246178810901806496e-10 5.774403082458483872e-10 2.298227618155243439e-10 1.101521834303332092e-09 3.704928487401680050e-10 1.826791779509479182e-10 -3.878245255395363671e-10 1.471539414134621683e-10 -4.342376530263849938e-10 -1.375857057689495359e-11 7.242283459482471392e-11 -2.453684725063249351e-11 -8.145455429459758907e-11 -5.582696338123686930e-11 5.418681168487914364e-12 -9.638548199448880145e-12 -4.507202882918246739e-11
1.720050131776046763e-09 -2.150748718308249516e-10 6.842668847736620383e-09 5.763945051225708176e-10 5.653697226975600303e-10 -9.314424519082925445e-12 -2.414983383028701165e-10 -3.429545298938837457e-10 -2.707150608835478416e-10 1.456212006867129933e-10 3.855222446395738848e-11 -1.252543642940347574e-10 -4.953388977224146550e-11 -2.152835520304134026e-10 -1.422811557051963909e-10 -1.819230069532846786e-10 -2.325574358774742490e-10 -3.652067745560281941e-11 1.988904087413249912e-11 1.984395403852551775e-11
1.329798516585423994e-09 -3.246178810901806496e-10 5.763945051225708176e-10 4.356268870880295972e-09 -9.824963217822581224e-11 3.350461107562193073e-10 6.249133804632396801e-11 -1.916004502326134803e-10 -4.785658596326674780e-11 -1.401063210975112661e-10 4.420438250361737041e-11 1.835765363614526645e-10 -2.822767512686594856e-11 4.511599834731443563e-11 -7.899757523873722470e-11 -2.989935723857403502e-11 6.824009282667255869e-11 -3.097690162171405404e-11 -3.605081286901415838e-12 1.141872926907682764e-10
1.223099014242930442e-10 5.774403082458483872e-10 5.653697226975600303e-10 -9.824963217822581224e-11 3.271376659723825010e-09 -5.878439552201917031e-11 9.621061391594756921e-11 -4.633883255031556115e-11 -5.496291214576347750e-11 -2.116788994559427845e-10 3.192640626058053641e-11 -8.479210156287098712e-11 -7.674691040298961815e-11 -8.082648469829279961e-11 -1.600876130765379283e-11 -1.550095080288318100e-10 -1.408797031890869470e-10 -6.197608856073613983e-11 -3.099785967247369021e-12 3.628532489158841724e-11
9.593987385403792051e-10 2.298227618155243439e-10 -9.314424519082925445e-12 3.350461107562193073e-10 -5.878439552201917031e-11 1.790404805600768191e-09 -8.755085435123850382e-11 2.346325986899577682e-10 -7.620113697400731909e-11 2.459248385353480129e-10 1.564480263698288567e-10 6.822079713562727262e-11 7.840108255470571585e-11 9.407913355248205766e-11 -1.230029597451886840e-10 1.966918506402577917e-11 -2.688874539786405474e-11 -1.842299437520782281e-11 1.510583146511956842e-11 1.082869502689713394e-11
-7.483749689461930794e-10 1.101521834303332092e-09 -2.414983383028701165e-10 6.249133804632396801e-11 9.621061391594756921e-11 -8.755085435123850382e-11 1.807834417610993197e-09 3.666238022233652163e-10 1.631004084745072864e-10 1.783811745541124738e-10 9.349840963621018009e-11 -1.029092206769561464e-10 -5.294890796976935172e-11 1.003917665451133777e-11 1.642219318724453826e-11 3.523112835647823723e-11 1.432299772813557779e-10 5.521660539997059258e-11 -7.490790798874172340e-12 -7.574294123289015504e-11
-1.198197059439816013e-10 3.704928487401680050e-10 -3.429545298938837457e-10 -1.916004502326134803e-10 -4.633883255031556115e-11 2.346325986899577682e-10 3.666238022233652163e-10 8.681360335875101913e-10 1.409525605287914591e-10 1.417053028295224739e-10 4.604434542513417812e-11 2.996509102026620377e-12 2.197008680112971658e-11 -1.887767466720115352e-11 -1.014432983295031494e-11 3.478932872296295427e-11 4.715376160908811073e-11 -3.394139936359138160e-11 -1.647723036826913025e-11 -4.371168006022552497e-11
8.239905731992481937e-11 1.826791779509479182e-10 -2.707150608835478416e-10 -4.785658596326674780e-11 -5.496291214576347750e-11 -7.620113697400731909e-11 1.631004084745072864e-10 1.409525605287914591e-10 5.431066000320790474e-10 1.250234428594534339e-10 1.175111016880455140e-11 6.994837872983138923e-11 3.545079229438461934e-11 -1.596464907633163972e-11 5.151756269596920582e-11 5.994056663949205751e-11 3.863070011934204204e-11 1.818902482554556352e-11 1.292662573601231747e-11 -5.576513171616714417e-12
2.724895501841964942e-10 -3.878245255395363671e-10 1.456212006867129933e-10 -1.401063210975112661e-10 -2.116788994559427845e-10 2.459248385353480129e-10 1.783811745541124738e-10 1.417053028295224739e-10 1.250234428594534339e-10 4.778524915346288857e-10 1.064220911785294137e-10 5.059605369931816244e-11 2.109735788638501110e-11 3.159615938942698286e-11 -1.357028855051701201e-11 -1.209154032841952606e-11 2.665117871580871801e-12 -2.039760372593875384e-11 -1.965063766704835986e-11 -2.618942595556821183e-12
5.255500151215361734e-10 1.471539414134621683e-10 3.855222446395738848e-11 4.420438250361737041e-11 3.192640626058053641e-11 1.564480263698288567e-10 9.349840963621018009e-11 4.604434542513417812e-11 1.175111016880455140e-11 1.064220911785294137e-10 3.060032782206977541e-10 7.581230131043165380e-11 9.951057895073549328e-11 5.571306581640715957e-11 1.784930312592317160e-11 3.487538739306882727e-11 4.178386650203334985e-13 1.266409211581367546e-11 1.829105356182799586e-11 2.022027849826943627e-11
5.696866558656825749e-10 -4.342376530263849938e-10 -1.252543642940347574e-10 1.835765363614526645e-10 -8.479210156287098712e-11 6.822079713562727262e-11 -1.029092206769561464e-10 2.996509102026620377e-12 6.994837872983138923e-11 5.059605369931816244e-11 7.581230131043165380e-11 2.957903435792961071e-10 1.334849297811865103e-10 9.354016971484162219e-11 8.035456134962605987e-11 4.857807051256634319e-11 -3.973473506395736699e-12 -4.416039934647015411e-11 -2.370953145973681799e-11 5.930349374074039676e-12
3.503631540276484254e-10 -1.375857057689495359e-11 -4.953388977224146550e-11 -2.822767512686594856e-11 -7.674691040298961815e-11 7.840108255470571585e-11 -5.294890796976935172e-11 2.197008680112971658e-11 3.545079229438461934e-11 2.109735788638501110e-11 9.951057895073549328e-11 1.334849297811865103e-10 2.414106344915755381e-10 1.200017407933603723e-10 7.145700311305845146e-11 6.504881015514038211e-11 1.611732326271077969e-11 3.048692171954096470e-12 3.262372990253293762e-12 4.999324183234873535e-12
1.158509996837492077e-10 7.242283459482471392e-11 -2.152835520304134026e-10 4.511599834731443563e-11 -8.082648469829279961e-11 9.407913355248205766e-11 1.003917665451133777e-11 -1.887767466720115352e-11 -1.596464907633163972e-11 3.159615938942698286e-11 5.571306581640715957e-11 9.354016971484162219e-11 1.200017407933603723e-10 2.272154051847632187e-10 1.021469114962998869e-10 8.983526483732235389e-11 4.141983494517367987e-11 6.984698814119941178e-12 8.430857907989901805e-12 1.055274546850612415e-11
1.171581563209176766e-10 -2.453684725063249351e-11 -1.422811557051963909e-10 -7.899757523873722470e-11 -1.600876130765379283e-11 -1.230029597451886840e-10 1.642219318724453826e-11 -1.014432983295031494e-11 5.151756269596920582e-11 -1.357028855051701201e-11 1.784930312592317160e-11 8.035456134962605987e-11 7.145700311305845146e-11 1.021469114962998869e-10 1.773816680072087941e-10 8.674629576218344633e-11 3.148458204486643745e-11 1.998371949251809492e-12 -1.595121979127231421e-11 -8.885312521677949436e-12
6.996210771145132860e-11 -8.145455429459758907e-11 -1.819230069532846786e-10 -2.989935723857403502e-11 -1.550095080288318100e-10 1.966918506402577917e-11 3.523112835647823723e-11 3.478932872296295427e-11 5.994056663949205751e-11 -1.209154032841952606e-11 3.487538739306882727e-11 4.857807051256634319e-11 6.504881015514038211e-11 8.983526483732235389e-11 8.674629576218344633e-11 1.598719295822433164e-10 8.745396457947423700e-11 5.276920943476858374e-11 3.259467139458579521e-11 6.267641865675081894e-12
-2.126318681188856668e-10 -5.582696338123686930e-11 -2.325574358774742490e-10 6.824009282667255869e-11 -1.408797031890869470e-10 -2.688874539786405474e-11 1.432299772813557779e-10 4.715376160908811073e-11 3.863070011934204204e-11 2.665117871580871801e-12 4.178386650203334985e-13 -3.973473506395736699e-12 1.611732326271077969e-11 4.141983494517367987e-11 3.148458204486643745e-11 8.745396457947423700e-11 1.455975151912229225e-10 8.645192201864211190e-11 3.099481318838389691e-11 -1.873438214597574453e-11
-8.274164483385811762e-12 5.418681168487914364e-12 -3.652067745560281941e-11 -3.097690162171405404e-11 -6.197608856073613983e-11 -1.842299437520782281e-11 5.521660539997059258e-11 -3.394139936359138160e-11 1.818902482554556352e-11 -2.039760372593875384e-11 1.266409211581367546e-11 -4.416039934647015411e-11 3.048692171954096470e-12 6.984698814119941178e-12 1.998371949251809492e-12 5.276920943476858374e-11 8.645192201864211190e-11 1.192108122162140243e-10 5.459136242148064005e-11 -1.279473275337863731e-11
4.456645026384718313e-11 -9.638548199448880145e-12 1.988904087413249912e-11 -3.605081286901415838e-12 -3.099785967247369021e-12 1.510583146511956842e-11 -7.490790798874172340e-12 -1.647723036826913025e-11 1.292662573601231747e-11 -1.965063766704835986e-11 1.829105356182799586e-11 -2.370953145973681799e-11 3.262372990253293762e-12 8.430857907989901805e-12 -1.595121979127231421e-11 3.259467139458579521e-11 3.099481318838389691e-11 5.459136242148064005e-11 7.098412273520062109e-11 2.171832214009770731e-11
-6.968734142603561702e-11 -4.507202882918246739e-11 1.984395403852551775e-11 1.141872926907682764e-10 3.628532489158841724e-11 1.082869502689713394e-11 -7.574294123289015504e-11 -4.371168006022552497e-11 -5.576513171616714417e-12 -2.618942595556821183e-12 2.022027849826943627e-11 5.930349374074039676e-12 4.999324183234873535e-12 1.055274546850612415e-11 -8.885312521677949436e-12 6.267641865675081894e-12 -1.873438214597574453e-11 -1.279473275337863731e-11 2.171832214009770731e-11 7.485454850940221699e-11
