1.571870419152480175e-08 -1.218454739135710294e-09 3.432266180411281563e-10 -4.390092785726386053e-10 1.303285094258585445e-11 1.592338595068256980e-10 -2.458142977665719463e-10 3.275931310637966870e-11 -4.957230379748644927e-10 2.948082085137183356e-10 1.265934025917434374e-10 9.442359782812057159e-11 -9.705592713539366573e-11 -1.748611885648195938e-10 3.833480824036724277e-11 -3.663350535774709858e-11 -3.962506993537769776e-11 -5.091926876350236304e-11 -5.015088027620553276e-11 3.353945328821452361e-11
-1.218454739135710294e-09 1.163861621707520577e-08 -6.064077581108530987e-10 4.179917803775137439e-10 -5.354403353273568381e-10 -3.984746070834080835e-10 9.497408157016377632e-11 -4.487627431005595684e-10 -4.211894277959772212e-11 4.813382578042675908e-10 1.658356415927231472e-10 -6.648282197455326186e-11 6.861351080563716497e-11 6.354946150008125006e-11 4.938772792321178056e-11 -5.230443884475620298e-11 4.860660425078367945e-11 1.679715066501581901e-10 -2.623038452319244975e-11 5.275572339397583792e-11
3.432266180411281563e-10 -6.064077581108530987e-10 5.162939218378435451e-09 2.185286178076811384e-10 4.528730510318142381e-10 -1.165886819451186698e-10 8.705590936480195763e-11 6.916733390144803874e-11 6.036216312741690011e-12 8.666106445841762260e-11 -1.491650561413407158e-10 -4.452969787423469270e-12 9.359665676979493218e-11 3.421618896360577492e-11 1.251686396676973102e-10 7.446414517826755725e-12 5.006931906326784214e-11 3.090178173229676517e-11 -4.092077951777226643e-11 2.229307738845587775e-11
-4.390092785726386053e-10 4.179917803775137439e-10 2.185286178076811384e-10 3.750568609370675630e-09 2.018080892046727895e-10 4.192936646904295651e-10 8.993271381801352126e-12 2.037488653719942415e-10 1.975951706672144659e-10 1.489554557348177112e-11 1.759852360160443255e-10 1.438931739688621465e-10 -7.649674683181718251e-11 1.227824602144002386e-10 1.575034731719635740e-12 7.497862280048100780e-11 8.814572594462098378e-11 8.099546646926235134e-11 8.105651287939383474e-11 1.121629545826514019e-11
1.303285094258585445e-11 -5.354403353273568381e-10 4.528730510318142381e-10 2.018080892046727895e-10 2.204827607327629279e-09 1.667515486543315893e-10 -1.170506935633338610e-10 4.659525563084989542e-10 -6.635096662863248654e-11 3.819082749289681158e-12 -1.446337396754928674e-10 5.896649484527009267e-11 -5.460250038307744195e-11 -5.523841455916112757e-11 -8.799427467634172684e-12 -9.480538073148856153e-11 -4.016422477170323311e-11 1.195503144901255257e-11 7.114592922087921510e-12 -6.379784557549814680e-11
1.592338595068256980e-10 -3.984746070834080835e-10 -1.165886819451186698e-10 4.192936646904295651e-10 1.667515486543315893e-10 2.660726891205198610e-09 1.130064020840810060e-10 1.769215733787376892e-10 -1.675103979171297202e-10 1.589860074139749910e-11 3.034826923621580236e-11 3.002110077996977203e-12 7.840704924990740584e-11 3.979732987856092686e-11 -6.588329992111081703e-11 -1.238568904802755205e-11 -3.725097774943323707e-11 -2.636815131313642706e-11 2.256246006919810673e-11 -9.955820718462629147e-12
-2.458142977665719463e-10 9.497408157016377632e-11 8.705590936480195763e-11 8.993271381801352126e-12 -1.170506935633338610e-10 1.130064020840810060e-10 1.472989726940339083e-09 1.804832362335275501e-10 9.940670106039856776e-11 -7.659202460795376775e-12 -4.183980454880256529e-11 8.687381034494822420e-12 -8.138804684418125426e-11 4.149590734874403441e-12 -1.767527588958572242e-11 -2.387315513189218967e-12 -7.136702283082952082e-11 -6.051219503658638280e-12 3.052252743455041018e-11 3.243401153197691902e-11
3.275931310637966870e-11 -4.487627431005595684e-10 6.916733390144803874e-11 2.037488653719942415e-10 4.659525563084989542e-10 1.769215733787376892e-10 1.804832362335275501e-10 1.026573589398271981e-09 1.377779260265016451e-10 -6.719980872782812069e-11 1.214668880233768625e-11 4.297510211599443836e-11 -5.275786549500057154e-11 -4.660167639259177462e-11 1.420552874087763495e-11 -3.042497033505522282e-11 4.476199657707839686e-11 6.460241400987685909e-11 4.954712847117148851e-11 -2.516871552561949008e-11
-4.957230379748644927e-10 -4.211894277959772212e-11 6.036216312741690011e-12 1.975951706672144659e-10 -6.635096662863248654e-11 -1.675103979171297202e-10 9.940670106039856776e-11 1.377779260265016451e-10 6.415465342200567710e-10 4.695713393052905385e-11 4.209543701963669067e-11 1.333139586880511794e-11 -2.136791596461508930e-11 -9.282092011140203561e-12 1.037186527605010620e-11 -3.741853053302741545e-12 2.059002635707407200e-11 1.357952857873188348e-11 -1.190759633805264367e-11 -2.960370743176515824e-11
2.948082085137183356e-10 4.813382578042675908e-10 8.666106445841762260e-11 1.489554557348177112e-11 3.819082749289681158e-12 1.589860074139749910e-11 -7.659202460795376775e-12 -6.719980872782812069e-11 4.695713393052905385e-11 4.283540606291650160e-10 7.838707608595344146e-11 -1.446509315695286897e-12 4.891082911608757178e-12 -1.111244122504821130e-11 1.535244567471301801e-11 -5.419273998388505226e-12 3.371212000061981187e-11 1.642321994246921113e-11 -2.372010480386017951e-11 1.394571337413210082e-11
1.265934025917434374e-10 1.658356415927231472e-10 -1.491650561413407158e-10 1.759852360160443255e-10 -1.446337396754928674e-10 3.034826923621580236e-11 -4.183980454880256529e-11 1.214668880233768625e-11 4.209543701963669067e-11 7.838707608595344146e-11 2.739245430343383494e-10 6.255956632884389142e-11 -6.803733051699055508e-12 3.680164210744509675e-11 -3.769321686012486216e-12 -4.292066617956809497e-12 1.867689850071244975e-12 -1.250825974079222055e-11 -2.908797944726385930e-11 1.875450286666038985e-11
9.442359782812057159e-11 -6.648282197455326186e-11 -4.452969787423469270e-12 1.438931739688621465e-10 5.896649484527009267e-11 3.002110077996977203e-12 8.687381034494822420e-12 4.297510211599443836e-11 1.333139586880511794e-11 -1.446509315695286897e-12 6.255956632884389142e-11 1.973252264136079378e-10 1.750228409834684518e-11 -1.773846445131927722e-12 1.194183624878024281e-11 -1.418533502327860945e-12 -4.559542482148708103e-12 -1.140436055666010529e-11 -3.787374163808431533e-12 -6.559006258827800133e-12
-9.705592713539366573e-11 6.861351080563716497e-11 9.359665676979493218e-11 -7.649674683181718251e-11 -5.460250038307744195e-11 7.840704924990740584e-11 -8.138804684418125426e-11 -5.275786549500057154e-11 -2.136791596461508930e-11 4.891082911608757178e-12 -6.803733051699055508e-12 1.750228409834684518e-11 1.508294069424632144e-10 5.036798850472671205e-11 2.544308611951743899e-11 2.163414807545756170e-11 1.380777826419875611e-11 6.025289411810520050e-12 -4.866295757631785572e-12 1.664481456216712144e-11
-1.748611885648195938e-10 6.354946150008125006e-11 3.421618896360577492e-11 1.227824602144002386e-10 -5.523841455916112757e-11 3.979732987856092686e-11 4.149590734874403441e-12 -4.660167639259177462e-11 -9.282092011140203561e-12 -1.111244122504821130e-11 3.680164210744509675e-11 -1.773846445131927722e-12 5.036798850472671205e-11 1.276158280703369413e-10 3.219209003499800405e-11 4.535712340059742397e-11 4.856897000209181698e-12 -5.164846695301945582e-12 8.471459245430642891e-12 9.013237982715152868e-12
3.833480824036724277e-11 4.938772792321178056e-11 1.251686396676973102e-10 1.575034731719635740e-12 -8.799427467634172684e-12 -6.588329992111081703e-11 -1.767527588958572242e-11 1.420552874087763495e-11 1.037186527605010620e-11 1.535244567471301801e-11 -3.769321686012486216e-12 1.194183624878024281e-11 2.544308611951743899e-11 3.219209003499800405e-11 7.246706411431348600e-11 4.152297775913769374e-11 3.156038369581321622e-11 1.855137658876321315e-11 1.444440268868732857e-11 9.773965089604201061e-13
-3.663350535774709858e-11 -5.230443884475620298e-11 7.446414517826755725e-12 7.497862280048100780e-11 -9.480538073148856153e-11 -1.238568904802755205e-11 -2.387315513189218967e-12 -3.042497033505522282e-11 -3.741853053302741545e-12 -5.419273998388505226e-12 -4.292066617956809497e-12 -1.418533502327860945e-12 2.163414807545756170e-11 4.535712340059742397e-11 4.152297775913769374e-11 9.346771618090106662e-11 5.010850805278213656e-11 1.970518445597526799e-11 1.489864627876350014e-11 -2.289586447357412914e-13
-3.962506993537769776e-11 4.860660425078367945e-11 5.006931906326784214e-11 8.814572594462098378e-11 -4.016422477170323311e-11 -3.725097774943323707e-11 -7.136702283082952082e-11 4.476199657707839686e-11 2.059002635707407200e-11 3.371212000061981187e-11 1.867689850071244975e-12 -4.559542482148708103e-12 1.380777826419875611e-11 4.856897000209181698e-12 3.156038369581321622e-11 5.010850805278213656e-11 8.535599312086099771e-11 3.966724564335161514e-11 1.015852196594737187e-11 -8.622138272617150409e-12
-5.091926876350236304e-11 1.679715066501581901e-10 3.090178173229676517e-11 8.099546646926235134e-11 1.195503144901255257e-11 -2.636815131313642706e-11 -6.051219503658638280e-12 6.460241400987685909e-11 1.357952857873188348e-11 1.642321994246921113e-11 -1.250825974079222055e-11 -1.140436055666010529e-11 6.025289411810520050e-12 -5.164846695301945582e-12 1.855137658876321315e-11 1.970518445597526799e-11 3.966724564335161514e-11 6.728409522013528024e-11 3.047936267393195051e-11 -1.609516672489905983e-12
-5.015088027620553276e-11 -2.623038452319244975e-11 -4.092077951777226643e-11 8.105651287939383474e-11 7.114592922087921510e-12 2.256246006919810673e-11 3.052252743455041018e-11 4.954712847117148851e-11 -1.190759633805264367e-11 -2.372010480386017951e-11 -2.908797944726385930e-11 -3.787374163808431533e-12 -4.866295757631785572e-12 8.471459245430642891e-12 1.444440268868732857e-11 1.489864627876350014e-11 1.015852196594737187e-11 3.047936267393195051e-11 4.524292165849465556e-11 9.706041295379935011e-12
3.353945328821452361e-11 5.275572339397583792e-11 2.229307738845587775e-11 1.121629545826514019e-11 -6.379784557549814680e-11 -9.955820718462629147e-12 3.243401153197691902e-11 -2.516871552561949008e-11 -2.960370743176515824e-11 1.394571337413210082e-11 1.875450286666038985e-11 -6.559006258827800133e-12 1.664481456216712144e-11 9.013237982715152868e-12 9.773965089604201061e-13 -2.289586447357412914e-13 -8.622138272617150409e-12 -1.609516672489905983e-12 9.706041295379935011e-12 3.978234167035422981e-11
