3.713812177377417489e-06 3.454159937086692278e-06 2.977228184925750487e-06 2.948323788214872886e-06 2.813080435700378170e-06 2.749311746418617368e-06 2.629499261651241441e-06 2.519479621039807432e-06 2.391275826145341175e-06 2.435025835557636722e-06 2.296305351880456838e-06 2.228841703784917826e-06 2.028786431888493060e-06 1.851176251026017983e-06 1.586571181727898764e-06 1.201842789534675333e-06 6.797737813042906662e-07 2.460294412928093080e-07 -1.559630129560916773e-08 -4.483441204054948613e-07
3.454159937086692278e-06 3.943196494388541622e-06 3.419877756952020836e-06 3.289624625572718032e-06 3.149583830285050608e-06 3.044547844603965987e-06 2.881135853422867403e-06 2.863499434589687023e-06 2.679265705332297292e-06 2.610150534418105986e-06 2.432554853936795817e-06 2.294486844229828772e-06 2.091706095570462294e-06 1.915873315632891607e-06 1.669229921707140854e-06 1.204661873387054412e-06 5.224314439474819429e-07 2.402916264874982837e-07 1.384962655040570050e-07 -3.601690171931804314e-07
2.977228184925750487e-06 3.419877756952020836e-06 3.443638292866886065e-06 3.269969148161552401e-06 3.048173491652955645e-06 3.044762357220850906e-06 2.930488964565260164e-06 2.959748736609349981e-06 2.807062543940220075e-06 2.757101014471747282e-06 2.587168580333930811e-06 2.431562442443287137e-06 2.217489019156145046e-06 2.085983086372635912e-06 1.828776133459460631e-06 1.191377315305772243e-06 2.763698266711221870e-07 -1.793298499962287614e-07 -2.857820835446445617e-07 -3.857872585832675972e-07
2.948323788214872886e-06 3.289624625572718032e-06 3.269969148161552401e-06 3.514069526922531265e-06 3.249339211780874170e-06 3.257988572154987998e-06 3.142113957437768303e-06 3.188458597973023272e-06 3.058541197540373845e-06 3.033087421217249365e-06 2.867062815034328915e-06 2.707521934465172351e-06 2.499098387517987014e-06 2.341215687418516830e-06 2.080234725357689812e-06 1.450076104775300295e-06 4.785362371827985018e-07 -6.267560647789036237e-08 -2.454179542563700059e-07 -4.279836727237589790e-07
2.813080435700378170e-06 3.149583830285050608e-06 3.048173491652955645e-06 3.249339211780874170e-06 3.300985695212340275e-06 3.239956732934116047e-06 3.159465288482298298e-06 3.162527536302700927e-06 3.029957960098743468e-06 3.038550061779923815e-06 2.844542387636697470e-06 2.696324009621867533e-06 2.527811861693889711e-06 2.360845715939638042e-06 2.082055965774252672e-06 1.489303953857443533e-06 5.873104976257776041e-07 7.910823742133702690e-08 -1.335669771745707013e-07 -3.814768509040921641e-07
2.749311746418617368e-06 3.044547844603965987e-06 3.044762357220850906e-06 3.257988572154987998e-06 3.239956732934116047e-06 3.533857342693466940e-06 3.439352202023232940e-06 3.428000860210322715e-06 3.309448205102118588e-06 3.351617902349793853e-06 3.103983112748903325e-06 2.945535046277592046e-06 2.791242333631722457e-06 2.646127094368063118e-06 2.335274925606850294e-06 1.692414262424920167e-06 7.287208545104789681e-07 1.234618772492315579e-07 -3.054194781459303337e-07 -6.285836461220946894e-07
2.629499261651241441e-06 2.881135853422867403e-06 2.930488964565260164e-06 3.142113957437768303e-06 3.159465288482298298e-06 3.439352202023232940e-06 3.591695392441455858e-06 3.550274259064224186e-06 3.508223179313334052e-06 3.587840668148496641e-06 3.359752941863074348e-06 3.202451457708462835e-06 3.030109735760008634e-06 2.884216301136181726e-06 2.541387148019967001e-06 1.793574486160730702e-06 7.618591592140888884e-07 1.650518982390699028e-07 -3.039540362863609231e-07 -6.483839164180971608e-07
2.519479621039807432e-06 2.863499434589687023e-06 2.959748736609349981e-06 3.188458597973023272e-06 3.162527536302700927e-06 3.428000860210322715e-06 3.550274259064224186e-06 3.753538598824373310e-06 3.698933230210327505e-06 3.777081255799491625e-06 3.591310109718313546e-06 3.447258179186474758e-06 3.277873368284190510e-06 3.142416139635760028e-06 2.792644853052524222e-06 1.987565368785513350e-06 8.430579943667553226e-07 1.186548531473431899e-07 -3.476138854079550869e-07 -5.151838092069366983e-07
2.391275826145341175e-06 2.679265705332297292e-06 2.807062543940220075e-06 3.058541197540373845e-06 3.029957960098743468e-06 3.309448205102118588e-06 3.508223179313334052e-06 3.698933230210327505e-06 3.875445606661772270e-06 3.968793272936008850e-06 3.757676234680299607e-06 3.635969867867738311e-06 3.478147118704801108e-06 3.300366985722874620e-06 2.895420707598735078e-06 1.985086822284811132e-06 7.924988392899126497e-07 8.694539553249996003e-08 -3.775087559481848612e-07 -6.012684388717315100e-07
2.435025835557636722e-06 2.610150534418105986e-06 2.757101014471747282e-06 3.033087421217249365e-06 3.038550061779923815e-06 3.351617902349793853e-06 3.587840668148496641e-06 3.777081255799491625e-06 3.968793272936008850e-06 4.297190304054917909e-06 4.117761534023523164e-06 4.050349055487414695e-06 3.908815714734888956e-06 3.750819870490517651e-06 3.313561559045477117e-06 2.332509379798518649e-06 1.013168305424272667e-06 1.506151310717742908e-07 -4.331770353770610670e-07 -7.408435804726932725e-07
2.296305351880456838e-06 2.432554853936795817e-06 2.587168580333930811e-06 2.867062815034328915e-06 2.844542387636697470e-06 3.103983112748903325e-06 3.359752941863074348e-06 3.591310109718313546e-06 3.757676234680299607e-06 4.117761534023523164e-06 4.184139636945381612e-06 4.192406544920113999e-06 4.070891632801119093e-06 3.918294420170120548e-06 3.475605767311367276e-06 2.516039808453690025e-06 1.161488210298394909e-06 2.075739797457737116e-07 -4.556123430364304806e-07 -7.837272582866951327e-07
2.228841703784917826e-06 2.294486844229828772e-06 2.431562442443287137e-06 2.707521934465172351e-06 2.696324009621867533e-06 2.945535046277592046e-06 3.202451457708462835e-06 3.447258179186474758e-06 3.635969867867738311e-06 4.050349055487414695e-06 4.192406544920113999e-06 4.476678501895160192e-06 4.458691441137879974e-06 4.354562534021114445e-06 3.914450322718806942e-06 2.964909480269072573e-06 1.557479289774694702e-06 4.303123812372056488e-07 -3.902232507364005379e-07 -7.236359828849033896e-07
2.028786431888493060e-06 2.091706095570462294e-06 2.217489019156145046e-06 2.499098387517987014e-06 2.527811861693889711e-06 2.791242333631722457e-06 3.030109735760008634e-06 3.277873368284190510e-06 3.478147118704801108e-06 3.908815714734888956e-06 4.070891632801119093e-06 4.458691441137879974e-06 4.633256837151743609e-06 4.564900469285845688e-06 4.151996480493653507e-06 3.250085274016298784e-06 1.837420205951786889e-06 5.972835639356886761e-07 -3.891209256908348837e-07 -7.849888083007958593e-07
1.851176251026017983e-06 1.915873315632891607e-06 2.085983086372635912e-06 2.341215687418516830e-06 2.360845715939638042e-06 2.646127094368063118e-06 2.884216301136181726e-06 3.142416139635760028e-06 3.300366985722874620e-06 3.750819870490517651e-06 3.918294420170120548e-06 4.354562534021114445e-06 4.564900469285845688e-06 4.726418690588084817e-06 4.421111608081894194e-06 3.496465345527421446e-06 2.027226355678784081e-06 6.327918516386188841e-07 -4.157213443911842445e-07 -7.316810700657336360e-07
1.586571181727898764e-06 1.669229921707140854e-06 1.828776133459460631e-06 2.080234725357689812e-06 2.082055965774252672e-06 2.335274925606850294e-06 2.541387148019967001e-06 2.792644853052524222e-06 2.895420707598735078e-06 3.313561559045477117e-06 3.475605767311367276e-06 3.914450322718806942e-06 4.151996480493653507e-06 4.421111608081894194e-06 4.389616252192637690e-06 3.626162411993668562e-06 2.249305207756235403e-06 8.127423560511160896e-07 -3.128323788425072235e-07 -6.908522244082395361e-07
1.201842789534675333e-06 1.204661873387054412e-06 1.191377315305772243e-06 1.450076104775300295e-06 1.489303953857443533e-06 1.692414262424920167e-06 1.793574486160730702e-06 1.987565368785513350e-06 1.985086822284811132e-06 2.332509379798518649e-06 2.516039808453690025e-06 2.964909480269072573e-06 3.250085274016298784e-06 3.496465345527421446e-06 3.626162411993668562e-06 3.401459194479370204e-06 2.523684629920314969e-06 1.277840452517560912e-06 4.898964414503675965e-08 -5.784774911693771882e-07
6.797737813042906662e-07 5.224314439474819429e-07 2.763698266711221870e-07 4.785362371827985018e-07 5.873104976257776041e-07 7.287208545104789681e-07 7.618591592140888884e-07 8.430579943667553226e-07 7.924988392899126497e-07 1.013168305424272667e-06 1.161488210298394909e-06 1.557479289774694702e-06 1.837420205951786889e-06 2.027226355678784081e-06 2.249305207756235403e-06 2.523684629920314969e-06 2.583975730255529938e-06 1.889319385298598145e-06 7.449493641548830244e-07 -1.723318248613097482e-07
2.460294412928093080e-07 2.402916264874982837e-07 -1.793298499962287614e-07 -6.267560647789036237e-08 7.910823742133702690e-08 1.234618772492315579e-07 1.650518982390699028e-07 1.186548531473431899e-07 8.694539553249996003e-08 1.506151310717742908e-07 2.075739797457737116e-07 4.303123812372056488e-07 5.972835639356886761e-07 6.327918516386188841e-07 8.127423560511160896e-07 1.277840452517560912e-06 1.889319385298598145e-06 2.161193714391026425e-06 1.537458072259313471e-06 3.252014074728050517e-07
-1.559630129560916773e-08 1.384962655040570050e-07 -2.857820835446445617e-07 -2.454179542563700059e-07 -1.335669771745707013e-07 -3.054194781459303337e-07 -3.039540362863609231e-07 -3.476138854079550869e-07 -3.775087559481848612e-07 -4.331770353770610670e-07 -4.556123430364304806e-07 -3.902232507364005379e-07 -3.891209256908348837e-07 -4.157213443911842445e-07 -3.128323788425072235e-07 4.898964414503675965e-08 7.449493641548830244e-07 1.537458072259313471e-06 2.099918178008321339e-06 1.519208574374212352e-06
-4.483441204054948613e-07 -3.601690171931804314e-07 -3.857872585832675972e-07 -4.279836727237589790e-07 -3.814768509040921641e-07 -6.285836461220946894e-07 -6.483839164180971608e-07 -5.151838092069366983e-07 -6.012684388717315100e-07 -7.408435804726932725e-07 -7.837272582866951327e-07 -7.236359828849033896e-07 -7.849888083007958593e-07 -7.316810700657336360e-07 -6.908522244082395361e-07 -5.784774911693771882e-07 -1.723318248613097482e-07 3.252014074728050517e-07 1.519208574374212352e-06 2.857193033907895197e-06
