8.283311483249286415e-05 5.519228361613933857e-05 4.485187643428438097e-05 4.646900041544896434e-05 4.249660210192534595e-05 3.955264553936389707e-05 4.167859033970104258e-05 4.136350357013015812e-05 3.911807609579803221e-05 4.027435655088344382e-05 4.067058941996586714e-05 4.002238836401689366e-05 3.665017047213168041e-05 3.326599015352564559e-05 3.031887864854419494e-05 2.688457379612250244e-05 2.045653141805706967e-05 1.439544780172495467e-05 6.213381256022040081e-06 4.783023979507432920e-07
5.519228361613933857e-05 7.054370934842597776e-05 4.760807170524861359e-05 5.049017764357693124e-05 4.565844156014782989e-05 4.197548787366136186e-05 4.397134333249258644e-05 4.448758127729627145e-05 4.193446283382786535e-05 4.151768342794915706e-05 4.236152813781791953e-05 4.086059995005029744e-05 3.821615144012602511e-05 3.529618220006889759e-05 3.155698841004020324e-05 2.628473329418289724e-05 1.963194962195706372e-05 1.209972738677688632e-05 2.596318495336637460e-06 -4.026217783946152228e-06
4.485187643428438097e-05 4.760807170524861359e-05 5.706766746785278579e-05 4.411841512242766411e-05 4.244464284481006011e-05 3.825296415170570424e-05 4.151053026679646970e-05 4.068938257478720797e-05 3.935893663354779866e-05 3.828220738217960221e-05 3.862386379918496417e-05 3.742082956496095905e-05 3.517278559636753481e-05 3.209002734783044085e-05 2.810593566075238452e-05 2.347094352211377870e-05 1.765116119070783295e-05 1.160243185671782952e-05 4.302597632735365193e-06 2.010449216039139005e-08
4.646900041544896434e-05 5.049017764357693124e-05 4.411841512242766411e-05 5.046004897503266921e-05 4.245550231277314907e-05 3.892414977326536587e-05 4.091016644744634742e-05 4.086920242122859403e-05 3.912572129317007797e-05 3.877579623836948926e-05 3.877866025314676620e-05 3.744684529875095836e-05 3.531815021632815572e-05 3.287448510483238632e-05 2.887422374086885142e-05 2.407880021787266333e-05 1.807523641232608536e-05 1.209187999499409001e-05 4.451115616543795511e-06 1.142592870160294829e-08
4.249660210192534595e-05 4.565844156014782989e-05 4.244464284481006011e-05 4.245550231277314907e-05 4.748717974517017195e-05 3.876645198544866950e-05 4.093584176767092790e-05 4.124139591324249142e-05 4.080989743119256622e-05 3.934848211551784702e-05 3.950158528248300137e-05 3.834289946082702037e-05 3.599703393393486646e-05 3.295068185095830545e-05 2.891676293316870351e-05 2.345454065351773666e-05 1.709658795319506889e-05 1.058778907035407929e-05 2.526342641471845474e-06 -1.765741348417788361e-06
3.955264553936389707e-05 4.197548787366136186e-05 3.825296415170570424e-05 3.892414977326536587e-05 3.876645198544866950e-05 3.906472146979462318e-05 3.743698780693624929e-05 3.819194383945984962e-05 3.710775381092096010e-05 3.617836486806274985e-05 3.635286706553908476e-05 3.558049746019761596e-05 3.361664048043950213e-05 3.056084180782041011e-05 2.726313061403416867e-05 2.265487565044166257e-05 1.721291176335960316e-05 1.156030288168476415e-05 4.471759749005523188e-06 -1.152790220319418208e-07
4.167859033970104258e-05 4.397134333249258644e-05 4.151053026679646970e-05 4.091016644744634742e-05 4.093584176767092790e-05 3.743698780693624929e-05 4.237546926635835630e-05 4.041655118721256495e-05 3.936483677947195080e-05 3.835559152150129703e-05 3.866297701530023673e-05 3.738517819643942465e-05 3.549221065446353659e-05 3.260945503983207365e-05 2.879295528876256162e-05 2.378465287812040643e-05 1.764077667391760024e-05 1.155939561755495175e-05 4.003263141928736349e-06 -7.728755127319824158e-07
4.136350357013015812e-05 4.448758127729627145e-05 4.068938257478720797e-05 4.086920242122859403e-05 4.124139591324249142e-05 3.819194383945984962e-05 4.041655118721256495e-05 4.297252266244465000e-05 4.004557735267220189e-05 3.915614518819682867e-05 3.972132339184939294e-05 3.858825548070800413e-05 3.647082298710545425e-05 3.361375693441754806e-05 3.023318513448645624e-05 2.493858065325216551e-05 1.832350088991234526e-05 1.147104585091414425e-05 2.867448390201619094e-06 -1.985945372936000377e-06
3.911807609579803221e-05 4.193446283382786535e-05 3.935893663354779866e-05 3.912572129317007797e-05 4.080989743119256622e-05 3.710775381092096010e-05 3.936483677947195080e-05 4.004557735267220189e-05 3.991788809447701134e-05 3.851633102764198577e-05 3.869509049437633709e-05 3.792633757879208453e-05 3.574944159552303320e-05 3.278766359576461124e-05 2.924190780556124971e-05 2.391262313670429904e-05 1.756611944593431838e-05 1.101494614760555824e-05 3.013039584455700138e-06 -1.570755186973578318e-06
4.027435655088344382e-05 4.151768342794915706e-05 3.828220738217960221e-05 3.877579623836948926e-05 3.934848211551784702e-05 3.617836486806274985e-05 3.835559152150129703e-05 3.915614518819682867e-05 3.851633102764198577e-05 3.873434555046581702e-05 3.840951759866117457e-05 3.757449949463875522e-05 3.556838859454924132e-05 3.284326346465516632e-05 2.935543161855355668e-05 2.434957507785414198e-05 1.791203769926582885e-05 1.148980836110896976e-05 3.556953826915786611e-06 -1.230514140116541101e-06
4.067058941996586714e-05 4.236152813781791953e-05 3.862386379918496417e-05 3.877866025314676620e-05 3.950158528248300137e-05 3.635286706553908476e-05 3.866297701530023673e-05 3.972132339184939294e-05 3.869509049437633709e-05 3.840951759866117457e-05 3.951400020713755160e-05 3.850102211127655094e-05 3.652305310445840778e-05 3.369209089054753172e-05 3.016962716813394665e-05 2.489415722601265137e-05 1.812298071239376812e-05 1.145849509207605768e-05 3.441755922262937033e-06 -1.316719746042313616e-06
4.002238836401689366e-05 4.086059995005029744e-05 3.742082956496095905e-05 3.744684529875095836e-05 3.834289946082702037e-05 3.558049746019761596e-05 3.738517819643942465e-05 3.858825548070800413e-05 3.792633757879208453e-05 3.757449949463875522e-05 3.850102211127655094e-05 3.878390528359103545e-05 3.667831286252854460e-05 3.387809293007183059e-05 3.048579547059370939e-05 2.523638402689749470e-05 1.853250026308505462e-05 1.182435723587534906e-05 3.793601811787111177e-06 -1.042592619665873979e-06
3.665017047213168041e-05 3.821615144012602511e-05 3.517278559636753481e-05 3.531815021632815572e-05 3.599703393393486646e-05 3.361664048043950213e-05 3.549221065446353659e-05 3.647082298710545425e-05 3.574944159552303320e-05 3.556838859454924132e-05 3.652305310445840778e-05 3.667831286252854460e-05 3.564058900796745159e-05 3.305875009690762247e-05 2.985042448808953604e-05 2.482148538769193518e-05 1.826235552612278556e-05 1.157321449757992616e-05 3.799844728986239069e-06 -9.019965362343888772e-07
3.326599015352564559e-05 3.529618220006889759e-05 3.209002734783044085e-05 3.287448510483238632e-05 3.295068185095830545e-05 3.056084180782041011e-05 3.260945503983207365e-05 3.361375693441754806e-05 3.278766359576461124e-05 3.284326346465516632e-05 3.369209089054753172e-05 3.387809293007183059e-05 3.305875009690762247e-05 3.138140302214628523e-05 2.845958391874779935e-05 2.388928567134180779e-05 1.768049780195739745e-05 1.130221692248153500e-05 3.765703689612446265e-06 -8.306199611086476720e-07
3.031887864854419494e-05 3.155698841004020324e-05 2.810593566075238452e-05 2.887422374086885142e-05 2.891676293316870351e-05 2.726313061403416867e-05 2.879295528876256162e-05 3.023318513448645624e-05 2.924190780556124971e-05 2.935543161855355668e-05 3.016962716813394665e-05 3.048579547059370939e-05 2.985042448808953604e-05 2.845958391874779935e-05 2.651144709986737682e-05 2.257886674995520108e-05 1.688012387325119615e-05 1.088193659552236842e-05 3.753165737196194037e-06 -6.886061359020160583e-07
2.688457379612250244e-05 2.628473329418289724e-05 2.347094352211377870e-05 2.407880021787266333e-05 2.345454065351773666e-05 2.265487565044166257e-05 2.378465287812040643e-05 2.493858065325216551e-05 2.391262313670429904e-05 2.434957507785414198e-05 2.489415722601265137e-05 2.523638402689749470e-05 2.482148538769193518e-05 2.388928567134180779e-05 2.257886674995520108e-05 2.011275644568140267e-05 1.547808472431984827e-05 1.053063679557161530e-05 4.322239293708465993e-06 2.146850769654131114e-07
2.045653141805706967e-05 1.963194962195706372e-05 1.765116119070783295e-05 1.807523641232608536e-05 1.709658795319506889e-05 1.721291176335960316e-05 1.764077667391760024e-05 1.832350088991234526e-05 1.756611944593431838e-05 1.791203769926582885e-05 1.812298071239376812e-05 1.853250026308505462e-05 1.826235552612278556e-05 1.768049780195739745e-05 1.688012387325119615e-05 1.547808472431984827e-05 1.275603278655277080e-05 9.433785193563494774e-06 4.855667045299276795e-06 1.372621376635975028e-06
1.439544780172495467e-05 1.209972738677688632e-05 1.160243185671782952e-05 1.209187999499409001e-05 1.058778907035407929e-05 1.156030288168476415e-05 1.155939561755495175e-05 1.147104585091414425e-05 1.101494614760555824e-05 1.148980836110896976e-05 1.145849509207605768e-05 1.182435723587534906e-05 1.157321449757992616e-05 1.130221692248153500e-05 1.088193659552236842e-05 1.053063679557161530e-05 9.433785193563494774e-06 8.339724878733297382e-06 5.764015315622665744e-06 2.936576858635482326e-06
6.213381256022040081e-06 2.596318495336637460e-06 4.302597632735365193e-06 4.451115616543795511e-06 2.526342641471845474e-06 4.471759749005523188e-06 4.003263141928736349e-06 2.867448390201619094e-06 3.013039584455700138e-06 3.556953826915786611e-06 3.441755922262937033e-06 3.793601811787111177e-06 3.799844728986239069e-06 3.765703689612446265e-06 3.753165737196194037e-06 4.322239293708465993e-06 4.855667045299276795e-06 5.764015315622665744e-06 6.463037108634866580e-06 5.274749022015297236e-06
4.783023979507432920e-07 -4.026217783946152228e-06 2.010449216039139005e-08 1.142592870160294829e-08 -1.765741348417788361e-06 -1.152790220319418208e-07 -7.728755127319824158e-07 -1.985945372936000377e-06 -1.570755186973578318e-06 -1.230514140116541101e-06 -1.316719746042313616e-06 -1.042592619665873979e-06 -9.019965362343888772e-07 -8.306199611086476720e-07 -6.886061359020160583e-07 2.146850769654131114e-07 1.372621376635975028e-06 2.936576858635482326e-06 5.274749022015297236e-06 6.254658611409349334e-06
