1.981093551595811608e-08 -1.578680616241842657e-09 1.603501842121243906e-09 1.241586938233903494e-09 1.170534890452151820e-10 8.981923895974879935e-10 -7.127715197370598171e-10 -1.155539810717119920e-10 8.548704250214345988e-11 2.667751395683582808e-10 5.109025266662978985e-10 5.488520907528933067e-10 3.473235089729069128e-10 1.129328766384412069e-10 1.170672764580155861e-10 6.607947114511205365e-11 -2.092899108111994265e-10 -7.121608622332682604e-12 4.073541556256841282e-11 -7.225036691512048463e-11
-1.578680616241842657e-09 9.659064040113281294e-09 -2.121282807373087679e-10 -3.509027468502174568e-10 5.353651238035636666e-10 1.873746144013957085e-10 1.062622699346516593e-09 3.499143187951183761e-10 1.725753050851928669e-10 -3.835040419791103429e-10 1.422529258213447000e-10 -4.261040265744449257e-10 -1.251919431159716847e-11 6.579144262082684282e-11 -2.263399268369978051e-11 -8.066218677039418948e-11 -5.559013996943363634e-11 5.736580313738321645e-12 -1.162421853582927801e-11 -4.733215777481023522e-11
1.603501842121243906e-09 -2.121282807373087679e-10 6.575458075632885982e-09 5.620645151881601934e-10 5.643195246791683058e-10 -1.486814418167883568e-11 -2.321983481842697194e-10 -3.333119515902545322e-10 -2.602163122738226817e-10 1.426408196188395872e-10 3.798961949981138945e-11 -1.223599972285032897e-10 -4.480870202992553850e-11 -2.100545408385107361e-10 -1.368346826763785646e-10 -1.781463953530038434e-10 -2.284249159084062574e-10 -3.686974309032645367e-11 1.830544697128659760e-11 1.686303569408030613e-11
1.241586938233903494e-09 -3.509027468502174568e-10 5.620645151881601934e-10 4.226828322997482442e-09 -8.699284452526161658e-11 3.125306282730683787e-10 6.333717270032182249e-11 -1.914134804398989476e-10 -4.189271840944095072e-11 -1.379444209692728286e-10 4.197137527384228776e-11 1.805598009376931659e-10 -2.462469746219185424e-11 4.332634974850020050e-11 -7.547130922682070309e-11 -2.908999858642448530e-11 6.701213741148334391e-11 -2.998400725257657150e-11 -4.425796714345736512e-12 1.111010139668122860e-10
1.170534890452151820e-10 5.353651238035636666e-10 5.643195246791683058e-10 -8.699284452526161658e-11 3.190961598962993035e-09 -5.366569689999352599e-11 9.761103803747529256e-11 -4.074667643147998243e-11 -4.746717203893207092e-11 -2.023324322284804901e-10 3.312337691712856990e-11 -8.147874476143010463e-11 -7.264723850101268362e-11 -8.041823489968280606e-11 -1.426037251210081022e-11 -1.523286821049110141e-10 -1.398786808961786942e-10 -6.143293082858457033e-11 -4.155982827736004327e-12 3.435631365873197172e-11
8.981923895974879935e-10 1.873746144013957085e-10 -1.486814418167883568e-11 3.125306282730683787e-10 -5.366569689999352599e-11 1.739330526563871380e-09 -8.606062791377691464e-11 2.272030330354435914e-10 -7.457382253869589723e-11 2.408877024016371453e-10 1.514756649791425908e-10 6.612736131647336067e-11 7.718772620974622300e-11 9.122914048518610909e-11 -1.217847474293526452e-10 1.858116892516260305e-11 -2.735088116967742572e-11 -1.877158548154820589e-11 1.457205878103657802e-11 1.085474576987509786e-11
-7.127715197370598171e-10 1.062622699346516593e-09 -2.321983481842697194e-10 6.333717270032182249e-11 9.761103803747529256e-11 -8.606062791377691464e-11 1.772565980711968510e-09 3.594945764479711080e-10 1.613712079608552093e-10 1.766893862092690762e-10 9.210759302609465868e-11 -1.015160496770518058e-10 -5.167886110646932263e-11 9.005959110627698918e-12 1.614210906767903682e-11 3.428261524698167537e-11 1.411967744617992970e-10 5.492204873735144343e-11 -6.846464400529867753e-12 -7.461191216196928581e-11
-1.155539810717119920e-10 3.499143187951183761e-10 -3.333119515902545322e-10 -1.914134804398989476e-10 -4.074667643147998243e-11 2.272030330354435914e-10 3.594945764479711080e-10 8.535363818822677184e-10 1.390638366492229403e-10 1.402472928063019481e-10 4.491304305019272054e-11 2.867235464269720219e-12 2.206226671495293663e-11 -1.926138545006169602e-11 -9.772683344570732428e-12 3.384805562262456605e-11 4.599834485349144095e-11 -3.396697973375903547e-11 -1.627281290024393514e-11 -4.288399668865103186e-11
8.548704250214345988e-11 1.725753050851928669e-10 -2.602163122738226817e-10 -4.189271840944095072e-11 -4.746717203893207092e-11 -7.457382253869589723e-11 1.613712079608552093e-10 1.390638366492229403e-10 5.375721789222791265e-10 1.247095895177527310e-10 1.207078722179921787e-11 6.979597307095400444e-11 3.585076084156486679e-11 -1.643176342630151801e-11 5.132954034178539213e-11 5.885123023381489944e-11 3.764956561533571709e-11 1.797590160169715963e-11 1.299715957760219033e-11 -5.198785444429315514e-12
2.667751395683582808e-10 -3.835040419791103429e-10 1.426408196188395872e-10 -1.379444209692728286e-10 -2.023324322284804901e-10 2.408877024016371453e-10 1.766893862092690762e-10 1.402472928063019481e-10 1.247095895177527310e-10 4.739196050144525529e-10 1.055429799292137536e-10 5.028191216846276840e-11 2.119093058387546540e-11 3.076144728085819811e-11 -1.373255563365017027e-11 -1.301285773676297022e-11 1.915437540729078404e-12 -2.059406511629156219e-11 -1.966373486924280178e-11 -2.741960377323072102e-12
5.109025266662978985e-10 1.422529258213447000e-10 3.798961949981138945e-11 4.197137527384228776e-11 3.312337691712856990e-11 1.514756649791425908e-10 9.210759302609465868e-11 4.491304305019272054e-11 1.207078722179921787e-11 1.055429799292137536e-10 3.029616293663880557e-10 7.514037313575601674e-11 9.860221850392551345e-11 5.459767178217635581e-11 1.731628931582123631e-11 3.374320131665504999e-11 -5.325793945596915708e-13 1.199999775179949353e-11 1.803875304801686255e-11 2.017677302958523257e-11
5.488520907528933067e-10 -4.261040265744449257e-10 -1.223599972285032897e-10 1.805598009376931659e-10 -8.147874476143010463e-11 6.612736131647336067e-11 -1.015160496770518058e-10 2.867235464269720219e-12 6.979597307095400444e-11 5.028191216846276840e-11 7.514037313575601674e-11 2.940902595469320699e-10 1.331372817417327964e-10 9.248920107310112325e-11 7.980774419895414985e-11 4.764935830797831803e-11 -4.688913593980529254e-12 -4.442441459410134512e-11 -2.368467293822907163e-11 6.007566910734841256e-12
3.473235089729069128e-10 -1.251919431159716847e-11 -4.480870202992553850e-11 -2.462469746219185424e-11 -7.264723850101268362e-11 7.718772620974622300e-11 -5.167886110646932263e-11 2.206226671495293663e-11 3.585076084156486679e-11 2.119093058387546540e-11 9.860221850392551345e-11 1.331372817417327964e-10 2.409998491887916752e-10 1.192573758046175557e-10 7.123973827624409514e-11 6.451268818718034154e-11 1.567473064421193106e-11 2.717177331714075197e-12 3.164238597517204724e-12 5.054837372831551271e-12
1.129328766384412069e-10 6.579144262082684282e-11 -2.100545408385107361e-10 4.332634974850020050e-11 -8.041823489968280606e-11 9.122914048518610909e-11 9.005959110627698918e-12 -1.926138545006169602e-11 -1.643176342630151801e-11 3.076144728085819811e-11 5.459767178217635581e-11 9.248920107310112325e-11 1.192573758046175557e-10 2.260957187301525560e-10 1.014500950141975527e-10 8.912463828239584246e-11 4.101737943164032760e-11 6.877148007916912211e-12 8.508478033780216232e-12 1.086319342109120753e-11
1.170672764580155861e-10 -2.263399268369978051e-11 -1.368346826763785646e-10 -7.547130922682070309e-11 -1.426037251210081022e-11 -1.217847474293526452e-10 1.614210906767903682e-11 -9.772683344570732428e-12 5.132954034178539213e-11 -1.373255563365017027e-11 1.731628931582123631e-11 7.980774419895414985e-11 7.123973827624409514e-11 1.014500950141975527e-10 1.771652240920856262e-10 8.648309429144536360e-11 3.147422108897852857e-11 2.209662925251384722e-12 -1.569920799262975265e-11 -8.808849270176896002e-12
6.607947114511205365e-11 -8.066218677039418948e-11 -1.781463953530038434e-10 -2.908999858642448530e-11 -1.523286821049110141e-10 1.858116892516260305e-11 3.428261524698167537e-11 3.384805562262456605e-11 5.885123023381489944e-11 -1.301285773676297022e-11 3.374320131665504999e-11 4.764935830797831803e-11 6.451268818718034154e-11 8.912463828239584246e-11 8.648309429144536360e-11 1.596350966673202467e-10 8.748335009700913107e-11 5.289167394019698845e-11 3.280863361590638650e-11 6.564619238701597693e-12
-2.092899108111994265e-10 -5.559013996943363634e-11 -2.284249159084062574e-10 6.701213741148334391e-11 -1.398786808961786942e-10 -2.735088116967742572e-11 1.411967744617992970e-10 4.599834485349144095e-11 3.764956561533571709e-11 1.915437540729078404e-12 -5.325793945596915708e-13 -4.688913593980529254e-12 1.567473064421193106e-11 4.101737943164032760e-11 3.147422108897852857e-11 8.748335009700913107e-11 1.458296016273830951e-10 8.662681411666707710e-11 3.122848830703989648e-11 -1.837070223132821698e-11
-7.121608622332682604e-12 5.736580313738321645e-12 -3.686974309032645367e-11 -2.998400725257657150e-11 -6.143293082858457033e-11 -1.877158548154820589e-11 5.492204873735144343e-11 -3.396697973375903547e-11 1.797590160169715963e-11 -2.059406511629156219e-11 1.199999775179949353e-11 -4.442441459410134512e-11 2.717177331714075197e-12 6.877148007916912211e-12 2.209662925251384722e-12 5.289167394019698845e-11 8.662681411666707710e-11 1.193263124664224679e-10 5.469388010834696450e-11 -1.241122062499766715e-11
4.073541556256841282e-11 -1.162421853582927801e-11 1.830544697128659760e-11 -4.425796714345736512e-12 -4.155982827736004327e-12 1.457205878103657802e-11 -6.846464400529867753e-12 -1.627281290024393514e-11 1.299715957760219033e-11 -1.966373486924280178e-11 1.803875304801686255e-11 -2.368467293822907163e-11 3.164238597517204724e-12 8.508478033780216232e-12 -1.569920799262975265e-11 3.280863361590638650e-11 3.122848830703989648e-11 5.469388010834696450e-11 7.095516932341140173e-11 2.173583031673467892e-11
-7.225036691512048463e-11 -4.733215777481023522e-11 1.686303569408030613e-11 1.111010139668122860e-10 3.435631365873197172e-11 1.085474576987509786e-11 -7.461191216196928581e-11 -4.288399668865103186e-11 -5.198785444429315514e-12 -2.741960377323072102e-12 2.017677302958523257e-11 6.007566910734841256e-12 5.054837372831551271e-12 1.086319342109120753e-11 -8.808849270176896002e-12 6.564619238701597693e-12 -1.837070223132821698e-11 -1.241122062499766715e-11 2.173583031673467892e-11 7.467294260989589586e-11
