9.937226857661568297e-05 4.454302151298550203e-05 3.850276438613636917e-05 4.700261658970070579e-05 4.170032056973410557e-05 3.503100694963316074e-05 3.358042233135622074e-05 3.726922640819310212e-05 3.458887110203744196e-05 3.663676940325843708e-05 3.238063503622374553e-05 2.996118429333260872e-05 2.737235909257516853e-05 2.572785489675306867e-05 2.391322985961985957e-05 2.213181226633164795e-05 1.789713725417596259e-05 1.247898103373939411e-05 8.050066297379764092e-06 3.873274366710276317e-06
4.454302151298550203e-05 9.476334523974954945e-05 4.553315270150665102e-05 5.275827829202322714e-05 4.930161560122672029e-05 4.249174491145044541e-05 4.070396505503198081e-05 4.512697544176330654e-05 3.892052317568459171e-05 4.206218239201945454e-05 3.705912816286836473e-05 3.525197714078894201e-05 3.160911435224147709e-05 2.933096288172133196e-05 2.721322835371950410e-05 2.417429901924930878e-05 1.914524641061587394e-05 1.213988408174684989e-05 6.175821717472569975e-06 1.853919457471859512e-06
3.850276438613636917e-05 4.553315270150665102e-05 6.481054690230242789e-05 4.191283953413941322e-05 4.063799768220260374e-05 3.693853858718282524e-05 3.485583835270105981e-05 3.848831030367537518e-05 3.398271387332737543e-05 3.566547315908551207e-05 3.257121487202734023e-05 2.983102449397468858e-05 2.691417565128092826e-05 2.469460940631696511e-05 2.319026520667070092e-05 1.988773533121167324e-05 1.561906327682707714e-05 1.027859606857568326e-05 4.862411822028843299e-06 8.949127599722858404e-07
4.700261658970070579e-05 5.275827829202322714e-05 4.191283953413941322e-05 6.023072497467376322e-05 4.561897552588090309e-05 3.933606837806560402e-05 3.738814812138963338e-05 4.358449152481555402e-05 3.985458567562074830e-05 4.004145292834803034e-05 3.669622347791839017e-05 3.412935513061907627e-05 3.062980601503718529e-05 2.767467384736641800e-05 2.508664163083650190e-05 2.219358422577239013e-05 1.766726717032357627e-05 1.171869724164806467e-05 6.364978805960207695e-06 1.522325633161572105e-06
4.170032056973410557e-05 4.930161560122672029e-05 4.063799768220260374e-05 4.561897552588090309e-05 5.506025592788299652e-05 3.923077299091191585e-05 3.825872795946755925e-05 4.131812462626755080e-05 3.773602879740745779e-05 3.766223774302933044e-05 3.381472362061258664e-05 3.113165302558417298e-05 2.796842360658194810e-05 2.548151815216560223e-05 2.319352038763108475e-05 2.042760257454542241e-05 1.656347902395858182e-05 1.130185738846840685e-05 5.659520607197036469e-06 1.575588967704429128e-06
3.503100694963316074e-05 4.249174491145044541e-05 3.693853858718282524e-05 3.933606837806560402e-05 3.923077299091191585e-05 4.233621872521454467e-05 3.377790714655340312e-05 3.732786447024972793e-05 3.376148227164758886e-05 3.381995160497415731e-05 3.038693244989061940e-05 2.794395544106005979e-05 2.560627657685128050e-05 2.296824781687753416e-05 2.108804809378646270e-05 1.808503745596297703e-05 1.440077196206742804e-05 9.168776815117012159e-06 4.199252214215910660e-06 7.510054344055809016e-08
3.358042233135622074e-05 4.070396505503198081e-05 3.485583835270105981e-05 3.738814812138963338e-05 3.825872795946755925e-05 3.377790714655340312e-05 3.581040143409845077e-05 3.563443032468693357e-05 3.216256349748086252e-05 3.237285165207569261e-05 2.927286095758838832e-05 2.731843369045489488e-05 2.435573502170270224e-05 2.224624823034849770e-05 2.018866326138043634e-05 1.735493044262173971e-05 1.404861388312337809e-05 9.391199774998656291e-06 4.643986766853182814e-06 9.709078556790338134e-07
3.726922640819310212e-05 4.512697544176330654e-05 3.848831030367537518e-05 4.358449152481555402e-05 4.131812462626755080e-05 3.732786447024972793e-05 3.563443032468693357e-05 4.420972069119355485e-05 3.737268653800671585e-05 3.776250291798762519e-05 3.369121521543171836e-05 3.195636000441414798e-05 2.907816002109218708e-05 2.679704662172579868e-05 2.450537972719021637e-05 2.129449560299343151e-05 1.697747985384423451e-05 1.137232828666962005e-05 5.541881999624311420e-06 1.179397564009343982e-06
3.458887110203744196e-05 3.892052317568459171e-05 3.398271387332737543e-05 3.985458567562074830e-05 3.773602879740745779e-05 3.376148227164758886e-05 3.216256349748086252e-05 3.737268653800671585e-05 3.648617777696588736e-05 3.482767064649689738e-05 3.147371518350630421e-05 2.962530871658704189e-05 2.677483127931820945e-05 2.449243881836171558e-05 2.222635339828181640e-05 1.923603838717926579e-05 1.557790495275538793e-05 1.073863951079383117e-05 5.515448306480340799e-06 1.205076215453185625e-06
3.663676940325843708e-05 4.206218239201945454e-05 3.566547315908551207e-05 4.004145292834803034e-05 3.766223774302933044e-05 3.381995160497415731e-05 3.237285165207569261e-05 3.776250291798762519e-05 3.482767064649689738e-05 3.702949300994921102e-05 3.244356686681322235e-05 3.102194723104373077e-05 2.832756358510587572e-05 2.611811277245914948e-05 2.390447044704961628e-05 2.099929750286022749e-05 1.692810711003748833e-05 1.188990600685224670e-05 6.481963026339751130e-06 2.082263255025043973e-06
3.238063503622374553e-05 3.705912816286836473e-05 3.257121487202734023e-05 3.669622347791839017e-05 3.381472362061258664e-05 3.038693244989061940e-05 2.927286095758838832e-05 3.369121521543171836e-05 3.147371518350630421e-05 3.244356686681322235e-05 3.072029665421506544e-05 2.845664666836730217e-05 2.591604680693749722e-05 2.358647624554157291e-05 2.139693049286796751e-05 1.865993581815498498e-05 1.496980716514472052e-05 1.027511226003830717e-05 5.457999958301991112e-06 1.630679734084860501e-06
2.996118429333260872e-05 3.525197714078894201e-05 2.983102449397468858e-05 3.412935513061907627e-05 3.113165302558417298e-05 2.794395544106005979e-05 2.731843369045489488e-05 3.195636000441414798e-05 2.962530871658704189e-05 3.102194723104373077e-05 2.845664666836730217e-05 2.867308250580440551e-05 2.562781500922374481e-05 2.356176101034177620e-05 2.155919305735838715e-05 1.872103364307054022e-05 1.495013506786324480e-05 1.045436992853139754e-05 5.894468823235908145e-06 2.016297783091960435e-06
2.737235909257516853e-05 3.160911435224147709e-05 2.691417565128092826e-05 3.062980601503718529e-05 2.796842360658194810e-05 2.560627657685128050e-05 2.435573502170270224e-05 2.907816002109218708e-05 2.677483127931820945e-05 2.832756358510587572e-05 2.591604680693749722e-05 2.562781500922374481e-05 2.444156743139320881e-05 2.238467679370022281e-05 2.075658983956545772e-05 1.804220153378189884e-05 1.444412063949204941e-05 1.005528103168794280e-05 5.700666518252644723e-06 2.026367903943669159e-06
2.572785489675306867e-05 2.933096288172133196e-05 2.469460940631696511e-05 2.767467384736641800e-05 2.548151815216560223e-05 2.296824781687753416e-05 2.224624823034849770e-05 2.679704662172579868e-05 2.449243881836171558e-05 2.611811277245914948e-05 2.358647624554157291e-05 2.356176101034177620e-05 2.238467679370022281e-05 2.158477160691875559e-05 2.022640559835335778e-05 1.771814891199328663e-05 1.426700010941046054e-05 1.013199195596633868e-05 5.979479120577125637e-06 2.364728355829227509e-06
2.391322985961985957e-05 2.721322835371950410e-05 2.319026520667070092e-05 2.508664163083650190e-05 2.319352038763108475e-05 2.108804809378646270e-05 2.018866326138043634e-05 2.450537972719021637e-05 2.222635339828181640e-05 2.390447044704961628e-05 2.139693049286796751e-05 2.155919305735838715e-05 2.075658983956545772e-05 2.022640559835335778e-05 1.993935063852346883e-05 1.750466428867590300e-05 1.415554506111664757e-05 1.013583941946743806e-05 6.118887196251373664e-06 2.644346562769861847e-06
2.213181226633164795e-05 2.417429901924930878e-05 1.988773533121167324e-05 2.219358422577239013e-05 2.042760257454542241e-05 1.808503745596297703e-05 1.735493044262173971e-05 2.129449560299343151e-05 1.923603838717926579e-05 2.099929750286022749e-05 1.865993581815498498e-05 1.872103364307054022e-05 1.804220153378189884e-05 1.771814891199328663e-05 1.750466428867590300e-05 1.633778930992560601e-05 1.360001218866215189e-05 1.008494542723708826e-05 6.388651817641047607e-06 3.267341951421058242e-06
1.789713725417596259e-05 1.914524641061587394e-05 1.561906327682707714e-05 1.766726717032357627e-05 1.656347902395858182e-05 1.440077196206742804e-05 1.404861388312337809e-05 1.697747985384423451e-05 1.557790495275538793e-05 1.692810711003748833e-05 1.496980716514472052e-05 1.495013506786324480e-05 1.444412063949204941e-05 1.426700010941046054e-05 1.415554506111664757e-05 1.360001218866215189e-05 1.229982674005097484e-05 9.724770464319439897e-06 6.619982177859803000e-06 3.773322046523459664e-06
1.247898103373939411e-05 1.213988408174684989e-05 1.027859606857568326e-05 1.171869724164806467e-05 1.130185738846840685e-05 9.168776815117012159e-06 9.391199774998656291e-06 1.137232828666962005e-05 1.073863951079383117e-05 1.188990600685224670e-05 1.027511226003830717e-05 1.045436992853139754e-05 1.005528103168794280e-05 1.013199195596633868e-05 1.013583941946743806e-05 1.008494542723708826e-05 9.724770464319439897e-06 8.754739777803720752e-06 6.689246313913532677e-06 4.442653092420273536e-06
8.050066297379764092e-06 6.175821717472569975e-06 4.862411822028843299e-06 6.364978805960207695e-06 5.659520607197036469e-06 4.199252214215910660e-06 4.643986766853182814e-06 5.541881999624311420e-06 5.515448306480340799e-06 6.481963026339751130e-06 5.457999958301991112e-06 5.894468823235908145e-06 5.700666518252644723e-06 5.979479120577125637e-06 6.118887196251373664e-06 6.388651817641047607e-06 6.619982177859803000e-06 6.689246313913532677e-06 6.752593194805626618e-06 5.816996530383607955e-06
3.873274366710276317e-06 1.853919457471859512e-06 8.949127599722858404e-07 1.522325633161572105e-06 1.575588967704429128e-06 7.510054344055809016e-08 9.709078556790338134e-07 1.179397564009343982e-06 1.205076215453185625e-06 2.082263255025043973e-06 1.630679734084860501e-06 2.016297783091960435e-06 2.026367903943669159e-06 2.364728355829227509e-06 2.644346562769861847e-06 3.267341951421058242e-06 3.773322046523459664e-06 4.442653092420273536e-06 5.816996530383607955e-06 6.826603695466466503e-06
