3.381086420183570661e-05 3.299201144156968865e-05 3.195976238655037820e-05 3.122586180220409644e-05 3.206809017430308851e-05 3.135786928385491854e-05 3.114243933497585728e-05 3.044849469250451035e-05 2.960311757514387984e-05 2.869683759829820267e-05 2.756160655810709542e-05 2.630829629584781473e-05 2.433527252863625816e-05 2.212968407982498004e-05 1.939035552202446412e-05 1.651300124496265885e-05 1.331040491202202084e-05 8.881520182162691473e-06 4.472866512342837064e-06 1.185600357412761114e-06
3.299201144156968865e-05 3.698602559399478642e-05 3.400144275618923725e-05 3.334626279032335173e-05 3.438361644381959353e-05 3.357129482478642498e-05 3.357602586427651208e-05 3.290982603773770206e-05 3.208187479413089887e-05 3.105857216635653678e-05 2.977130929731840905e-05 2.836834195405337777e-05 2.622522521649927601e-05 2.385611237692656782e-05 2.108374131241093653e-05 1.803272754338655515e-05 1.453966565260436247e-05 9.877453021871764220e-06 5.145770145900196490e-06 1.583421233842405182e-06
3.195976238655037820e-05 3.400144275618923725e-05 3.336428567995058979e-05 3.216944423886591799e-05 3.290492072522669434e-05 3.222498649566522117e-05 3.205017438875399320e-05 3.144338369063859112e-05 3.054936265769851044e-05 2.967840696979149773e-05 2.838497700017553627e-05 2.702148206608178646e-05 2.499938640560992430e-05 2.258227495026404871e-05 1.974055251749495265e-05 1.686265652720970830e-05 1.372450394978985005e-05 9.446769408771928133e-06 5.162711371697143256e-06 1.768679115376063410e-06
3.122586180220409644e-05 3.334626279032335173e-05 3.216944423886591799e-05 3.244743616263749740e-05 3.280295114986054200e-05 3.214860156660621210e-05 3.206660168121658317e-05 3.140796635399472166e-05 3.054175902653282669e-05 2.956748203792105366e-05 2.841605259217521354e-05 2.715735735424005539e-05 2.511502541849242067e-05 2.277762259764310718e-05 1.999345256810553605e-05 1.709551714184495970e-05 1.397505133272084398e-05 9.754891405363687608e-06 5.291595455765715673e-06 1.781874933369032622e-06
3.206809017430308851e-05 3.438361644381959353e-05 3.290492072522669434e-05 3.280295114986054200e-05 3.415306787123679826e-05 3.311988315717767119e-05 3.306134805523568870e-05 3.243172559626390154e-05 3.155530310544288369e-05 3.051176574892820463e-05 2.926925970588997933e-05 2.788051931900097707e-05 2.582943744873091138e-05 2.343640640101306931e-05 2.060480180890703110e-05 1.764374974950818853e-05 1.435866761956846818e-05 9.971960394191001369e-06 5.323650417236216716e-06 1.714511359017047462e-06
3.135786928385491854e-05 3.357129482478642498e-05 3.222498649566522117e-05 3.214860156660621210e-05 3.311988315717767119e-05 3.292191623163832822e-05 3.269677492542168992e-05 3.202274649478571743e-05 3.115793123762121566e-05 3.018323051120638418e-05 2.892591136912756015e-05 2.761020736344661598e-05 2.559681095222082170e-05 2.327430526699613057e-05 2.055925508980709351e-05 1.773383643542043885e-05 1.448878648047084631e-05 1.011278150739365085e-05 5.520242548019413858e-06 1.967257143307863721e-06
3.114243933497585728e-05 3.357602586427651208e-05 3.205017438875399320e-05 3.206660168121658317e-05 3.306134805523568870e-05 3.269677492542168992e-05 3.303310301749276393e-05 3.231335079622637749e-05 3.148761399530319367e-05 3.051816683096126513e-05 2.929357311860280317e-05 2.795787353582213764e-05 2.593063229639995182e-05 2.367768816354943030e-05 2.091816973979880069e-05 1.801433773190274761e-05 1.465129667123032108e-05 1.016485458803903116e-05 5.470717297515131924e-06 1.860737777975011745e-06
3.044849469250451035e-05 3.290982603773770206e-05 3.144338369063859112e-05 3.140796635399472166e-05 3.243172559626390154e-05 3.202274649478571743e-05 3.231335079622637749e-05 3.206281614853803322e-05 3.127496634010330654e-05 3.038079679344565987e-05 2.918830017721494544e-05 2.791477383423891974e-05 2.592078896003579714e-05 2.366408457987543418e-05 2.099505158033911903e-05 1.816071334852270675e-05 1.481682630102431468e-05 1.040747433852338395e-05 5.711780436079705658e-06 1.966318619456177655e-06
2.960311757514387984e-05 3.208187479413089887e-05 3.054936265769851044e-05 3.054175902653282669e-05 3.155530310544288369e-05 3.115793123762121566e-05 3.148761399530319367e-05 3.127496634010330654e-05 3.097716011504136137e-05 3.011640965340451874e-05 2.903188574424516499e-05 2.779789117339243748e-05 2.585637349783781913e-05 2.369792255850331928e-05 2.109263070722023278e-05 1.828492836972485516e-05 1.493466935181824465e-05 1.057890849373323645e-05 5.861611053490047620e-06 2.011583086859932612e-06
2.869683759829820267e-05 3.105857216635653678e-05 2.967840696979149773e-05 2.956748203792105366e-05 3.051176574892820463e-05 3.018323051120638418e-05 3.051816683096126513e-05 3.038079679344565987e-05 3.011640965340451874e-05 2.964949892117382837e-05 2.863419942645505282e-05 2.749469760926616534e-05 2.561498826170852363e-05 2.352742570952452030e-05 2.098733110898063755e-05 1.822507503254354217e-05 1.487537193908028420e-05 1.060106783043982653e-05 5.999441764413081861e-06 2.112622011526816605e-06
2.756160655810709542e-05 2.977130929731840905e-05 2.838497700017553627e-05 2.841605259217521354e-05 2.926925970588997933e-05 2.892591136912756015e-05 2.929357311860280317e-05 2.918830017721494544e-05 2.903188574424516499e-05 2.863419942645505282e-05 2.798661576611374008e-05 2.702782059464700927e-05 2.525680820019056235e-05 2.329028041472862358e-05 2.086552844771637972e-05 1.810248266168392278e-05 1.473935358295379323e-05 1.049694046535220050e-05 5.983823552474224191e-06 2.185992205272457366e-06
2.630829629584781473e-05 2.836834195405337777e-05 2.702148206608178646e-05 2.715735735424005539e-05 2.788051931900097707e-05 2.761020736344661598e-05 2.795787353582213764e-05 2.791477383423891974e-05 2.779789117339243748e-05 2.749469760926616534e-05 2.702782059464700927e-05 2.645711268594654967e-05 2.490009581676830961e-05 2.309042510791629372e-05 2.077276622137005064e-05 1.798618657373888394e-05 1.452064109560867791e-05 1.029356295855807920e-05 5.991549575786753094e-06 2.348956028088780940e-06
2.433527252863625816e-05 2.622522521649927601e-05 2.499938640560992430e-05 2.511502541849242067e-05 2.582943744873091138e-05 2.559681095222082170e-05 2.593063229639995182e-05 2.592078896003579714e-05 2.585637349783781913e-05 2.561498826170852363e-05 2.525680820019056235e-05 2.490009581676830961e-05 2.387216937865051748e-05 2.240611399470818246e-05 2.034155654094933980e-05 1.769911365498714602e-05 1.430950537861772650e-05 1.018412288239555616e-05 6.049481944046865480e-06 2.494052714301570167e-06
2.212968407982498004e-05 2.385611237692656782e-05 2.258227495026404871e-05 2.277762259764310718e-05 2.343640640101306931e-05 2.327430526699613057e-05 2.367768816354943030e-05 2.366408457987543418e-05 2.369792255850331928e-05 2.352742570952452030e-05 2.329028041472862358e-05 2.309042510791629372e-05 2.240611399470818246e-05 2.152530042818205178e-05 1.988614875861223892e-05 1.748571375108870865e-05 1.421684634645467815e-05 1.019363803281724027e-05 6.208930926025502173e-06 2.766124946256546948e-06
1.939035552202446412e-05 2.108374131241093653e-05 1.974055251749495265e-05 1.999345256810553605e-05 2.060480180890703110e-05 2.055925508980709351e-05 2.091816973979880069e-05 2.099505158033911903e-05 2.109263070722023278e-05 2.098733110898063755e-05 2.086552844771637972e-05 2.077276622137005064e-05 2.034155654094933980e-05 1.988614875861223892e-05 1.899460352549557206e-05 1.705736521196721470e-05 1.400327618460104043e-05 1.020067366193973782e-05 6.432099386104601687e-06 3.187741733516337807e-06
1.651300124496265885e-05 1.803272754338655515e-05 1.686265652720970830e-05 1.709551714184495970e-05 1.764374974950818853e-05 1.773383643542043885e-05 1.801433773190274761e-05 1.816071334852270675e-05 1.828492836972485516e-05 1.822507503254354217e-05 1.810248266168392278e-05 1.798618657373888394e-05 1.769911365498714602e-05 1.748571375108870865e-05 1.705736521196721470e-05 1.597281638918485714e-05 1.350421713629332722e-05 1.016764199760336322e-05 6.704815099869992182e-06 3.677448104925412872e-06
1.331040491202202084e-05 1.453966565260436247e-05 1.372450394978985005e-05 1.397505133272084398e-05 1.435866761956846818e-05 1.448878648047084631e-05 1.465129667123032108e-05 1.481682630102431468e-05 1.493466935181824465e-05 1.487537193908028420e-05 1.473935358295379323e-05 1.452064109560867791e-05 1.430950537861772650e-05 1.421684634645467815e-05 1.400327618460104043e-05 1.350421713629332722e-05 1.215791696569076523e-05 9.733224432317168890e-06 6.713650662947808428e-06 3.936462983094115949e-06
8.881520182162691473e-06 9.877453021871764220e-06 9.446769408771928133e-06 9.754891405363687608e-06 9.971960394191001369e-06 1.011278150739365085e-05 1.016485458803903116e-05 1.040747433852338395e-05 1.057890849373323645e-05 1.060106783043982653e-05 1.049694046535220050e-05 1.029356295855807920e-05 1.018412288239555616e-05 1.019363803281724027e-05 1.020067366193973782e-05 1.016764199760336322e-05 9.733224432317168890e-06 8.758719417253430688e-06 6.785565613693399356e-06 4.608424934395847110e-06
4.472866512342837064e-06 5.145770145900196490e-06 5.162711371697143256e-06 5.291595455765715673e-06 5.323650417236216716e-06 5.520242548019413858e-06 5.470717297515131924e-06 5.711780436079705658e-06 5.861611053490047620e-06 5.999441764413081861e-06 5.983823552474224191e-06 5.991549575786753094e-06 6.049481944046865480e-06 6.208930926025502173e-06 6.432099386104601687e-06 6.704815099869992182e-06 6.713650662947808428e-06 6.785565613693399356e-06 6.746116385561702404e-06 5.871411091890183259e-06
1.185600357412761114e-06 1.583421233842405182e-06 1.768679115376063410e-06 1.781874933369032622e-06 1.714511359017047462e-06 1.967257143307863721e-06 1.860737777975011745e-06 1.966318619456177655e-06 2.011583086859932612e-06 2.112622011526816605e-06 2.185992205272457366e-06 2.348956028088780940e-06 2.494052714301570167e-06 2.766124946256546948e-06 3.187741733516337807e-06 3.677448104925412872e-06 3.936462983094115949e-06 4.608424934395847110e-06 5.871411091890183259e-06 6.702714245060795906e-06
