2.886098883680237311e-08 -1.340787203499055692e-09 2.386797254820665943e-09 5.945844311381313644e-10 -3.474563723192973899e-09 4.347252232517434201e-10 1.089048846560254129e-09 -6.507984891813629854e-10 6.411651496776134642e-10 4.664237742505638103e-10 3.394032425215908162e-10 -7.531399427455892507e-10 -3.529044903467671777e-10 3.443891526404450425e-11 2.445259224308705157e-10 1.177932497126524381e-10 1.632504010069354156e-10 1.066062974392622142e-10 3.466449406925724385e-11 -1.151136643381232965e-10
-1.340787203499055692e-09 1.698552804249721373e-08 -1.778469732679422205e-10 -1.061180777281183896e-09 -2.493947479690667847e-10 -9.190039544391333600e-10 2.910662132532518015e-10 -1.343672295448422014e-10 -4.056176294116293054e-10 -6.886773028502751853e-10 -8.689446223234276897e-11 6.786488766792685966e-11 -2.879312095292145505e-11 -1.305831592717758748e-10 2.426715809255524027e-11 7.166933937432719246e-11 -5.926687345569129246e-12 6.005665353863515816e-12 -2.488101717530922875e-11 -1.289685029969784031e-10
2.386797254820665943e-09 -1.778469732679422205e-10 9.198721173717317718e-09 8.168081840939771590e-10 2.449763419456149800e-10 1.632767376301832853e-10 2.906124067138032034e-10 3.747648986987332447e-10 2.166347860262257251e-10 1.789210628293183769e-10 -3.595297626454387727e-11 -3.221731658548136945e-12 -1.313840940805726788e-10 -5.235527526118123170e-11 1.413460920398393200e-10 -7.308744111800148825e-12 2.939751062848576815e-11 1.931277407652276059e-11 6.137918374158613321e-11 -2.654443568987834123e-11
5.945844311381313644e-10 -1.061180777281183896e-09 8.168081840939771590e-10 7.335364945385706662e-09 3.911581138377073770e-10 -4.277956358425130830e-10 -1.236860451687624480e-10 3.465459950343864180e-10 1.053512846799952687e-10 2.066265127471299028e-11 -2.652770496038651535e-11 -4.339772598847605496e-11 -8.502128133367551202e-11 -2.806442598349339664e-10 -1.889041904671722652e-10 -1.341821539660812926e-11 -1.055434173692421354e-10 -9.874198902829190746e-11 -8.955691763829637166e-11 -1.783710683377407551e-11
-3.474563723192973899e-09 -2.493947479690667847e-10 2.449763419456149800e-10 3.911581138377073770e-10 4.203550511291529641e-09 -2.308975469922367141e-10 -1.444641878280173361e-10 4.148007350075293689e-11 -4.135675576704252125e-11 6.555229479112408294e-11 2.429103230586587928e-11 2.174867108887719583e-12 1.394583321718993199e-10 -4.795068792076602306e-12 -2.844333470349286386e-11 6.612980796441558283e-11 6.123531299202007436e-11 4.526054716857881402e-11 5.511777227699492075e-11 -3.370597987981593525e-11
4.347252232517434201e-10 -9.190039544391333600e-10 1.632767376301832853e-10 -4.277956358425130830e-10 -2.308975469922367141e-10 3.014969036247897829e-09 4.787879472385606909e-11 -1.096093107315101752e-11 -9.644456228369516393e-11 1.065346972968195165e-10 2.151516256766841758e-10 -4.328188647379908466e-11 -8.179423878491588368e-11 2.621719490070819958e-11 -4.855767859854684637e-11 5.429719878036022590e-11 3.460021062088614324e-11 5.057315003765175782e-11 2.268177623234659467e-11 6.636398273050210986e-12
1.089048846560254129e-09 2.910662132532518015e-10 2.906124067138032034e-10 -1.236860451687624480e-10 -1.444641878280173361e-10 4.787879472385606909e-11 2.137072501029649109e-09 1.079544978915052183e-10 2.855183351714922107e-10 2.197031981048780998e-10 1.458621386488380499e-10 7.380722152710930681e-12 -4.757048078402963354e-11 -9.296873655583391015e-11 -4.254413686475339096e-11 -2.907142400131061923e-12 2.225052623756463111e-11 2.403843532511825051e-11 3.604140160885920816e-11 -6.479066129400535794e-12
-6.507984891813629854e-10 -1.343672295448422014e-10 3.747648986987332447e-10 3.465459950343864180e-10 4.148007350075293689e-11 -1.096093107315101752e-11 1.079544978915052183e-10 1.028590951557454074e-09 1.115269964580275468e-10 -7.425850216213148288e-11 -7.192272863871444417e-11 -5.139729084508727406e-11 -4.459329078016946216e-12 -4.509168188809539864e-11 -4.378904477344283261e-11 -3.776630182655864999e-11 -2.104549303649298592e-11 9.201767952947754146e-12 -6.246888029912733420e-12 -1.073696230301499017e-11
6.411651496776134642e-10 -4.056176294116293054e-10 2.166347860262257251e-10 1.053512846799952687e-10 -4.135675576704252125e-11 -9.644456228369516393e-11 2.855183351714922107e-10 1.115269964580275468e-10 1.091145240774204857e-09 2.149845888245570567e-10 9.496111504578253881e-11 4.199288070509867091e-11 1.132574696234004531e-10 3.797170183411645618e-11 -6.821244497287012881e-13 3.746212269245692047e-11 3.824667848988859175e-11 7.106145037451415186e-12 9.841283341913733719e-12 1.736114126959061604e-11
4.664237742505638103e-10 -6.886773028502751853e-10 1.789210628293183769e-10 2.066265127471299028e-11 6.555229479112408294e-11 1.065346972968195165e-10 2.197031981048780998e-10 -7.425850216213148288e-11 2.149845888245570567e-10 6.920917420617632195e-10 1.925324404800473080e-10 6.396718795278723699e-11 -4.377351714469434948e-12 7.053030657204840736e-11 1.740879631591583162e-11 3.215952949489334728e-11 7.143329344043097315e-11 2.327518248582552392e-11 2.443027945951577396e-11 5.029513990230369724e-11
3.394032425215908162e-10 -8.689446223234276897e-11 -3.595297626454387727e-11 -2.652770496038651535e-11 2.429103230586587928e-11 2.151516256766841758e-10 1.458621386488380499e-10 -7.192272863871444417e-11 9.496111504578253881e-11 1.925324404800473080e-10 5.164381880908572502e-10 4.350104130264999117e-12 7.573971036223792794e-11 4.553687330384887776e-11 1.440651120252610221e-11 7.037744251818776346e-11 3.822899806147255087e-11 3.104705659881092064e-11 3.111117955705087508e-11 2.666452317187292384e-11
-7.531399427455892507e-10 6.786488766792685966e-11 -3.221731658548136945e-12 -4.339772598847605496e-11 2.174867108887719583e-12 -4.328188647379908466e-11 7.380722152710930681e-12 -5.139729084508727406e-11 4.199288070509867091e-11 6.396718795278723699e-11 4.350104130264999117e-12 3.644258337482654306e-10 1.030660445238911348e-10 3.750510520764238628e-11 4.421613560940990541e-11 3.975204915386789690e-11 1.696026545619995314e-11 -1.956227303885687241e-11 4.383611480778583776e-12 1.556344852349057173e-11
-3.529044903467671777e-10 -2.879312095292145505e-11 -1.313840940805726788e-10 -8.502128133367551202e-11 1.394583321718993199e-10 -8.179423878491588368e-11 -4.757048078402963354e-11 -4.459329078016946216e-12 1.132574696234004531e-10 -4.377351714469434948e-12 7.573971036223792794e-11 1.030660445238911348e-10 2.826718946185785215e-10 8.337212803261750805e-11 3.851953000775326077e-11 4.536751766733553509e-11 1.604200701402825830e-11 -3.258670574097271117e-12 2.433092690479829079e-11 1.498258071178513598e-11
3.443891526404450425e-11 -1.305831592717758748e-10 -5.235527526118123170e-11 -2.806442598349339664e-10 -4.795068792076602306e-12 2.621719490070819958e-11 -9.296873655583391015e-11 -4.509168188809539864e-11 3.797170183411645618e-11 7.053030657204840736e-11 4.553687330384887776e-11 3.750510520764238628e-11 8.337212803261750805e-11 1.999112802187940800e-10 7.984549250156425662e-11 3.485505145356135608e-11 4.324014613199519206e-11 3.749829165908008507e-11 2.415726366024975258e-11 1.347886408395722958e-11
2.445259224308705157e-10 2.426715809255524027e-11 1.413460920398393200e-10 -1.889041904671722652e-10 -2.844333470349286386e-11 -4.855767859854684637e-11 -4.254413686475339096e-11 -4.378904477344283261e-11 -6.821244497287012881e-13 1.740879631591583162e-11 1.440651120252610221e-11 4.421613560940990541e-11 3.851953000775326077e-11 7.984549250156425662e-11 1.242633523773485400e-10 4.047357553980021151e-11 3.161384653036097477e-11 2.433459762671406562e-11 1.594911818035830431e-11 9.669780056367648926e-12
1.177932497126524381e-10 7.166933937432719246e-11 -7.308744111800148825e-12 -1.341821539660812926e-11 6.612980796441558283e-11 5.429719878036022590e-11 -2.907142400131061923e-12 -3.776630182655864999e-11 3.746212269245692047e-11 3.215952949489334728e-11 7.037744251818776346e-11 3.975204915386789690e-11 4.536751766733553509e-11 3.485505145356135608e-11 4.047357553980021151e-11 1.101894221136321259e-10 4.174289122837150453e-11 2.461063691566414686e-11 1.294403954053497290e-11 -6.864682896957767684e-12
1.632504010069354156e-10 -5.926687345569129246e-12 2.939751062848576815e-11 -1.055434173692421354e-10 6.123531299202007436e-11 3.460021062088614324e-11 2.225052623756463111e-11 -2.104549303649298592e-11 3.824667848988859175e-11 7.143329344043097315e-11 3.822899806147255087e-11 1.696026545619995314e-11 1.604200701402825830e-11 4.324014613199519206e-11 3.161384653036097477e-11 4.174289122837150453e-11 1.040722207608173057e-10 5.611797178888711409e-11 3.298129813148842185e-11 1.733394385406078164e-12
1.066062974392622142e-10 6.005665353863515816e-12 1.931277407652276059e-11 -9.874198902829190746e-11 4.526054716857881402e-11 5.057315003765175782e-11 2.403843532511825051e-11 9.201767952947754146e-12 7.106145037451415186e-12 2.327518248582552392e-11 3.104705659881092064e-11 -1.956227303885687241e-11 -3.258670574097271117e-12 3.749829165908008507e-11 2.433459762671406562e-11 2.461063691566414686e-11 5.611797178888711409e-11 8.930398011653416245e-11 4.533095849389728205e-11 -5.823556603225686859e-13
3.466449406925724385e-11 -2.488101717530922875e-11 6.137918374158613321e-11 -8.955691763829637166e-11 5.511777227699492075e-11 2.268177623234659467e-11 3.604140160885920816e-11 -6.246888029912733420e-12 9.841283341913733719e-12 2.443027945951577396e-11 3.111117955705087508e-11 4.383611480778583776e-12 2.433092690479829079e-11 2.415726366024975258e-11 1.594911818035830431e-11 1.294403954053497290e-11 3.298129813148842185e-11 4.533095849389728205e-11 5.177563647627506346e-11 2.054973545265017383e-11
-1.151136643381232965e-10 -1.289685029969784031e-10 -2.654443568987834123e-11 -1.783710683377407551e-11 -3.370597987981593525e-11 6.636398273050210986e-12 -6.479066129400535794e-12 -1.073696230301499017e-11 1.736114126959061604e-11 5.029513990230369724e-11 2.666452317187292384e-11 1.556344852349057173e-11 1.498258071178513598e-11 1.347886408395722958e-11 9.669780056367648926e-12 -6.864682896957767684e-12 1.733394385406078164e-12 -5.823556603225686859e-13 2.054973545265017383e-11 6.004595698192349386e-11
