3.045858852978955764e-08 -1.455376014854702959e-09 2.514425037828197806e-09 6.374894930802592396e-10 -3.610448716185232607e-09 4.821725231922236330e-10 1.138130598740665352e-09 -6.599732817708183065e-10 6.689003028998840159e-10 4.831158744627408266e-10 3.499790368390518454e-10 -7.774759907007977662e-10 -3.633660263048170652e-10 3.471869878788137347e-11 2.480777284271608422e-10 1.196436196641138601e-10 1.688218744919839975e-10 1.108754003368432385e-10 3.508220578156356931e-11 -1.195971085796510959e-10
-1.455376014854702959e-09 1.798501292217770258e-08 -1.874350405317813172e-10 -1.123094737918881115e-09 -2.596844577030679610e-10 -9.128849383795106197e-10 3.298605436470249100e-10 -1.184461718520673318e-10 -4.166584104450736651e-10 -7.062224838608087976e-10 -8.924848279343191956e-11 6.484952207597264536e-11 -3.230529173237238105e-11 -1.316710234561272924e-10 2.414699002341238060e-11 6.994965327717719995e-11 -5.156527043239610327e-12 1.117020023939527752e-11 -2.396719067120818162e-11 -1.360105287353646746e-10
2.514425037828197806e-09 -1.874350405317813172e-10 9.592357410009453427e-09 8.297748759644782455e-10 2.406979440659846713e-10 1.890565138455470088e-10 3.088132163634056071e-10 3.891054186200574749e-10 2.178725707966001234e-10 1.803815196254013336e-10 -3.460641678230926600e-11 -1.059147915124272248e-11 -1.384190578872274792e-10 -5.353921064896302409e-11 1.426817086160493229e-10 -1.274451355365909222e-11 2.860331516269588406e-11 2.137332351145870891e-11 6.188565401175141007e-11 -2.831162966841376018e-11
6.374894930802592396e-10 -1.123094737918881115e-09 8.297748759644782455e-10 7.600927089316197701e-09 4.016263015014311397e-10 -4.432219424504668374e-10 -1.251272399367757374e-10 3.510360131765197248e-10 1.048643890541217496e-10 1.768770177621584369e-11 -2.940699820338108538e-11 -4.559827496618381188e-11 -8.762770244197227245e-11 -2.855940436479320024e-10 -1.939422482012705527e-10 -1.463191170550443842e-11 -1.068075175609427342e-10 -1.002657065391926766e-10 -9.103403316297049391e-11 -1.873862850222930793e-11
-3.610448716185232607e-09 -2.596844577030679610e-10 2.406979440659846713e-10 4.016263015014311397e-10 4.332011990261574557e-09 -2.293912930725507827e-10 -1.439786310675523976e-10 4.115108801397023656e-11 -4.789463341792411349e-11 6.259988627981516255e-11 2.239219614429448865e-11 -1.071340815136534625e-12 1.389281305197979948e-10 -4.334640384078399726e-12 -2.947045447660442106e-11 6.661167755980610717e-11 6.301715926359073177e-11 4.756728138912067304e-11 5.605297594585644896e-11 -3.539307617832377598e-11
4.821725231922236330e-10 -9.128849383795106197e-10 1.890565138455470088e-10 -4.432219424504668374e-10 -2.293912930725507827e-10 3.103885253777239882e-09 5.950612210835651832e-11 -3.401187501320045095e-12 -9.427785160049334570e-11 1.116209498814507789e-10 2.237982082871311845e-10 -4.408394980537922991e-11 -8.079472630424028703e-11 2.842863005371770655e-11 -4.625601893214435776e-11 5.600222570724199464e-11 3.554837174862072936e-11 5.254691814080006670e-11 2.303349990796422852e-11 5.654697505849911258e-12
1.138130598740665352e-09 3.298605436470249100e-10 3.088132163634056071e-10 -1.251272399367757374e-10 -1.439786310675523976e-10 5.950612210835651832e-11 2.176728819716909745e-09 1.161373936458224910e-10 2.925550653975008260e-10 2.251202386416749838e-10 1.501392440797500736e-10 8.028634493047961010e-12 -4.659410978199759491e-11 -9.260972410209183280e-11 -4.143888545039663547e-11 -2.191351009829553341e-12 2.283398416723839346e-11 2.464173434626710145e-11 3.592750206124578186e-11 -7.691576924026416164e-12
-6.599732817708183065e-10 -1.184461718520673318e-10 3.891054186200574749e-10 3.510360131765197248e-10 4.115108801397023656e-11 -3.401187501320045095e-12 1.161373936458224910e-10 1.044487312248577160e-09 1.141586972044267805e-10 -7.670071854329100334e-11 -7.212623016424575359e-11 -5.217895057591566981e-11 -3.902228228971518899e-12 -4.444045098093287851e-11 -4.372597097014542429e-11 -3.728454782776676108e-11 -2.075612024012078076e-11 1.070740818763296896e-11 -5.893998156378411787e-12 -1.121010564664152281e-11
6.689003028998840159e-10 -4.166584104450736651e-10 2.178725707966001234e-10 1.048643890541217496e-10 -4.789463341792411349e-11 -9.427785160049334570e-11 2.925550653975008260e-10 1.141586972044267805e-10 1.103831333935085564e-09 2.159741989020961230e-10 9.547620760361582394e-11 4.124902426384956607e-11 1.138643067896999596e-10 3.876988042201993668e-11 -7.619118412110673434e-13 3.772048580821164424e-11 3.889673061779016288e-11 7.904601450182265787e-12 9.936246820184743335e-12 1.653499601169822595e-11
4.831158744627408266e-10 -7.062224838608087976e-10 1.803815196254013336e-10 1.768770177621584369e-11 6.259988627981516255e-11 1.116209498814507789e-10 2.251202386416749838e-10 -7.670071854329100334e-11 2.159741989020961230e-10 6.961962506395598976e-10 1.926841888075181041e-10 6.269014065398454927e-11 -5.768318966694975400e-12 7.074640280175666579e-11 1.629439644648481126e-11 3.182479223840443216e-11 7.189421051226164149e-11 2.396238204430319813e-11 2.447060638739326503e-11 4.959722811369502962e-11
3.499790368390518454e-10 -8.924848279343191956e-11 -3.460641678230926600e-11 -2.940699820338108538e-11 2.239219614429448865e-11 2.237982082871311845e-10 1.501392440797500736e-10 -7.212623016424575359e-11 9.547620760361582394e-11 1.926841888075181041e-10 5.189358809351419707e-10 3.804862999035929196e-12 7.606101080422951230e-11 4.581219913700405486e-11 1.461568143536055450e-11 7.035437378744658365e-11 3.838067312262999917e-11 3.177439829336065402e-11 3.124608422412190829e-11 2.588037108086764498e-11
-7.774759907007977662e-10 6.484952207597264536e-11 -1.059147915124272248e-11 -4.559827496618381188e-11 -1.071340815136534625e-12 -4.408394980537922991e-11 8.028634493047961010e-12 -5.217895057591566981e-11 4.124902426384956607e-11 6.269014065398454927e-11 3.804862999035929196e-12 3.651671802053146984e-10 1.028672235457677797e-10 3.752185229956191398e-11 4.386432221632506037e-11 3.951477630994576327e-11 1.690931298861468977e-11 -1.946552454795342091e-11 4.419736502369162310e-12 1.531798709555455992e-11
-3.633660263048170652e-10 -3.230529173237238105e-11 -1.384190578872274792e-10 -8.762770244197227245e-11 1.389281305197979948e-10 -8.079472630424028703e-11 -4.659410978199759491e-11 -3.902228228971518899e-12 1.138643067896999596e-10 -5.768318966694975400e-12 7.606101080422951230e-11 1.028672235457677797e-10 2.828782218104960537e-10 8.354775830707050729e-11 3.838459378791547599e-11 4.533398057978210701e-11 1.606394217471139066e-11 -2.939549855301708562e-12 2.442245134235068240e-11 1.464727646835558262e-11
3.471869878788137347e-11 -1.316710234561272924e-10 -5.353921064896302409e-11 -2.855940436479320024e-10 -4.334640384078399726e-12 2.842863005371770655e-11 -9.260972410209183280e-11 -4.444045098093287851e-11 3.876988042201993668e-11 7.074640280175666579e-11 4.581219913700405486e-11 3.752185229956191398e-11 8.354775830707050729e-11 2.005394506808709403e-10 7.986024609951352015e-11 3.496014720798665724e-11 4.328449370886354802e-11 3.772843403141064825e-11 2.428311451269532296e-11 1.321673459648224097e-11
2.480777284271608422e-10 2.414699002341238060e-11 1.426817086160493229e-10 -1.939422482012705527e-10 -2.947045447660442106e-11 -4.625601893214435776e-11 -4.143888545039663547e-11 -4.372597097014542429e-11 -7.619118412110673434e-13 1.629439644648481126e-11 1.461568143536055450e-11 4.386432221632506037e-11 3.838459378791547599e-11 7.986024609951352015e-11 1.238853484291353834e-10 4.036463820600236394e-11 3.156637203792664474e-11 2.461288909789522604e-11 1.605020977010742176e-11 9.504653135871346896e-12
1.196436196641138601e-10 6.994965327717719995e-11 -1.274451355365909222e-11 -1.463191170550443842e-11 6.661167755980610717e-11 5.600222570724199464e-11 -2.191351009829553341e-12 -3.728454782776676108e-11 3.772048580821164424e-11 3.182479223840443216e-11 7.035437378744658365e-11 3.951477630994576327e-11 4.533398057978210701e-11 3.496014720798665724e-11 4.036463820600236394e-11 1.100877667514763394e-10 4.172814522041871080e-11 2.468527107267683629e-11 1.293037398935994211e-11 -7.107367215040263021e-12
1.688218744919839975e-10 -5.156527043239610327e-12 2.860331516269588406e-11 -1.068075175609427342e-10 6.301715926359073177e-11 3.554837174862072936e-11 2.283398416723839346e-11 -2.075612024012078076e-11 3.889673061779016288e-11 7.189421051226164149e-11 3.838067312262999917e-11 1.690931298861468977e-11 1.606394217471139066e-11 4.328449370886354802e-11 3.156637203792664474e-11 4.172814522041871080e-11 1.040357317660065426e-10 5.618607197238623876e-11 3.302969560157081598e-11 1.699965023118347911e-12
1.108754003368432385e-10 1.117020023939527752e-11 2.137332351145870891e-11 -1.002657065391926766e-10 4.756728138912067304e-11 5.254691814080006670e-11 2.464173434626710145e-11 1.070740818763296896e-11 7.904601450182265787e-12 2.396238204430319813e-11 3.177439829336065402e-11 -1.946552454795342091e-11 -2.939549855301708562e-12 3.772843403141064825e-11 2.461288909789522604e-11 2.468527107267683629e-11 5.618607197238623876e-11 8.924803007400910525e-11 4.527840515007375756e-11 -7.243436761758235308e-13
3.508220578156356931e-11 -2.396719067120818162e-11 6.188565401175141007e-11 -9.103403316297049391e-11 5.605297594585644896e-11 2.303349990796422852e-11 3.592750206124578186e-11 -5.893998156378411787e-12 9.936246820184743335e-12 2.447060638739326503e-11 3.124608422412190829e-11 4.419736502369162310e-12 2.442245134235068240e-11 2.428311451269532296e-11 1.605020977010742176e-11 1.293037398935994211e-11 3.302969560157081598e-11 4.527840515007375756e-11 5.174652292250692044e-11 2.047488725141619807e-11
-1.195971085796510959e-10 -1.360105287353646746e-10 -2.831162966841376018e-11 -1.873862850222930793e-11 -3.539307617832377598e-11 5.654697505849911258e-12 -7.691576924026416164e-12 -1.121010564664152281e-11 1.653499601169822595e-11 4.959722811369502962e-11 2.588037108086764498e-11 1.531798709555455992e-11 1.464727646835558262e-11 1.321673459648224097e-11 9.504653135871346896e-12 -7.107367215040263021e-12 1.699965023118347911e-12 -7.243436761758235308e-13 2.047488725141619807e-11 5.999254519627710576e-11
