2.846420450836992627e-08 -1.385020394526646145e-09 2.386497206205498529e-09 5.846176765155036324e-10 -3.430866027042832680e-09 4.545764975894666205e-10 1.078771166576551144e-09 -6.365322524155702204e-10 6.376588985246859571e-10 4.648162303972043870e-10 3.358438221126425056e-10 -7.497669650584543840e-10 -3.499998849779063529e-10 3.399689481635168988e-11 2.394034926612796094e-10 1.154451582439367090e-10 1.622958782458343911e-10 1.069595096263198009e-10 3.451069068945187062e-11 -1.151699046206779042e-10
-1.385020394526646145e-09 1.701050436312752432e-08 -1.805680153366052539e-10 -1.067801859831454079e-09 -2.459315070191560764e-10 -8.709049801587629636e-10 3.208367959578553925e-10 -1.127564980611505042e-10 -4.011092889739275982e-10 -6.820020266245724315e-10 -8.684360894250964526e-11 6.282666155388248659e-11 -3.324132169823751413e-11 -1.306466694848375621e-10 2.290566051130452556e-11 6.805673450441651835e-11 -4.977641745416745690e-12 1.070907517207129382e-11 -2.418774057426371355e-11 -1.333624060141583319e-10
2.386497206205498529e-09 -1.805680153366052539e-10 9.145194300242290362e-09 8.028515070932332290e-10 2.290819325602306132e-10 1.817408713015752940e-10 3.014822182785140934e-10 3.773790048730472218e-10 2.130710803589897140e-10 1.778708836569794656e-10 -3.458034469213028154e-11 -1.021289707762936701e-11 -1.357317216557739627e-10 -5.409958300269292940e-11 1.369189082819798676e-10 -1.198015971137027480e-11 2.749778993793261836e-11 1.996930700324525304e-11 5.991855189308164803e-11 -2.790404945996157306e-11
5.846176765155036324e-10 -1.067801859831454079e-09 8.028515070932332290e-10 7.288010160598932770e-09 3.869611203744653881e-10 -4.257713353989853682e-10 -1.200155813995572563e-10 3.387450934046006344e-10 1.002589446127351850e-10 1.625970726312003894e-11 -3.139872425495732063e-11 -4.503892720565851136e-11 -8.633616021728069082e-11 -2.802017648452276608e-10 -1.908328163927948035e-10 -1.503166979353620692e-11 -1.051823898929585916e-10 -9.826993608172257738e-11 -8.906591400629991335e-11 -1.797986252102442087e-11
-3.430866027042832680e-09 -2.459315070191560764e-10 2.290819325602306132e-10 3.869611203744653881e-10 4.178213773438209542e-09 -2.205884438380794381e-10 -1.374174910809127732e-10 4.149381200355617912e-11 -4.521492929489763038e-11 6.246413002193569523e-11 2.132740914571442350e-11 -8.580334869528771815e-15 1.363065062236427848e-10 -4.840413798888081186e-12 -2.884026172867158244e-11 6.541492756601417105e-11 6.185687928287618362e-11 4.676257950943219327e-11 5.526890858874139030e-11 -3.415871281250060056e-11
4.545764975894666205e-10 -8.709049801587629636e-10 1.817408713015752940e-10 -4.257713353989853682e-10 -2.205884438380794381e-10 3.009933181887960201e-09 5.760644337127653834e-11 -2.472317235647899121e-12 -9.213493848571165726e-11 1.102850252488496021e-10 2.199422964969203512e-10 -4.206102645352779377e-11 -7.952861366391599712e-11 2.774509091042782108e-11 -4.552369401847641805e-11 5.506044531109093159e-11 3.477561924939465684e-11 5.160205895030432749e-11 2.274572184496634384e-11 6.124402505465607070e-12
1.078771166576551144e-09 3.208367959578553925e-10 3.014822182785140934e-10 -1.200155813995572563e-10 -1.374174910809127732e-10 5.760644337127653834e-11 2.121982555785986661e-09 1.135734508518115467e-10 2.854634310825238665e-10 2.198224061112067329e-10 1.470443636741250140e-10 8.510190736572278706e-12 -4.606589259999858758e-11 -9.168178671707275033e-11 -4.086541168310353162e-11 -2.522956021069446254e-12 2.195807846046817259e-11 2.407360420861303139e-11 3.550350004221969058e-11 -7.110453991016590494e-12
-6.365322524155702204e-10 -1.127564980611505042e-10 3.773790048730472218e-10 3.387450934046006344e-10 4.149381200355617912e-11 -2.472317235647899121e-12 1.135734508518115467e-10 1.021624471797699726e-09 1.114700940266661509e-10 -7.532012009919110098e-11 -7.080209155146726751e-11 -5.035214754132261029e-11 -3.676072161252114987e-12 -4.433247229848289192e-11 -4.322204863013395747e-11 -3.705221017009671668e-11 -2.098252669583220481e-11 1.019262510362484515e-11 -6.090300613134094887e-12 -1.114794805598242672e-11
6.376588985246859571e-10 -4.011092889739275982e-10 2.130710803589897140e-10 1.002589446127351850e-10 -4.521492929489763038e-11 -9.213493848571165726e-11 2.854634310825238665e-10 1.114700940266661509e-10 1.083833892898722654e-09 2.121059071868094105e-10 9.363285865346083136e-11 4.102715069515495044e-11 1.124725822714634530e-10 3.788725514508836782e-11 -9.853640503543039829e-13 3.702352624870004378e-11 3.827523554938468127e-11 7.688692830625788271e-12 9.895462984763078701e-12 1.695113689424679469e-11
4.648162303972043870e-10 -6.820020266245724315e-10 1.778708836569794656e-10 1.625970726312003894e-11 6.246413002193569523e-11 1.102850252488496021e-10 2.198224061112067329e-10 -7.532012009919110098e-11 2.121059071868094105e-10 6.861887777118779385e-10 1.900458264583519055e-10 6.234775732367665335e-11 -5.443872302084796876e-12 6.995765169974148815e-11 1.625977495683894020e-11 3.149520729493106660e-11 7.124640975618253834e-11 2.376793589577456095e-11 2.428553710069850220e-11 4.969565584961274855e-11
3.358438221126425056e-10 -8.684360894250964526e-11 -3.458034469213028154e-11 -3.139872425495732063e-11 2.132740914571442350e-11 2.199422964969203512e-10 1.470443636741250140e-10 -7.080209155146726751e-11 9.363285865346083136e-11 1.900458264583519055e-10 5.126072839734173202e-10 4.049285926783498008e-12 7.528764318634359939e-11 4.535447406400135647e-11 1.450580850992767541e-11 6.980980983470074618e-11 3.807586692335199494e-11 3.153719764527404373e-11 3.101983434608707664e-11 2.610616617927191797e-11
-7.497669650584543840e-10 6.282666155388248659e-11 -1.021289707762936701e-11 -4.503892720565851136e-11 -8.580334869528771815e-15 -4.206102645352779377e-11 8.510190736572278706e-12 -5.035214754132261029e-11 4.102715069515495044e-11 6.234775732367665335e-11 4.049285926783498008e-12 3.624297909898851301e-10 1.022927554454002318e-10 3.728500864392955464e-11 4.375810844298425910e-11 3.934244148741192079e-11 1.682414829618271999e-11 -1.942189704189473242e-11 4.345336268438516626e-12 1.544324692356535852e-11
-3.499998849779063529e-10 -3.324132169823751413e-11 -1.357317216557739627e-10 -8.633616021728069082e-11 1.363065062236427848e-10 -7.952861366391599712e-11 -4.606589259999858758e-11 -3.676072161252114987e-12 1.124725822714634530e-10 -5.443872302084796876e-12 7.528764318634359939e-11 1.022927554454002318e-10 2.812330502616128880e-10 8.306241811761632849e-11 3.818889311925172749e-11 4.507729934546246300e-11 1.595746552680766318e-11 -3.003613198012114737e-12 2.430336576161652915e-11 1.476188963710593408e-11
3.399689481635168988e-11 -1.306466694848375621e-10 -5.409958300269292940e-11 -2.802017648452276608e-10 -4.840413798888081186e-12 2.774509091042782108e-11 -9.168178671707275033e-11 -4.433247229848289192e-11 3.788725514508836782e-11 6.995765169974148815e-11 4.535447406400135647e-11 3.728500864392955464e-11 8.306241811761632849e-11 1.996318672852578467e-10 7.953035332677365475e-11 3.480430467209919039e-11 4.318932764221328963e-11 3.764651532474045708e-11 2.422776836425384639e-11 1.335669906402510304e-11
2.394034926612796094e-10 2.290566051130452556e-11 1.369189082819798676e-10 -1.908328163927948035e-10 -2.884026172867158244e-11 -4.552369401847641805e-11 -4.086541168310353162e-11 -4.322204863013395747e-11 -9.853640503543039829e-13 1.625977495683894020e-11 1.450580850992767541e-11 4.375810844298425910e-11 3.818889311925172749e-11 7.953035332677365475e-11 1.234918697995136873e-10 4.027008988535789873e-11 3.153978728275520850e-11 2.457797391312034867e-11 1.596872373857166537e-11 9.481972224950190952e-12
1.154451582439367090e-10 6.805673450441651835e-11 -1.198015971137027480e-11 -1.503166979353620692e-11 6.541492756601417105e-11 5.506044531109093159e-11 -2.522956021069446254e-12 -3.705221017009671668e-11 3.702352624870004378e-11 3.149520729493106660e-11 6.980980983470074618e-11 3.934244148741192079e-11 4.507729934546246300e-11 3.480430467209919039e-11 4.027008988535789873e-11 1.097899075209817250e-10 4.167404042640127491e-11 2.468180433289232670e-11 1.294316822589827640e-11 -6.989781475055189035e-12
1.622958782458343911e-10 -4.977641745416745690e-12 2.749778993793261836e-11 -1.051823898929585916e-10 6.185687928287618362e-11 3.477561924939465684e-11 2.195807846046817259e-11 -2.098252669583220481e-11 3.827523554938468127e-11 7.124640975618253834e-11 3.807586692335199494e-11 1.682414829618271999e-11 1.595746552680766318e-11 4.318932764221328963e-11 3.153978728275520850e-11 4.167404042640127491e-11 1.040067034620259329e-10 5.619972334516878123e-11 3.302341252961605958e-11 1.700564829665983597e-12
1.069595096263198009e-10 1.070907517207129382e-11 1.996930700324525304e-11 -9.826993608172257738e-11 4.676257950943219327e-11 5.160205895030432749e-11 2.407360420861303139e-11 1.019262510362484515e-11 7.688692830625788271e-12 2.376793589577456095e-11 3.153719764527404373e-11 -1.942189704189473242e-11 -3.003613198012114737e-12 3.764651532474045708e-11 2.457797391312034867e-11 2.468180433289232670e-11 5.619972334516878123e-11 8.940317110345229770e-11 4.537316924105610941e-11 -6.587781942093205233e-13
3.451069068945187062e-11 -2.418774057426371355e-11 5.991855189308164803e-11 -8.906591400629991335e-11 5.526890858874139030e-11 2.274572184496634384e-11 3.550350004221969058e-11 -6.090300613134094887e-12 9.895462984763078701e-12 2.428553710069850220e-11 3.101983434608707664e-11 4.345336268438516626e-12 2.430336576161652915e-11 2.422776836425384639e-11 1.596872373857166537e-11 1.294316822589827640e-11 3.302341252961605958e-11 4.537316924105610941e-11 5.183627501397018276e-11 2.053446903647170231e-11
-1.151699046206779042e-10 -1.333624060141583319e-10 -2.790404945996157306e-11 -1.797986252102442087e-11 -3.415871281250060056e-11 6.124402505465607070e-12 -7.110453991016590494e-12 -1.114794805598242672e-11 1.695113689424679469e-11 4.969565584961274855e-11 2.610616617927191797e-11 1.544324692356535852e-11 1.476188963710593408e-11 1.335669906402510304e-11 9.481972224950190952e-12 -6.989781475055189035e-12 1.700564829665983597e-12 -6.587781942093205233e-13 2.053446903647170231e-11 6.010125323121428487e-11
