3.335274520750602791e-08 -1.499901607159759869e-09 2.712034475038438640e-09 7.126819115716817236e-10 -3.885147494373966218e-09 5.142257213813561080e-10 1.230622426472612464e-09 -7.175191613947528653e-10 7.200161899923952599e-10 5.181735974296309486e-10 3.748926796285519415e-10 -8.379046048728369157e-10 -3.929436703600734279e-10 3.772410603846436237e-11 2.677082417427679794e-10 1.261471512743656135e-10 1.801628093032313207e-10 1.166129618302233917e-10 3.621201326097206046e-11 -1.307016654780388396e-10
-1.499901607159759869e-09 1.893757021557308046e-08 -1.264945894643952487e-10 -1.165748503238291918e-09 -2.781762201732512004e-10 -9.935073257641006361e-10 3.506522535338965925e-10 -1.449927134522576304e-10 -4.390246480433335570e-10 -7.419457828935908232e-10 -8.733091875840215747e-11 7.294152999570349475e-11 -3.383547605069743006e-11 -1.411854458776460809e-10 3.129335918185653946e-11 7.574946659244430529e-11 -1.004127642748102582e-11 6.166458610888570950e-12 -2.841367236899252951e-11 -1.425674714872746238e-10
2.712034475038438640e-09 -1.264945894643952487e-10 1.030128819509348550e-08 8.919691583611326464e-10 2.606832954890044860e-10 1.931571728945078970e-10 3.228659821619559275e-10 4.017980234162429717e-10 2.281740707285125536e-10 1.896271499880212791e-10 -3.812017656604497751e-11 -6.891913181786106622e-12 -1.477795184334119566e-10 -5.561775487790921497e-11 1.590554326353545763e-10 -1.279235300801797459e-11 2.828234236210389295e-11 2.009462004890285951e-11 6.557445667991912129e-11 -2.908068639499098528e-11
7.126819115716817236e-10 -1.165748503238291918e-09 8.919691583611326464e-10 8.119859230870015542e-09 4.313131839553287419e-10 -4.668204035952715355e-10 -1.283424065164484568e-10 3.820748922262563463e-10 1.178430964307881222e-10 2.624896293473462469e-11 -2.536381015575203387e-11 -4.655149285740313483e-11 -9.163167983606704397e-11 -3.035292288127782393e-10 -2.041495892218206589e-10 -1.489862777846574967e-11 -1.136388363854457394e-10 -1.065963895119480799e-10 -9.677718529765825294e-11 -1.985322128257904925e-11
-3.885147494373966218e-09 -2.781762201732512004e-10 2.606832954890044860e-10 4.313131839553287419e-10 4.541685448724039222e-09 -2.466821409049051291e-10 -1.522331851164065142e-10 3.702229754800161735e-11 -5.258686950063737031e-11 6.649712878189583390e-11 2.408796153529145761e-11 3.620522901553319239e-13 1.456791507860159129e-10 -5.357267025249495677e-12 -2.961746112319580674e-11 6.950411328214032913e-11 6.490294672708331653e-11 4.793679241259095022e-11 5.813228261347370251e-11 -3.707632820068197444e-11
5.142257213813561080e-10 -9.935073257641006361e-10 1.931571728945078970e-10 -4.668204035952715355e-10 -2.466821409049051291e-10 3.293781353754300027e-09 5.993322533949466003e-11 -1.205243324196071445e-11 -1.048215044500428201e-10 1.159848072397915161e-10 2.341739989194894437e-10 -4.776206661293156243e-11 -8.877810413457171995e-11 2.883675154431231052e-11 -5.002318719832780615e-11 5.835594711338358430e-11 3.698321308367729795e-11 5.443808672240515507e-11 2.423560117068345786e-11 6.501185551468517354e-12
1.230622426472612464e-09 3.506522535338965925e-10 3.228659821619559275e-10 -1.283424065164484568e-10 -1.522331851164065142e-10 5.993322533949466003e-11 2.310390367786034252e-09 1.187112832684044638e-10 3.089968422863929779e-10 2.390978222426433287e-10 1.593349610765895011e-10 8.521516079142015213e-12 -5.065909541682599493e-11 -9.906057226787675348e-11 -4.370703009832220455e-11 -3.029859727451185782e-12 2.362433915137345000e-11 2.538486017034059727e-11 3.813280066328144579e-11 -7.762406170154209216e-12
-7.175191613947528653e-10 -1.449927134522576304e-10 4.017980234162429717e-10 3.820748922262563463e-10 3.702229754800161735e-11 -1.205243324196071445e-11 1.187112832684044638e-10 1.102413244268969209e-09 1.153722688855075752e-10 -8.480498614259119358e-11 -8.081088918621763249e-11 -5.705744246491132951e-11 -7.443670908135610557e-12 -4.891516707480926398e-11 -4.740601072426791071e-11 -4.143685394026801587e-11 -2.324714549722595993e-11 9.221361072175405615e-12 -7.642683096466114864e-12 -1.210787665558749638e-11
7.200161899923952599e-10 -4.390246480433335570e-10 2.281740707285125536e-10 1.178430964307881222e-10 -5.258686950063737031e-11 -1.048215044500428201e-10 3.089968422863929779e-10 1.153722688855075752e-10 1.175127431204025469e-09 2.295454380675538388e-10 9.989523980185986133e-11 4.379310580640399452e-11 1.193464147920736889e-10 4.072973814286529926e-11 -8.956005028445610622e-13 3.929987882472176972e-11 4.070132168186890159e-11 7.364453129914853930e-12 1.019094364860296574e-11 1.792321007002264783e-11
5.181735974296309486e-10 -7.419457828935908232e-10 1.896271499880212791e-10 2.624896293473462469e-11 6.649712878189583390e-11 1.159848072397915161e-10 2.390978222426433287e-10 -8.480498614259119358e-11 2.295454380675538388e-10 7.429995000882140192e-10 2.044759506812952683e-10 6.746733429853354116e-11 -6.749884262659019767e-12 7.501647700973929414e-11 1.816401602149894121e-11 3.349446218654830113e-11 7.590208385200136696e-11 2.423221765319920399e-11 2.561826864270939980e-11 5.320969369391156673e-11
3.748926796285519415e-10 -8.733091875840215747e-11 -3.812017656604497751e-11 -2.536381015575203387e-11 2.408796153529145761e-11 2.341739989194894437e-10 1.593349610765895011e-10 -8.081088918621763249e-11 9.989523980185986133e-11 2.044759506812952683e-10 5.504806204219717311e-10 3.902128691636527996e-12 7.954664631685826926e-11 4.828724565146043278e-11 1.578996291599053453e-11 7.417659999975307164e-11 4.021808195698645523e-11 3.259149023110569539e-11 3.277197283974056952e-11 2.774644793681060271e-11
-8.379046048728369157e-10 7.294152999570349475e-11 -6.891913181786106622e-12 -4.655149285740313483e-11 3.620522901553319239e-13 -4.776206661293156243e-11 8.521516079142015213e-12 -5.705744246491132951e-11 4.379310580640399452e-11 6.746733429853354116e-11 3.902128691636527996e-12 3.880742190220769559e-10 1.090225936165336343e-10 3.982562796021033402e-11 4.691674450104743284e-11 4.191865427188882039e-11 1.784090621547680734e-11 -2.094557718265392127e-11 4.617454671806615277e-12 1.636296700616883107e-11
-3.929436703600734279e-10 -3.383547605069743006e-11 -1.477795184334119566e-10 -9.163167983606704397e-11 1.456791507860159129e-10 -8.877810413457171995e-11 -5.065909541682599493e-11 -7.443670908135610557e-12 1.193464147920736889e-10 -6.749884262659019767e-12 7.954664631685826926e-11 1.090225936165336343e-10 2.993174604195164487e-10 8.857393026519218305e-11 4.071356691407794355e-11 4.766262171340721286e-11 1.688451091627580973e-11 -3.575903026458543451e-12 2.584779485065324170e-11 1.566409734642422337e-11
3.772410603846436237e-11 -1.411854458776460809e-10 -5.561775487790921497e-11 -3.035292288127782393e-10 -5.357267025249495677e-12 2.883675154431231052e-11 -9.906057226787675348e-11 -4.891516707480926398e-11 4.072973814286529926e-11 7.501647700973929414e-11 4.828724565146043278e-11 3.982562796021033402e-11 8.857393026519218305e-11 2.132491444994383775e-10 8.529269566966357654e-11 3.714824041804514648e-11 4.600909821484881701e-11 3.996478283597505912e-11 2.583424793670796459e-11 1.418740397165642750e-11
2.677082417427679794e-10 3.129335918185653946e-11 1.590554326353545763e-10 -2.041495892218206589e-10 -2.961746112319580674e-11 -5.002318719832780615e-11 -4.370703009832220455e-11 -4.740601072426791071e-11 -8.956005028445610622e-13 1.816401602149894121e-11 1.578996291599053453e-11 4.691674450104743284e-11 4.071356691407794355e-11 8.529269566966357654e-11 1.327594150304763005e-10 4.286499664091057925e-11 3.358482417127895291e-11 2.581827368541907704e-11 1.687851564503036529e-11 1.016454306715080237e-11
1.261471512743656135e-10 7.574946659244430529e-11 -1.279235300801797459e-11 -1.489862777846574967e-11 6.950411328214032913e-11 5.835594711338358430e-11 -3.029859727451185782e-12 -4.143685394026801587e-11 3.929987882472176972e-11 3.349446218654830113e-11 7.417659999975307164e-11 4.191865427188882039e-11 4.766262171340721286e-11 3.714824041804514648e-11 4.286499664091057925e-11 1.168564538987285418e-10 4.434911799598237933e-11 2.602441927021990770e-11 1.370676929508044970e-11 -7.456727665249398246e-12
1.801628093032313207e-10 -1.004127642748102582e-11 2.828234236210389295e-11 -1.136388363854457394e-10 6.490294672708331653e-11 3.698321308367729795e-11 2.362433915137345000e-11 -2.324714549722595993e-11 4.070132168186890159e-11 7.590208385200136696e-11 4.021808195698645523e-11 1.784090621547680734e-11 1.688451091627580973e-11 4.600909821484881701e-11 3.358482417127895291e-11 4.434911799598237933e-11 1.107064815386021922e-10 5.970765714395048530e-11 3.512000473719390168e-11 1.867960101208573990e-12
1.166129618302233917e-10 6.166458610888570950e-12 2.009462004890285951e-11 -1.065963895119480799e-10 4.793679241259095022e-11 5.443808672240515507e-11 2.538486017034059727e-11 9.221361072175405615e-12 7.364453129914853930e-12 2.423221765319920399e-11 3.259149023110569539e-11 -2.094557718265392127e-11 -3.575903026458543451e-12 3.996478283597505912e-11 2.581827368541907704e-11 2.602441927021990770e-11 5.970765714395048530e-11 9.485213796659279294e-11 4.821355426477082436e-11 -6.576692353879303461e-13
3.621201326097206046e-11 -2.841367236899252951e-11 6.557445667991912129e-11 -9.677718529765825294e-11 5.813228261347370251e-11 2.423560117068345786e-11 3.813280066328144579e-11 -7.642683096466114864e-12 1.019094364860296574e-11 2.561826864270939980e-11 3.277197283974056952e-11 4.617454671806615277e-12 2.584779485065324170e-11 2.583424793670796459e-11 1.687851564503036529e-11 1.370676929508044970e-11 3.512000473719390168e-11 4.821355426477082436e-11 5.510368526327701333e-11 2.184387200343245526e-11
-1.307016654780388396e-10 -1.425674714872746238e-10 -2.908068639499098528e-11 -1.985322128257904925e-11 -3.707632820068197444e-11 6.501185551468517354e-12 -7.762406170154209216e-12 -1.210787665558749638e-11 1.792321007002264783e-11 5.320969369391156673e-11 2.774644793681060271e-11 1.636296700616883107e-11 1.566409734642422337e-11 1.418740397165642750e-11 1.016454306715080237e-11 -7.456727665249398246e-12 1.867960101208573990e-12 -6.576692353879303461e-13 2.184387200343245526e-11 6.402097735212312644e-11
