1.946014216164613561e-08 3.434616530438080979e-09 -1.018409565818492763e-10 -1.332320135319978574e-09 -7.597052978104319100e-11 -1.519263807400177330e-09 3.228101981101522486e-10 6.001965104222500803e-10 1.908943855254132125e-11 7.852201015367909524e-11 -1.005854037458328414e-10 -4.500757420353332485e-11 6.404506461600465437e-11 8.008545335434981218e-11 6.997152451187593836e-11 4.318478719898079454e-11 -7.779105535860395839e-11 8.085660694249184979e-11 -6.090337583264911093e-11 8.315694939241782366e-12
3.434616530438080979e-09 1.322198713955225813e-08 1.277575647737126569e-09 3.392627857154382555e-10 -4.721795918080782411e-11 -8.599636465094185019e-10 -3.104271454032346068e-10 1.870999138048587305e-10 1.747198305059109626e-10 -1.787117730343107846e-10 3.831145741123244577e-10 -1.435721940851754354e-11 5.720831248822523952e-11 7.173367189612014560e-11 1.525356766820240723e-10 7.893548561051122236e-11 7.374188773185761690e-11 3.126856435174871059e-11 -4.550706084600830531e-11 -4.523673934133663068e-11
-1.018409565818492763e-10 1.277575647737126569e-09 1.202710038974744174e-08 -1.683783630779981676e-09 -1.168402303953280740e-09 3.875068421899142716e-10 2.413650528858648984e-11 1.132173518154969192e-10 -1.677471525980875908e-10 -3.668828441680033205e-10 3.203304473014518346e-10 -6.974719123790622253e-11 2.128428179203932979e-10 6.886479537031865706e-11 -6.796745184599678168e-11 -8.243301073697293406e-11 -1.238932793584795377e-10 -7.598772043014492033e-11 -6.454666119053432449e-11 2.795084447124738028e-11
-1.332320135319978574e-09 3.392627857154382555e-10 -1.683783630779981676e-09 8.732478776431578368e-09 1.151487135510891229e-09 -2.771183296837553849e-10 -2.079754693510697762e-10 1.281429077882285555e-11 8.458380052618389521e-12 7.089121207910754909e-11 5.085741654813964094e-11 8.768173326418777449e-11 -2.400606033849636162e-10 1.755879851198088380e-11 7.652129709089959179e-11 1.460285696679043553e-10 1.703802947853443883e-10 7.407464762481004518e-11 7.910118789356774755e-11 -1.084482957673630068e-11
-7.597052978104319100e-11 -4.721795918080782411e-11 -1.168402303953280740e-09 1.151487135510891229e-09 4.269349279790333749e-09 -2.267990867780729259e-10 -3.183237854936832450e-11 2.188893787262219999e-10 1.498471807709168783e-10 -3.130116146118321805e-11 -1.517398571143622877e-11 3.332702880031757932e-11 -3.507746422181388352e-11 6.798673507303759068e-11 1.234670582683290503e-10 1.252674009316248787e-10 2.577799876906086210e-11 -1.117993161003221744e-11 1.484267402740017653e-11 2.831541811334612322e-11
-1.519263807400177330e-09 -8.599636465094185019e-10 3.875068421899142716e-10 -2.771183296837553849e-10 -2.267990867780729259e-10 2.379760734489539117e-09 3.204536240028923620e-12 -8.650079293413240666e-11 -9.756130038792404006e-11 -7.524854958615588023e-11 -5.914006719925829248e-11 8.461237386080170357e-11 -5.727319271615104818e-11 -6.946169721227862617e-11 -8.129984023756672858e-11 -3.492600655641021612e-11 -6.311283272001736948e-11 -6.683920332019707603e-11 -4.792076214225131766e-11 -4.488247267945979378e-11
3.228101981101522486e-10 -3.104271454032346068e-10 2.413650528858648984e-11 -2.079754693510697762e-10 -3.183237854936832450e-11 3.204536240028923620e-12 2.210506740999591941e-09 1.669398842348940957e-10 1.939211426514166370e-10 1.059721423735742995e-10 -6.440625214095277846e-12 1.487977047240106773e-10 -1.581852186264546362e-11 5.905794046588306262e-11 6.561525370023735928e-12 -1.481682953802733988e-11 1.247025999147854994e-11 4.509897677117169454e-12 -2.008915726859046262e-11 -2.717057395115855214e-11
6.001965104222500803e-10 1.870999138048587305e-10 1.132173518154969192e-10 1.281429077882285555e-11 2.188893787262219999e-10 -8.650079293413240666e-11 1.669398842348940957e-10 1.483669455796202758e-09 5.944395038129284152e-11 -1.437656033773015177e-11 2.322929375231234262e-11 5.156764346054587845e-11 -4.631027892276773501e-11 1.688859314802998519e-11 5.195545405479537789e-11 5.513527144725396597e-11 5.132135951158149455e-11 3.606915020981738518e-11 -2.635531646486357207e-11 1.346370817441580566e-11
1.908943855254132125e-11 1.747198305059109626e-10 -1.677471525980875908e-10 8.458380052618389521e-12 1.498471807709168783e-10 -9.756130038792404006e-11 1.939211426514166370e-10 5.944395038129284152e-11 8.051835511862403804e-10 2.379966466616444478e-10 5.447386653654287451e-11 2.409331735540834096e-11 1.556083712644025728e-11 -3.005882307760851881e-12 -2.716558818479030791e-11 -1.776722277826044294e-11 -2.843245006676569057e-11 1.973838049885520792e-11 9.480207937701077663e-12 -1.694867890883039235e-11
7.852201015367909524e-11 -1.787117730343107846e-10 -3.668828441680033205e-10 7.089121207910754909e-11 -3.130116146118321805e-11 -7.524854958615588023e-11 1.059721423735742995e-10 -1.437656033773015177e-11 2.379966466616444478e-10 6.660050611197119771e-10 1.303361191802429669e-10 3.363824832506887149e-11 2.695284104444478576e-11 4.526080444867617307e-11 -1.959416477521025384e-11 -1.271898250312888319e-11 -5.476715565886548085e-12 7.387159649742688667e-12 -6.083004343474201619e-12 -8.675456366569374591e-12
-1.005854037458328414e-10 3.831145741123244577e-10 3.203304473014518346e-10 5.085741654813964094e-11 -1.517398571143622877e-11 -5.914006719925829248e-11 -6.440625214095277846e-12 2.322929375231234262e-11 5.447386653654287451e-11 1.303361191802429669e-10 4.371932625228928673e-10 1.151055212763266595e-10 9.648990812358091885e-11 6.950725242457205086e-11 2.115097318068747065e-11 5.021127767673514902e-11 3.299389865682057007e-11 -1.502290467506550964e-11 6.425191067388621887e-13 -1.902475687389991968e-12
-4.500757420353332485e-11 -1.435721940851754354e-11 -6.974719123790622253e-11 8.768173326418777449e-11 3.332702880031757932e-11 8.461237386080170357e-11 1.487977047240106773e-10 5.156764346054587845e-11 2.409331735540834096e-11 3.363824832506887149e-11 1.151055212763266595e-10 3.159483997899156526e-10 5.879275095861474804e-11 6.986999595521282057e-11 2.983021900446952738e-11 1.187700669904592735e-11 4.641390840974368554e-12 -5.264031770678738153e-12 -1.327768488792077161e-11 2.837731335607963118e-12
6.404506461600465437e-11 5.720831248822523952e-11 2.128428179203932979e-10 -2.400606033849636162e-10 -3.507746422181388352e-11 -5.727319271615104818e-11 -1.581852186264546362e-11 -4.631027892276773501e-11 1.556083712644025728e-11 2.695284104444478576e-11 9.648990812358091885e-11 5.879275095861474804e-11 2.304451442073517984e-10 9.224056452482373772e-11 1.865376061165879511e-11 2.730919660257532551e-11 -7.620779456631216824e-13 1.022459891137246685e-11 9.674769808111382633e-12 1.887949577391366716e-11
8.008545335434981218e-11 7.173367189612014560e-11 6.886479537031865706e-11 1.755879851198088380e-11 6.798673507303759068e-11 -6.946169721227862617e-11 5.905794046588306262e-11 1.688859314802998519e-11 -3.005882307760851881e-12 4.526080444867617307e-11 6.950725242457205086e-11 6.986999595521282057e-11 9.224056452482373772e-11 1.744229249240895889e-10 6.099822222308989117e-11 3.267988296750697633e-11 2.083243019379617250e-11 1.449407048413469255e-11 1.522321560488780228e-11 8.135944475414662575e-13
6.997152451187593836e-11 1.525356766820240723e-10 -6.796745184599678168e-11 7.652129709089959179e-11 1.234670582683290503e-10 -8.129984023756672858e-11 6.561525370023735928e-12 5.195545405479537789e-11 -2.716558818479030791e-11 -1.959416477521025384e-11 2.115097318068747065e-11 2.983021900446952738e-11 1.865376061165879511e-11 6.099822222308989117e-11 1.467736051883412006e-10 7.192376948053950688e-11 3.210441927159692425e-11 1.824841863310127355e-11 1.812394912560789256e-11 5.954058488093685369e-13
4.318478719898079454e-11 7.893548561051122236e-11 -8.243301073697293406e-11 1.460285696679043553e-10 1.252674009316248787e-10 -3.492600655641021612e-11 -1.481682953802733988e-11 5.513527144725396597e-11 -1.776722277826044294e-11 -1.271898250312888319e-11 5.021127767673514902e-11 1.187700669904592735e-11 2.730919660257532551e-11 3.267988296750697633e-11 7.192376948053950688e-11 1.337404737069453384e-10 5.307819797544576977e-11 2.467629716191426581e-11 2.371979574895367785e-11 1.219360000593195700e-11
-7.779105535860395839e-11 7.374188773185761690e-11 -1.238932793584795377e-10 1.703802947853443883e-10 2.577799876906086210e-11 -6.311283272001736948e-11 1.247025999147854994e-11 5.132135951158149455e-11 -2.843245006676569057e-11 -5.476715565886548085e-12 3.299389865682057007e-11 4.641390840974368554e-12 -7.620779456631216824e-13 2.083243019379617250e-11 3.210441927159692425e-11 5.307819797544576977e-11 1.051954848011461108e-10 3.134229606985518863e-11 1.722590478405482332e-11 6.040169305232751118e-13
8.085660694249184979e-11 3.126856435174871059e-11 -7.598772043014492033e-11 7.407464762481004518e-11 -1.117993161003221744e-11 -6.683920332019707603e-11 4.509897677117169454e-12 3.606915020981738518e-11 1.973838049885520792e-11 7.387159649742688667e-12 -1.502290467506550964e-11 -5.264031770678738153e-12 1.022459891137246685e-11 1.449407048413469255e-11 1.824841863310127355e-11 2.467629716191426581e-11 3.134229606985518863e-11 5.616886915053199332e-11 2.325729855472762663e-11 7.613643962704600908e-12
-6.090337583264911093e-11 -4.550706084600830531e-11 -6.454666119053432449e-11 7.910118789356774755e-11 1.484267402740017653e-11 -4.792076214225131766e-11 -2.008915726859046262e-11 -2.635531646486357207e-11 9.480207937701077663e-12 -6.083004343474201619e-12 6.425191067388621887e-13 -1.327768488792077161e-11 9.674769808111382633e-12 1.522321560488780228e-11 1.812394912560789256e-11 2.371979574895367785e-11 1.722590478405482332e-11 2.325729855472762663e-11 6.173539036355033778e-11 2.537681086949132497e-11
8.315694939241782366e-12 -4.523673934133663068e-11 2.795084447124738028e-11 -1.084482957673630068e-11 2.831541811334612322e-11 -4.488247267945979378e-11 -2.717057395115855214e-11 1.346370817441580566e-11 -1.694867890883039235e-11 -8.675456366569374591e-12 -1.902475687389991968e-12 2.837731335607963118e-12 1.887949577391366716e-11 8.135944475414662575e-13 5.954058488093685369e-13 1.219360000593195700e-11 6.040169305232751118e-13 7.613643962704600908e-12 2.537681086949132497e-11 5.567192020384985069e-11
