1.801145814184310373e-08 3.258094434974825868e-09 -1.029699018229863370e-10 -1.255689698203657918e-09 -7.254355001866938545e-11 -1.423742102851453218e-09 2.998906600640299098e-10 5.602839756070405321e-10 1.586097917559653421e-11 7.546214652488744641e-11 -9.174777350170769230e-11 -4.118840071958031473e-11 6.063448041584282525e-11 7.529595938419804710e-11 6.619851259531660909e-11 3.890481877793216455e-11 -7.168830123252630727e-11 7.478477787021629691e-11 -5.667769477283989833e-11 8.035050472432103868e-12
3.258094434974825868e-09 1.252297736667688686e-08 1.145802634086261518e-09 3.416274677227538735e-10 -4.538805407616350040e-11 -7.961255998894128421e-10 -2.946759937082592511e-10 1.834004291976122238e-10 1.764448285940296583e-10 -1.653179645244349301e-10 3.637008597981914023e-10 -9.468286609874549638e-12 5.212149991088764197e-11 6.543794017983397227e-11 1.395221923268681985e-10 7.374854766201354216e-11 6.785454082929999204e-11 2.852781380925576207e-11 -4.301624500178730561e-11 -4.262854207278997860e-11
-1.029699018229863370e-10 1.145802634086261518e-09 1.130659495076725372e-08 -1.578749774305726925e-09 -1.128740582757434563e-09 3.651808171233741168e-10 2.056265670228096676e-11 1.044121136037863126e-10 -1.521885044549731271e-10 -3.413735638429089363e-10 3.026465777174257569e-10 -6.594516382312363597e-11 1.990688791037132975e-10 6.371027444618369950e-11 -6.497919456674158642e-11 -7.737536625313463402e-11 -1.152141787471353433e-10 -7.076546462030995045e-11 -6.155435206374622324e-11 2.522118734239612927e-11
-1.255689698203657918e-09 3.416274677227538735e-10 -1.578749774305726925e-09 8.225561847755953759e-09 1.094405347252185739e-09 -2.642489160363959596e-10 -1.946100652094328440e-10 1.011848025478511348e-11 5.985251448374381480e-12 6.370617694549212146e-11 4.736889361222635123e-11 8.320109632478169507e-11 -2.262903286402397167e-10 1.680578876517168969e-11 7.280975867356713151e-11 1.375982314144473058e-10 1.602742400079726748e-10 6.994460103700091934e-11 7.561348672170087422e-11 -9.537975300069009228e-12
-7.254355001866938545e-11 -4.538805407616350040e-11 -1.128740582757434563e-09 1.094405347252185739e-09 4.096598620119346604e-09 -2.131534649325560473e-10 -2.971941450210157175e-11 2.096478548324339945e-10 1.439978519724150464e-10 -2.964124576446769659e-11 -1.528891487209998001e-11 3.248599896911526640e-11 -3.398240013207518309e-11 6.425612291964693613e-11 1.170065100071384976e-10 1.194594134970993694e-10 2.463096506799212463e-11 -1.084837926301381592e-11 1.334736123210412325e-11 2.636704726720475740e-11
-1.423742102851453218e-09 -7.961255998894128421e-10 3.651808171233741168e-10 -2.642489160363959596e-10 -2.131534649325560473e-10 2.257654000900346793e-09 4.672896742115926863e-12 -7.929803351080969229e-11 -9.012633311028083023e-11 -7.143721790888835377e-11 -5.759258300926543408e-11 8.086749576933151269e-11 -5.427910642266096192e-11 -6.584630300767829349e-11 -7.712857985830422331e-11 -3.292313160035568706e-11 -5.963185235915493447e-11 -6.293836170470869877e-11 -4.512456795452411277e-11 -4.213132854061406594e-11
2.998906600640299098e-10 -2.946759937082592511e-10 2.056265670228096676e-11 -1.946100652094328440e-10 -2.971941450210157175e-11 4.672896742115926863e-12 2.101284931042201918e-09 1.575704736031713527e-10 1.845133547683316252e-10 1.011657710303613990e-10 -6.333407700992130499e-12 1.410833329877885884e-10 -1.492029868222884506e-11 5.600941326248943649e-11 6.110073596784210255e-12 -1.408506625030550282e-11 1.189050691223049444e-11 4.261462460721869964e-12 -1.865083040041986144e-11 -2.543250982185304320e-11
5.602839756070405321e-10 1.834004291976122238e-10 1.044121136037863126e-10 1.011848025478511348e-11 2.096478548324339945e-10 -7.929803351080969229e-11 1.575704736031713527e-10 1.405198501169693361e-09 5.687959403370934173e-11 -1.381906731606878318e-11 2.120266600499211202e-11 4.932166963942979177e-11 -4.393457190666900450e-11 1.574177271028547173e-11 4.872990439990314142e-11 5.214795704457922431e-11 4.826425667411650554e-11 3.389762100893118265e-11 -2.530598207393797680e-11 1.235503871361950484e-11
1.586097917559653421e-11 1.764448285940296583e-10 -1.521885044549731271e-10 5.985251448374381480e-12 1.439978519724150464e-10 -9.012633311028083023e-11 1.845133547683316252e-10 5.687959403370934173e-11 7.573546329016202623e-10 2.234064834275308324e-10 5.125242168309617927e-11 2.300303053367159152e-11 1.474853632280040233e-11 -2.844399822390392768e-12 -2.536279906820789842e-11 -1.668996473534793657e-11 -2.679247579864331369e-11 1.853130236569505758e-11 8.989825412746931237e-12 -1.596769100430418177e-11
7.546214652488744641e-11 -1.653179645244349301e-10 -3.413735638429089363e-10 6.370617694549212146e-11 -2.964124576446769659e-11 -7.143721790888835377e-11 1.011657710303613990e-10 -1.381906731606878318e-11 2.234064834275308324e-10 6.267474233315217362e-10 1.231241345572871972e-10 3.147833332042860970e-11 2.551455388602057938e-11 4.257324889893301409e-11 -1.813808066173144397e-11 -1.194652231473070900e-11 -5.211179777275373418e-12 6.997016864731941515e-12 -5.398587001324580921e-12 -8.022298766830578434e-12
-9.174777350170769230e-11 3.637008597981914023e-10 3.026465777174257569e-10 4.736889361222635123e-11 -1.528891487209998001e-11 -5.759258300926543408e-11 -6.333407700992130499e-12 2.120266600499211202e-11 5.125242168309617927e-11 1.231241345572871972e-10 4.144887133586498054e-10 1.086103606779333465e-10 9.126271136798162026e-11 6.571205139494745166e-11 2.010805895137964159e-11 4.741961448076511998e-11 3.124122472125654440e-11 -1.411512775614181178e-11 7.163111061722800975e-13 -1.711015793048759967e-12
-4.118840071958031473e-11 -9.468286609874549638e-12 -6.594516382312363597e-11 8.320109632478169507e-11 3.248599896911526640e-11 8.086749576933151269e-11 1.410833329877885884e-10 4.932166963942979177e-11 2.300303053367159152e-11 3.147833332042860970e-11 1.086103606779333465e-10 2.989419613902508802e-10 5.555025279691223364e-11 6.592691896836614212e-11 2.807613412693075123e-11 1.117184972983761005e-11 4.312597269755157185e-12 -4.960914250165653562e-12 -1.259102842971767136e-11 2.687204482945763535e-12
6.063448041584282525e-11 5.212149991088764197e-11 1.990688791037132975e-10 -2.262903286402397167e-10 -3.398240013207518309e-11 -5.427910642266096192e-11 -1.492029868222884506e-11 -4.393457190666900450e-11 1.474853632280040233e-11 2.551455388602057938e-11 9.126271136798162026e-11 5.555025279691223364e-11 2.179692745849212851e-10 8.701002481819156929e-11 1.761789177720108397e-11 2.579007998622418891e-11 -7.312373041038881627e-13 9.647680032031563057e-12 9.035094674721705320e-12 1.769188334398800835e-11
7.529595938419804710e-11 6.543794017983397227e-11 6.371027444618369950e-11 1.680578876517168969e-11 6.425612291964693613e-11 -6.584630300767829349e-11 5.600941326248943649e-11 1.574177271028547173e-11 -2.844399822390392768e-12 4.257324889893301409e-11 6.571205139494745166e-11 6.592691896836614212e-11 8.701002481819156929e-11 1.642721694314151924e-10 5.748926513296538243e-11 3.070571124547436638e-11 1.950237656813040071e-11 1.358981803309862893e-11 1.423476508407842912e-11 6.919062914807483396e-13
6.619851259531660909e-11 1.395221923268681985e-10 -6.497919456674158642e-11 7.280975867356713151e-11 1.170065100071384976e-10 -7.712857985830422331e-11 6.110073596784210255e-12 4.872990439990314142e-11 -2.536279906820789842e-11 -1.813808066173144397e-11 2.010805895137964159e-11 2.807613412693075123e-11 1.761789177720108397e-11 5.748926513296538243e-11 1.384051578255892780e-10 6.772402021792017060e-11 3.025889689603783765e-11 1.721847649465949170e-11 1.704714506272703977e-11 5.474944194515916833e-13
3.890481877793216455e-11 7.374854766201354216e-11 -7.737536625313463402e-11 1.375982314144473058e-10 1.194594134970993694e-10 -3.292313160035568706e-11 -1.408506625030550282e-11 5.214795704457922431e-11 -1.668996473534793657e-11 -1.194652231473070900e-11 4.741961448076511998e-11 1.117184972983761005e-11 2.579007998622418891e-11 3.070571124547436638e-11 6.772402021792017060e-11 1.259592362176412702e-10 4.996422447627980137e-11 2.325045329935582385e-11 2.230455704124588815e-11 1.144420949936806782e-11
-7.168830123252630727e-11 6.785454082929999204e-11 -1.152141787471353433e-10 1.602742400079726748e-10 2.463096506799212463e-11 -5.963185235915493447e-11 1.189050691223049444e-11 4.826425667411650554e-11 -2.679247579864331369e-11 -5.211179777275373418e-12 3.124122472125654440e-11 4.312597269755157185e-12 -7.312373041038881627e-13 1.950237656813040071e-11 3.025889689603783765e-11 4.996422447627980137e-11 9.889673485162278253e-11 2.945898004510364510e-11 1.617312559838147780e-11 5.161650381312553051e-13
7.478477787021629691e-11 2.852781380925576207e-11 -7.076546462030995045e-11 6.994460103700091934e-11 -1.084837926301381592e-11 -6.293836170470869877e-11 4.261462460721869964e-12 3.389762100893118265e-11 1.853130236569505758e-11 6.997016864731941515e-12 -1.411512775614181178e-11 -4.960914250165653562e-12 9.647680032031563057e-12 1.358981803309862893e-11 1.721847649465949170e-11 2.325045329935582385e-11 2.945898004510364510e-11 5.285071477733080777e-11 2.188280073161623324e-11 7.113943712028637914e-12
-5.667769477283989833e-11 -4.301624500178730561e-11 -6.155435206374622324e-11 7.561348672170087422e-11 1.334736123210412325e-11 -4.512456795452411277e-11 -1.865083040041986144e-11 -2.530598207393797680e-11 8.989825412746931237e-12 -5.398587001324580921e-12 7.163111061722800975e-13 -1.259102842971767136e-11 9.035094674721705320e-12 1.423476508407842912e-11 1.704714506272703977e-11 2.230455704124588815e-11 1.617312559838147780e-11 2.188280073161623324e-11 5.800894985924279483e-11 2.376552648367260663e-11
8.035050472432103868e-12 -4.262854207278997860e-11 2.522118734239612927e-11 -9.537975300069009228e-12 2.636704726720475740e-11 -4.213132854061406594e-11 -2.543250982185304320e-11 1.235503871361950484e-11 -1.596769100430418177e-11 -8.022298766830578434e-12 -1.711015793048759967e-12 2.687204482945763535e-12 1.769188334398800835e-11 6.919062914807483396e-13 5.474944194515916833e-13 1.144420949936806782e-11 5.161650381312553051e-13 7.113943712028637914e-12 2.376552648367260663e-11 5.207396291702438921e-11
