2.088910590846061088e-06 1.544536230720884669e-06 1.287021793902753619e-06 1.285221038169932038e-06 1.136417291336542046e-06 1.185995997084597141e-06 9.846212978790136604e-07 9.363756781094829424e-07 9.425111162166754340e-07 9.499701379781682553e-07 8.363462810362558726e-07 8.076202646044477203e-07 6.837841083275296131e-07 5.848816018250128081e-07 4.911022365598163651e-07 3.593273402840983061e-07 2.443998293109386016e-07 2.140866832351617222e-07 1.928178500744344082e-07 9.439329167982872325e-08
1.544536230720884669e-06 1.809677266595713532e-06 1.351076929230214161e-06 1.283696838571021813e-06 1.118000148968874441e-06 1.150653567545667590e-06 9.791174057733961433e-07 9.909877014030204801e-07 9.526594861115561420e-07 9.659745466799365740e-07 8.694135455771815872e-07 8.585937477522342911e-07 7.846265341169306542e-07 7.196662960607951499e-07 6.220384719318245873e-07 4.629166947432646783e-07 2.615519543214978174e-07 1.955814319998852683e-07 1.402220665134756585e-07 -6.971394247739867079e-09
1.287021793902753619e-06 1.351076929230214161e-06 1.385448299931135780e-06 1.243723655425638284e-06 1.082299805306960536e-06 1.144079701982028544e-06 1.008278266063582829e-06 9.699577436771348172e-07 9.196671683246534081e-07 9.077357654030416135e-07 8.069590123683323139e-07 7.793258241696268941e-07 6.708500957018892218e-07 6.040831142246127163e-07 4.879354946277246029e-07 3.305992372964783604e-07 1.569445080757435081e-07 4.992442774129462627e-08 5.548615683753842403e-09 -5.217496224957789078e-08
1.285221038169932038e-06 1.283696838571021813e-06 1.243723655425638284e-06 1.457976477746364738e-06 1.199959224815058139e-06 1.206265451166130825e-06 1.082100566812721042e-06 1.032443985120825282e-06 9.839177427812341576e-07 9.724928698410076574e-07 8.565839156649082361e-07 8.130073828806472163e-07 6.870075084621923904e-07 6.290875322583260150e-07 5.201623473633660278e-07 3.654559871119827248e-07 2.057194851368855566e-07 8.459953221220171106e-08 4.831116182039575621e-08 -2.925380547694470051e-08
1.136417291336542046e-06 1.118000148968874441e-06 1.082299805306960536e-06 1.199959224815058139e-06 1.224760019987705459e-06 1.161738355167580109e-06 1.022686056041691591e-06 9.793082831409979161e-07 9.289290399205452447e-07 9.212042666382033072e-07 8.276543884009489339e-07 7.642480731149335057e-07 6.478111958147201448e-07 5.765664693449974028e-07 4.641300056470669766e-07 3.256481437372918298e-07 2.138038806082730352e-07 1.467439549373290935e-07 8.804561772567925827e-08 1.955383445847036944e-09
1.185995997084597141e-06 1.150653567545667590e-06 1.144079701982028544e-06 1.206265451166130825e-06 1.161738355167580109e-06 1.300309402641790594e-06 1.134821415589541910e-06 1.033605534994776353e-06 9.833259709063383268e-07 9.896750115718852129e-07 8.666376541461662255e-07 8.124812399510949431e-07 6.900325697369171227e-07 5.988260422324907562e-07 4.855448572098170840e-07 3.206889904461163026e-07 1.823641410758029765e-07 7.941139969202352270e-08 3.721723674953986940e-08 -2.380871159291859846e-08
9.846212978790136604e-07 9.791174057733961433e-07 1.008278266063582829e-06 1.082100566812721042e-06 1.022686056041691591e-06 1.134821415589541910e-06 1.126842802953715897e-06 1.014242735691594437e-06 9.744790832648176350e-07 9.710452443141087310e-07 8.577988193800725995e-07 7.992976604968056808e-07 6.774579850934456564e-07 5.774948831822659754e-07 4.754235182562542618e-07 3.238016851866513320e-07 1.857008888980854432e-07 7.416136614674032099e-08 2.696210692092780134e-08 -6.031507573099643658e-08
9.363756781094829424e-07 9.909877014030204801e-07 9.699577436771348172e-07 1.032443985120825282e-06 9.793082831409979161e-07 1.033605534994776353e-06 1.014242735691594437e-06 1.077811953148101519e-06 1.027250903798436110e-06 1.009465232374739143e-06 9.320269647755507915e-07 8.749413575934186541e-07 7.511408422157976560e-07 6.611487642300981717e-07 5.577260488696475783e-07 4.053376639900431791e-07 2.523518958384303731e-07 1.402706500842994719e-07 6.096039432586382965e-08 -5.698120105317956107e-08
9.425111162166754340e-07 9.526594861115561420e-07 9.196671683246534081e-07 9.839177427812341576e-07 9.289290399205452447e-07 9.833259709063383268e-07 9.744790832648176350e-07 1.027250903798436110e-06 1.093079021051186400e-06 1.069641338261754063e-06 1.002264089494143337e-06 9.469644623453495636e-07 8.155534698579427890e-07 7.126191960521858386e-07 6.003723963004857104e-07 4.204750983807704493e-07 2.462459243169188156e-07 1.450954969042529238e-07 8.288439289961467023e-08 -4.447412530052445267e-08
9.499701379781682553e-07 9.659745466799365740e-07 9.077357654030416135e-07 9.724928698410076574e-07 9.212042666382033072e-07 9.896750115718852129e-07 9.710452443141087310e-07 1.009465232374739143e-06 1.069641338261754063e-06 1.131457718621540947e-06 1.060934166073716784e-06 1.007805350130723061e-06 8.762188877250674883e-07 7.672869979268264116e-07 6.571043660427462422e-07 4.692944231923420638e-07 2.822495702313231144e-07 1.815577307276549197e-07 9.749204675646474861e-08 -7.139138804229234026e-08
8.363462810362558726e-07 8.694135455771815872e-07 8.069590123683323139e-07 8.565839156649082361e-07 8.276543884009489339e-07 8.666376541461662255e-07 8.577988193800725995e-07 9.320269647755507915e-07 1.002264089494143337e-06 1.060934166073716784e-06 1.115919805755380948e-06 1.073469619037954260e-06 9.507161815941255283e-07 8.621294547781039299e-07 7.434293742482989068e-07 5.377414903873529328e-07 3.317113939969049661e-07 2.228527306874901528e-07 1.254958780388311485e-07 -6.304869129466903949e-08
8.076202646044477203e-07 8.585937477522342911e-07 7.793258241696268941e-07 8.130073828806472163e-07 7.642480731149335057e-07 8.124812399510949431e-07 7.992976604968056808e-07 8.749413575934186541e-07 9.469644623453495636e-07 1.007805350130723061e-06 1.073469619037954260e-06 1.115881982109263915e-06 1.018405880307540731e-06 9.427108355842602590e-07 8.213469001644500279e-07 5.938843926961570748e-07 3.839923936435642359e-07 2.704663748008639224e-07 1.612940676558563866e-07 -3.563199860013634642e-08
6.837841083275296131e-07 7.846265341169306542e-07 6.708500957018892218e-07 6.870075084621923904e-07 6.478111958147201448e-07 6.900325697369171227e-07 6.774579850934456564e-07 7.511408422157976560e-07 8.155534698579427890e-07 8.762188877250674883e-07 9.507161815941255283e-07 1.018405880307540731e-06 1.009754792383056851e-06 9.648041910571826842e-07 8.603484951004863686e-07 6.547684988332912509e-07 4.508422182600773683e-07 3.329107606187759234e-07 2.000325252651178708e-07 1.207009102480969836e-08
5.848816018250128081e-07 7.196662960607951499e-07 6.040831142246127163e-07 6.290875322583260150e-07 5.765664693449974028e-07 5.988260422324907562e-07 5.774948831822659754e-07 6.611487642300981717e-07 7.126191960521858386e-07 7.672869979268264116e-07 8.621294547781039299e-07 9.427108355842602590e-07 9.648041910571826842e-07 1.016256913704056321e-06 9.407940272217704761e-07 7.441389218088291624e-07 5.287466504464030300e-07 3.976000352414658872e-07 2.475965964878657325e-07 6.257802722377089605e-08
4.911022365598163651e-07 6.220384719318245873e-07 4.879354946277246029e-07 5.201623473633660278e-07 4.641300056470669766e-07 4.855448572098170840e-07 4.754235182562542618e-07 5.577260488696475783e-07 6.003723963004857104e-07 6.571043660427462422e-07 7.434293742482989068e-07 8.213469001644500279e-07 8.603484951004863686e-07 9.407940272217704761e-07 9.747405992886550187e-07 8.436827976855648860e-07 6.530158685846246813e-07 5.043772420256852368e-07 3.135515806401222396e-07 1.159848552008967129e-07
3.593273402840983061e-07 4.629166947432646783e-07 3.305992372964783604e-07 3.654559871119827248e-07 3.256481437372918298e-07 3.206889904461163026e-07 3.238016851866513320e-07 4.053376639900431791e-07 4.204750983807704493e-07 4.692944231923420638e-07 5.377414903873529328e-07 5.938843926961570748e-07 6.547684988332912509e-07 7.441389218088291624e-07 8.436827976855648860e-07 8.436439728801770402e-07 7.329372494761815119e-07 5.907618339812630617e-07 3.718821179859013208e-07 1.684027310864536680e-07
2.443998293109386016e-07 2.615519543214978174e-07 1.569445080757435081e-07 2.057194851368855566e-07 2.138038806082730352e-07 1.823641410758029765e-07 1.857008888980854432e-07 2.523518958384303731e-07 2.462459243169188156e-07 2.822495702313231144e-07 3.317113939969049661e-07 3.839923936435642359e-07 4.508422182600773683e-07 5.287466504464030300e-07 6.530158685846246813e-07 7.329372494761815119e-07 7.681309622427798447e-07 6.820241455739906224e-07 4.710208958756917868e-07 2.642584620784248662e-07
2.140866832351617222e-07 1.955814319998852683e-07 4.992442774129462627e-08 8.459953221220171106e-08 1.467439549373290935e-07 7.941139969202352270e-08 7.416136614674032099e-08 1.402706500842994719e-07 1.450954969042529238e-07 1.815577307276549197e-07 2.228527306874901528e-07 2.704663748008639224e-07 3.329107606187759234e-07 3.976000352414658872e-07 5.043772420256852368e-07 5.907618339812630617e-07 6.820241455739906224e-07 7.674361837916830691e-07 6.503789329109254579e-07 4.162385443121468208e-07
1.928178500744344082e-07 1.402220665134756585e-07 5.548615683753842403e-09 4.831116182039575621e-08 8.804561772567925827e-08 3.721723674953986940e-08 2.696210692092780134e-08 6.096039432586382965e-08 8.288439289961467023e-08 9.749204675646474861e-08 1.254958780388311485e-07 1.612940676558563866e-07 2.000325252651178708e-07 2.475965964878657325e-07 3.135515806401222396e-07 3.718821179859013208e-07 4.710208958756917868e-07 6.503789329109254579e-07 7.392722652444235718e-07 5.928337048741938377e-07
9.439329167982872325e-08 -6.971394247739867079e-09 -5.217496224957789078e-08 -2.925380547694470051e-08 1.955383445847036944e-09 -2.380871159291859846e-08 -6.031507573099643658e-08 -5.698120105317956107e-08 -4.447412530052445267e-08 -7.139138804229234026e-08 -6.304869129466903949e-08 -3.563199860013634642e-08 1.207009102480969836e-08 6.257802722377089605e-08 1.159848552008967129e-07 1.684027310864536680e-07 2.642584620784248662e-07 4.162385443121468208e-07 5.928337048741938377e-07 8.044998229922556611e-07
