1.771268888083940629e-08 3.300718826407050135e-09 -8.765097513392748469e-11 -1.247053067977397588e-09 -5.698982973213732101e-11 -1.394915066887778582e-09 2.902895907433873417e-10 5.571882441522559411e-10 1.443010370260975866e-11 7.288236947837205657e-11 -9.094716770732257435e-11 -4.082163276619140939e-11 5.988243333417298632e-11 7.460437065904788963e-11 6.651764489608512308e-11 4.065749015243309235e-11 -7.060569029477740052e-11 7.552658169484900177e-11 -5.549597431805987462e-11 9.088276246119126636e-12
3.300718826407050135e-09 1.254242315038375304e-08 1.182285964582596158e-09 3.255058897195849853e-10 -6.554718587441734896e-11 -8.003605130613477934e-10 -2.845412681634001360e-10 1.734194086370555024e-10 1.671988257926536692e-10 -1.745706426935284593e-10 3.548474193725295365e-10 -9.094706037317865838e-12 5.317915992936759413e-11 6.584396339115899912e-11 1.400406733072602801e-10 7.110040717373614430e-11 6.722244484105610564e-11 2.986337622750113625e-11 -4.326505567407221289e-11 -4.195835669664015499e-11
-8.765097513392748469e-11 1.182285964582596158e-09 1.121744630381569693e-08 -1.575176998220780420e-09 -1.106753462520296940e-09 3.663585026770219893e-10 2.714078287465101686e-11 1.044060255136421092e-10 -1.532934478076763924e-10 -3.459575338056643565e-10 2.956629077311521242e-10 -6.543834038048388257e-11 1.995747807964123973e-10 6.285376349941215828e-11 -6.546700108505306470e-11 -7.864282216977985457e-11 -1.169177347972242076e-10 -7.166545286949067600e-11 -6.135389369841855559e-11 2.555083645655665821e-11
-1.247053067977397588e-09 3.255058897195849853e-10 -1.575176998220780420e-09 8.184337621364740926e-09 1.089420005436729928e-09 -2.611389020082215439e-10 -1.959404094575666601e-10 1.164757530322810874e-11 5.635638699216620845e-12 6.605585159757965540e-11 4.836962092577498762e-11 8.278974710644252715e-11 -2.258805420175291098e-10 1.660316214154349767e-11 7.226201215648419552e-11 1.374975968099114322e-10 1.599573444866335090e-10 6.995516819723237570e-11 7.517970286450916847e-11 -9.473074079376441846e-12
-5.698982973213732101e-11 -6.554718587441734896e-11 -1.106753462520296940e-09 1.089420005436729928e-09 4.069911818497109505e-09 -2.136614954080455392e-10 -2.659248040613142381e-11 2.095007090836825434e-10 1.437840277523022314e-10 -3.048917728658318499e-11 -1.592336578646984815e-11 3.130256835346732366e-11 -3.384081741782638490e-11 6.383678905967066115e-11 1.164039103723877955e-10 1.181230731129730048e-10 2.424579116123120197e-11 -1.097897013310730835e-11 1.345207228044956054e-11 2.615905190661242566e-11
-1.394915066887778582e-09 -8.003605130613477934e-10 3.663585026770219893e-10 -2.611389020082215439e-10 -2.136614954080455392e-10 2.238394905586882570e-09 6.317648441977628571e-12 -7.958663687746085389e-11 -8.962888985109144755e-11 -7.178706117558204348e-11 -5.770354096448259043e-11 7.958867736759222583e-11 -5.425133403070007285e-11 -6.566299385723104862e-11 -7.674348259558497392e-11 -3.338794678707075777e-11 -5.973916781493708183e-11 -6.299403040966556078e-11 -4.524375562781683046e-11 -4.220338170752283045e-11
2.902895907433873417e-10 -2.845412681634001360e-10 2.714078287465101686e-11 -1.959404094575666601e-10 -2.659248040613142381e-11 6.317648441977628571e-12 2.082939558499322677e-09 1.586666133301504874e-10 1.823644473851423428e-10 9.858018221034955999e-11 -6.965863027223428464e-12 1.402744195970260815e-10 -1.480201940846604739e-11 5.543408163532158163e-11 6.027976062249075970e-12 -1.426752015372116838e-11 1.133405771639666588e-11 4.158509657327353293e-12 -1.874083868062192171e-11 -2.532539619013066551e-11
5.571882441522559411e-10 1.734194086370555024e-10 1.044060255136421092e-10 1.164757530322810874e-11 2.095007090836825434e-10 -7.958663687746085389e-11 1.586666133301504874e-10 1.392250353781970607e-09 5.675464344193395643e-11 -1.508519057699060347e-11 2.036306602450407586e-11 4.869413730409388084e-11 -4.389190596767122079e-11 1.551013620235806354e-11 4.853631282998946422e-11 5.135324470878748668e-11 4.766139621024710523e-11 3.336127467468399272e-11 -2.512869926895364348e-11 1.212732007906963744e-11
1.443010370260975866e-11 1.671988257926536692e-10 -1.532934478076763924e-10 5.635638699216620845e-12 1.437840277523022314e-10 -8.962888985109144755e-11 1.823644473851423428e-10 5.675464344193395643e-11 7.534439665265209971e-10 2.223463833156400235e-10 5.116622946784886030e-11 2.334574942754653694e-11 1.470177654577954803e-11 -3.101547184469303777e-12 -2.530237990431763381e-11 -1.645382130329566629e-11 -2.673768267086949982e-11 1.847395073165107221e-11 8.879194669667049184e-12 -1.596103442530133692e-11
7.288236947837205657e-11 -1.745706426935284593e-10 -3.459575338056643565e-10 6.605585159757965540e-11 -3.048917728658318499e-11 -7.178706117558204348e-11 9.858018221034955999e-11 -1.508519057699060347e-11 2.223463833156400235e-10 6.260939313957306827e-10 1.232322348693969458e-10 3.148940644370182499e-11 2.543769762400523412e-11 4.259689206668528736e-11 -1.815141840925013592e-11 -1.154029897617035255e-11 -4.945145586304273331e-12 7.139429600747248000e-12 -5.476862783079897938e-12 -7.891374482737894045e-12
-9.094716770732257435e-11 3.548474193725295365e-10 2.956629077311521242e-10 4.836962092577498762e-11 -1.592336578646984815e-11 -5.770354096448259043e-11 -6.965863027223428464e-12 2.036306602450407586e-11 5.116622946784886030e-11 1.232322348693969458e-10 4.110966482698055180e-10 1.079100787289572949e-10 9.072826293599770658e-11 6.549070646567302779e-11 1.997277990666827005e-11 4.729287951630545899e-11 3.111534456100355149e-11 -1.396325625803405983e-11 7.062215014926972475e-13 -1.628841272121712859e-12
-4.082163276619140939e-11 -9.094706037317865838e-12 -6.543834038048388257e-11 8.278974710644252715e-11 3.130256835346732366e-11 7.958867736759222583e-11 1.402744195970260815e-10 4.869413730409388084e-11 2.334574942754653694e-11 3.148940644370182499e-11 1.079100787289572949e-10 2.975016929459746839e-10 5.525930665014659557e-11 6.567820468842245750e-11 2.790452290040656451e-11 1.092962131696510841e-11 4.260017313193726573e-12 -5.015833086922677823e-12 -1.252521417156000957e-11 2.616562127770893822e-12
5.988243333417298632e-11 5.317915992936759413e-11 1.995747807964123973e-10 -2.258805420175291098e-10 -3.384081741782638490e-11 -5.425133403070007285e-11 -1.480201940846604739e-11 -4.389190596767122079e-11 1.470177654577954803e-11 2.543769762400523412e-11 9.072826293599770658e-11 5.525930665014659557e-11 2.170073761863288108e-10 8.681430407881127273e-11 1.751787701023012104e-11 2.570218253765738009e-11 -7.352380223219174197e-13 9.627150267707881456e-12 9.025415128252044968e-12 1.766320014047578850e-11
7.460437065904788963e-11 6.584396339115899912e-11 6.285376349941215828e-11 1.660316214154349767e-11 6.383678905967066115e-11 -6.566299385723104862e-11 5.543408163532158163e-11 1.551013620235806354e-11 -3.101547184469303777e-12 4.259689206668528736e-11 6.549070646567302779e-11 6.567820468842245750e-11 8.681430407881127273e-11 1.642035639141050755e-10 5.734587886376706919e-11 3.074058242842725288e-11 1.958235604794570010e-11 1.361080170020845062e-11 1.428942704936421511e-11 8.095268586416894321e-13
6.651764489608512308e-11 1.400406733072602801e-10 -6.546700108505306470e-11 7.226201215648419552e-11 1.164039103723877955e-10 -7.674348259558497392e-11 6.027976062249075970e-12 4.853631282998946422e-11 -2.530237990431763381e-11 -1.815141840925013592e-11 1.997277990666827005e-11 2.790452290040656451e-11 1.751787701023012104e-11 5.734587886376706919e-11 1.377716703489428076e-10 6.743022254118968080e-11 3.014007457367421754e-11 1.714614420087233696e-11 1.700692063626045487e-11 5.269215606724217159e-13
4.065749015243309235e-11 7.110040717373614430e-11 -7.864282216977985457e-11 1.374975968099114322e-10 1.181230731129730048e-10 -3.338794678707075777e-11 -1.426752015372116838e-11 5.135324470878748668e-11 -1.645382130329566629e-11 -1.154029897617035255e-11 4.729287951630545899e-11 1.092962131696510841e-11 2.570218253765738009e-11 3.074058242842725288e-11 6.743022254118968080e-11 1.255861573722110105e-10 4.991190495672164526e-11 2.322874198159157144e-11 2.230650068279581084e-11 1.143723777491113359e-11
-7.060569029477740052e-11 6.722244484105610564e-11 -1.169177347972242076e-10 1.599573444866335090e-10 2.424579116123120197e-11 -5.973916781493708183e-11 1.133405771639666588e-11 4.766139621024710523e-11 -2.673768267086949982e-11 -4.945145586304273331e-12 3.111534456100355149e-11 4.260017313193726573e-12 -7.352380223219174197e-13 1.958235604794570010e-11 3.014007457367421754e-11 4.991190495672164526e-11 9.882929483356031000e-11 2.947736952166074675e-11 1.618837706209909938e-11 5.397210890197795535e-13
7.552658169484900177e-11 2.986337622750113625e-11 -7.166545286949067600e-11 6.995516819723237570e-11 -1.097897013310730835e-11 -6.299403040966556078e-11 4.158509657327353293e-12 3.336127467468399272e-11 1.847395073165107221e-11 7.139429600747248000e-12 -1.396325625803405983e-11 -5.015833086922677823e-12 9.627150267707881456e-12 1.361080170020845062e-11 1.714614420087233696e-11 2.322874198159157144e-11 2.947736952166074675e-11 5.289511830269018110e-11 2.193034934388641006e-11 7.112536783004092897e-12
-5.549597431805987462e-11 -4.326505567407221289e-11 -6.135389369841855559e-11 7.517970286450916847e-11 1.345207228044956054e-11 -4.524375562781683046e-11 -1.874083868062192171e-11 -2.512869926895364348e-11 8.879194669667049184e-12 -5.476862783079897938e-12 7.062215014926972475e-13 -1.252521417156000957e-11 9.025415128252044968e-12 1.428942704936421511e-11 1.700692063626045487e-11 2.230650068279581084e-11 1.618837706209909938e-11 2.193034934388641006e-11 5.810845587653698701e-11 2.382477273057404342e-11
9.088276246119126636e-12 -4.195835669664015499e-11 2.555083645655665821e-11 -9.473074079376441846e-12 2.615905190661242566e-11 -4.220338170752283045e-11 -2.532539619013066551e-11 1.212732007906963744e-11 -1.596103442530133692e-11 -7.891374482737894045e-12 -1.628841272121712859e-12 2.616562127770893822e-12 1.766320014047578850e-11 8.095268586416894321e-13 5.269215606724217159e-13 1.143723777491113359e-11 5.397210890197795535e-13 7.112536783004092897e-12 2.382477273057404342e-11 5.209649838129504992e-11
