3.116686232420815982e-08 -1.427332572773714587e-09 2.574022437241127955e-09 6.544012715936693354e-10 -3.691662399420420589e-09 4.847512987702804280e-10 1.166495456967962738e-09 -6.917948073364820149e-10 6.863889101292892071e-10 4.985242806667275197e-10 3.597692557182670129e-10 -8.080139430155065263e-10 -3.784492130627045302e-10 3.694265080114782535e-11 2.583549897010332388e-10 1.217333892811687335e-10 1.732075542398980800e-10 1.124970526510571650e-10 3.564254910455874151e-11 -1.258905242659489678e-10
-1.427332572773714587e-09 1.791206913198868469e-08 -1.226594581282531166e-10 -1.108471641920780037e-09 -2.632739742049433986e-10 -9.477884462412553284e-10 3.411063418324026552e-10 -1.380722621557478681e-10 -4.225259294367435143e-10 -7.164589546590159094e-10 -8.497907503695100067e-11 7.066227195693192165e-11 -3.482164809985662681e-11 -1.400509164856304312e-10 2.983310101748448693e-11 7.372241844331486556e-11 -9.710523246143250567e-12 5.823493482611466636e-12 -2.858168513702101757e-11 -1.398292801630481762e-10
2.574022437241127955e-09 -1.226594581282531166e-10 9.821134297683474599e-09 8.628172022674919602e-10 2.484639733416812468e-10 1.858031591688677995e-10 3.153413976911722339e-10 3.899173057825018713e-10 2.232938109754482663e-10 1.870699625976417640e-10 -3.801440138065075354e-11 -6.614997162309258899e-12 -1.448877012538642253e-10 -5.624267790249046878e-11 1.527514916975369090e-10 -1.197665463915262459e-11 2.717022184395824249e-11 1.866688318875881495e-11 6.348284991698197011e-11 -2.868371842529291401e-11
6.544012715936693354e-10 -1.108471641920780037e-09 8.628172022674919602e-10 7.785347804613220941e-09 4.155704975962803972e-10 -4.484412551163097224e-10 -1.231008615142402663e-10 3.687264916804116814e-10 1.127610527978115197e-10 2.450747280337555887e-11 -2.764001971818278314e-11 -4.601990763995119969e-11 -9.029612463983695993e-11 -2.977979038679679900e-10 -2.009070007180855267e-10 -1.533873945779951489e-11 -1.119035827289982635e-10 -1.044637605556387302e-10 -9.467561419117793572e-11 -1.904528924203109495e-11
-3.691662399420420589e-09 -2.632739742049433986e-10 2.484639733416812468e-10 4.155704975962803972e-10 4.380641755920444754e-09 -2.372158826781279107e-10 -1.452512642845180212e-10 3.762267569409124707e-11 -4.964798967602087799e-11 6.638106728859880165e-11 2.297338329090374107e-11 1.467317846241960375e-12 1.429438034314708017e-10 -5.875233970040877816e-12 -2.896691839124715867e-11 6.826446619246153316e-11 6.370871324561674824e-11 4.711990658284462848e-11 5.731663902788776816e-11 -3.577832995625783323e-11
4.847512987702804280e-10 -9.477884462412553284e-10 1.858031591688677995e-10 -4.484412551163097224e-10 -2.372158826781279107e-10 3.194101986396955041e-09 5.801389673629078428e-11 -1.081631501379692999e-11 -1.024147184818802904e-10 1.146286312803245180e-10 2.301630579170110413e-10 -4.559526737021193162e-11 -8.737176394494245936e-11 2.813488315137091007e-11 -4.922696001483938482e-11 5.738095665325095670e-11 3.617732935742588079e-11 5.345429550689043547e-11 2.393000406582289149e-11 6.990007329644890649e-12
1.166495456967962738e-09 3.411063418324026552e-10 3.153413976911722339e-10 -1.231008615142402663e-10 -1.452512642845180212e-10 5.801389673629078428e-11 2.252282672351461591e-09 1.161233039510521459e-10 3.015201308201502175e-10 2.334723642081009261e-10 1.560570919217797109e-10 9.033707508370597316e-12 -5.007348772619519604e-11 -9.806332841164625452e-11 -4.310131327967844440e-11 -3.367460678887405019e-12 2.270501946124572783e-11 2.479311305369354370e-11 3.768188947878774928e-11 -7.150998225768110212e-12
-6.917948073364820149e-10 -1.380722621557478681e-10 3.899173057825018713e-10 3.687264916804116814e-10 3.762267569409124707e-11 -1.081631501379692999e-11 1.161233039510521459e-10 1.078311303848728673e-09 1.126546910721470099e-10 -8.326955686329280038e-11 -7.932137083409959679e-11 -5.508883464029151514e-11 -7.149333783226640721e-12 -4.877690524095857390e-11 -4.685086654270447006e-11 -4.116083468460173917e-11 -2.347228927433621172e-11 8.694736828910995110e-12 -7.841581976444679143e-12 -1.204286139707332699e-11
6.863889101292892071e-10 -4.225259294367435143e-10 2.232938109754482663e-10 1.127610527978115197e-10 -4.964798967602087799e-11 -1.024147184818802904e-10 3.015201308201502175e-10 1.126546910721470099e-10 1.153849897334642780e-09 2.254415173325602257e-10 9.796785496407993523e-11 4.356223109078423346e-11 1.178934469867032774e-10 3.979731689408156122e-11 -1.125314277172775492e-12 3.857116846131108402e-11 4.004687532879770739e-11 7.142137948607870909e-12 1.014827295739183946e-11 1.836463724279963028e-11
4.985242806667275197e-10 -7.164589546590159094e-10 1.870699625976417640e-10 2.450747280337555887e-11 6.638106728859880165e-11 1.146286312803245180e-10 2.334723642081009261e-10 -8.326955686329280038e-11 2.254415173325602257e-10 7.323120310665904355e-10 2.016729259652890546e-10 6.709062710124786779e-11 -6.398808250479325794e-12 7.417897289986649533e-11 1.812164421779049364e-11 3.314977049653564795e-11 7.521786249497551450e-11 2.403282404684612844e-11 2.542213679492471413e-11 5.331270043170222310e-11
3.597692557182670129e-10 -8.497907503695100067e-11 -3.801440138065075354e-11 -2.764001971818278314e-11 2.297338329090374107e-11 2.301630579170110413e-10 1.560570919217797109e-10 -7.932137083409959679e-11 9.796785496407993523e-11 2.016729259652890546e-10 5.437658383820468736e-10 4.160579270939259720e-12 7.873644218634450072e-11 4.780331075029205194e-11 1.567355524268081654e-11 7.360502272607441723e-11 3.989825422304017201e-11 3.234378761800494684e-11 3.253068477278204606e-11 2.798501397224140435e-11
-8.080139430155065263e-10 7.066227195693192165e-11 -6.614997162309258899e-12 -4.601990763995119969e-11 1.467317846241960375e-12 -4.559526737021193162e-11 9.033707508370597316e-12 -5.508883464029151514e-11 4.356223109078423346e-11 6.709062710124786779e-11 4.160579270939259720e-12 3.851601414543340584e-10 1.084118669414207513e-10 3.957329277341485425e-11 4.680188823320573790e-11 4.173704523942644249e-11 1.775116561831711421e-11 -2.089880845743608451e-11 4.537558620205258805e-12 1.649555486168634862e-11
-3.784492130627045302e-10 -3.482164809985662681e-11 -1.448877012538642253e-10 -9.029612463983695993e-11 1.429438034314708017e-10 -8.737176394494245936e-11 -5.007348772619519604e-11 -7.149333783226640721e-12 1.178934469867032774e-10 -6.398808250479325794e-12 7.873644218634450072e-11 1.084118669414207513e-10 2.975763044482295353e-10 8.805838597297565040e-11 4.050651054698529618e-11 4.739334720748919370e-11 1.677224579816569604e-11 -3.643632441539156948e-12 2.571988166034013631e-11 1.578530046414481519e-11
3.694265080114782535e-11 -1.400509164856304312e-10 -5.624267790249046878e-11 -2.977979038679679900e-10 -5.875233970040877816e-12 2.813488315137091007e-11 -9.806332841164625452e-11 -4.877690524095857390e-11 3.979731689408156122e-11 7.417897289986649533e-11 4.780331075029205194e-11 3.957329277341485425e-11 8.805838597297565040e-11 2.122835444166281980e-10 8.494005553845160961e-11 3.698271705057300440e-11 4.590784940804557119e-11 3.987709972877930505e-11 2.577422578205871921e-11 1.433589559066673517e-11
2.583549897010332388e-10 2.983310101748448693e-11 1.527514916975369090e-10 -2.009070007180855267e-10 -2.896691839124715867e-11 -4.922696001483938482e-11 -4.310131327967844440e-11 -4.685086654270447006e-11 -1.125314277172775492e-12 1.812164421779049364e-11 1.567355524268081654e-11 4.680188823320573790e-11 4.050651054698529618e-11 8.494005553845160961e-11 1.323377225278366106e-10 4.276525076323689776e-11 3.355665849955513683e-11 2.578072169276214076e-11 1.679049408348211943e-11 1.014020331942793878e-11
1.217333892811687335e-10 7.372241844331486556e-11 -1.197665463915262459e-11 -1.533873945779951489e-11 6.826446619246153316e-11 5.738095665325095670e-11 -3.367460678887405019e-12 -4.116083468460173917e-11 3.857116846131108402e-11 3.314977049653564795e-11 7.360502272607441723e-11 4.173704523942644249e-11 4.739334720748919370e-11 3.698271705057300440e-11 4.276525076323689776e-11 1.165406762523079696e-10 4.429159795240696274e-11 2.602004348619624931e-11 1.371898004410087402e-11 -7.332007863318796477e-12
1.732075542398980800e-10 -9.710523246143250567e-12 2.717022184395824249e-11 -1.119035827289982635e-10 6.370871324561674824e-11 3.617732935742588079e-11 2.270501946124572783e-11 -2.347228927433621172e-11 4.004687532879770739e-11 7.521786249497551450e-11 3.989825422304017201e-11 1.775116561831711421e-11 1.677224579816569604e-11 4.590784940804557119e-11 3.355665849955513683e-11 4.429159795240696274e-11 1.106755143568447416e-10 5.972209248493875141e-11 3.511310929220004590e-11 1.868724072725992515e-12
1.124970526510571650e-10 5.823493482611466636e-12 1.866688318875881495e-11 -1.044637605556387302e-10 4.711990658284462848e-11 5.345429550689043547e-11 2.479311305369354370e-11 8.694736828910995110e-12 7.142137948607870909e-12 2.403282404684612844e-11 3.234378761800494684e-11 -2.089880845743608451e-11 -3.643632441539156948e-12 3.987709972877930505e-11 2.578072169276214076e-11 2.602004348619624931e-11 5.972209248493875141e-11 9.501849203709317671e-11 4.831654020186078857e-11 -5.852287296850650529e-13
3.564254910455874151e-11 -2.858168513702101757e-11 6.348284991698197011e-11 -9.467561419117793572e-11 5.731663902788776816e-11 2.393000406582289149e-11 3.768188947878774928e-11 -7.841581976444679143e-12 1.014827295739183946e-11 2.542213679492471413e-11 3.253068477278204606e-11 4.537558620205258805e-12 2.571988166034013631e-11 2.577422578205871921e-11 1.679049408348211943e-11 1.371898004410087402e-11 3.511310929220004590e-11 4.831654020186078857e-11 5.520299956562992209e-11 2.191206284573396004e-11
-1.258905242659489678e-10 -1.398292801630481762e-10 -2.868371842529291401e-11 -1.904528924203109495e-11 -3.577832995625783323e-11 6.990007329644890649e-12 -7.150998225768110212e-12 -1.204286139707332699e-11 1.836463724279963028e-11 5.331270043170222310e-11 2.798501397224140435e-11 1.649555486168634862e-11 1.578530046414481519e-11 1.433589559066673517e-11 1.014020331942793878e-11 -7.332007863318796477e-12 1.868724072725992515e-12 -5.852287296850650529e-13 2.191206284573396004e-11 6.414258705447237487e-11
