3.190759491945707250e-05 3.083067249515248216e-05 3.157313737638653607e-05 3.163896281043519049e-05 3.119936032726116271e-05 3.139197566002396140e-05 3.117673413631358363e-05 3.044529111027561929e-05 2.989810529647306603e-05 2.917402485877899489e-05 2.844715348700534613e-05 2.744500496036394297e-05 2.654587107863069876e-05 2.481629608942819760e-05 2.256139643719524214e-05 1.976459892825815020e-05 1.626848794646323752e-05 1.229961074273891951e-05 7.708042742252406475e-06 3.228231579751265873e-06
3.083067249515248216e-05 3.188755496997887519e-05 3.183145930045900147e-05 3.164967928376502142e-05 3.126305858160561261e-05 3.152463670478225256e-05 3.130520522389072346e-05 3.048681377243519245e-05 2.996846413733595795e-05 2.922932933737101127e-05 2.842786041135067824e-05 2.742750719370341483e-05 2.653358700870141087e-05 2.484923235216366505e-05 2.261518366682436015e-05 1.980179911181393740e-05 1.621074120062803345e-05 1.199475229545772070e-05 7.222813242902398492e-06 2.562827081448255056e-06
3.157313737638653607e-05 3.183145930045900147e-05 3.307625220983178823e-05 3.263517341974881856e-05 3.220923524503996273e-05 3.245833064138343342e-05 3.224376695829936275e-05 3.144106402233592788e-05 3.089669245471295112e-05 3.021148225148331744e-05 2.947917661323980724e-05 2.843800655438295645e-05 2.747864201388298489e-05 2.577835035141938757e-05 2.349806409652412678e-05 2.056280112953148189e-05 1.683388696952838544e-05 1.248080856039439011e-05 7.524241912922464079e-06 2.700819386291720539e-06
3.163896281043519049e-05 3.164967928376502142e-05 3.263517341974881856e-05 3.301455915619321615e-05 3.219862456368967856e-05 3.250876018642293936e-05 3.227042482768764398e-05 3.152041289730406480e-05 3.096662758269664098e-05 3.025044929446121068e-05 2.949452337435901124e-05 2.844267538520215075e-05 2.746346164502308274e-05 2.569057569589451652e-05 2.340250656099118954e-05 2.049919012228486705e-05 1.681342806327709548e-05 1.258307473358602186e-05 7.682552439427879423e-06 2.952879043965358823e-06
3.119936032726116271e-05 3.126305858160561261e-05 3.220923524503996273e-05 3.219862456368967856e-05 3.205551668015974059e-05 3.215618864142596810e-05 3.191260423888965178e-05 3.116624537149235676e-05 3.066976428268662489e-05 2.998622713408912534e-05 2.923396941934924788e-05 2.818499486160845534e-05 2.721660509159717724e-05 2.548727820077208284e-05 2.318285766685266821e-05 2.026010795201912203e-05 1.653877432883770626e-05 1.223235486940571741e-05 7.340109229761457794e-06 2.616069028679581436e-06
3.139197566002396140e-05 3.152463670478225256e-05 3.245833064138343342e-05 3.250876018642293936e-05 3.215618864142596810e-05 3.271596554657018192e-05 3.241737618804580020e-05 3.168392919082599541e-05 3.113390533826198122e-05 3.045979388601934644e-05 2.969918576656117246e-05 2.860049411898584731e-05 2.760368209397075887e-05 2.585911926217780840e-05 2.350977787549923454e-05 2.051527233451725478e-05 1.670534068079103235e-05 1.236137751859560891e-05 7.355824059535700985e-06 2.532450470437733928e-06
3.117673413631358363e-05 3.130520522389072346e-05 3.224376695829936275e-05 3.227042482768764398e-05 3.191260423888965178e-05 3.241737618804580020e-05 3.245136644696544170e-05 3.165269728966573995e-05 3.113023026931497017e-05 3.048751952696487959e-05 2.977581373498517858e-05 2.869874233754453200e-05 2.772074967282017879e-05 2.595484783522155001e-05 2.355070882669108162e-05 2.051957291270144578e-05 1.670692511727163291e-05 1.230795325822697031e-05 7.218245199881302141e-06 2.347049079677130827e-06
3.044529111027561929e-05 3.048681377243519245e-05 3.144106402233592788e-05 3.152041289730406480e-05 3.116624537149235676e-05 3.168392919082599541e-05 3.165269728966573995e-05 3.115625865442520070e-05 3.065792498284484357e-05 3.004480210804919262e-05 2.936981763877659986e-05 2.830852754664160191e-05 2.734864576530415860e-05 2.565037134910409550e-05 2.327878648944481873e-05 2.031712277448179623e-05 1.659039306677016434e-05 1.223353168493440949e-05 7.162040269599744707e-06 2.334296285706916553e-06
2.989810529647306603e-05 2.996846413733595795e-05 3.089669245471295112e-05 3.096662758269664098e-05 3.066976428268662489e-05 3.113390533826198122e-05 3.113023026931497017e-05 3.065792498284484357e-05 3.037878305614727780e-05 2.980535096681544827e-05 2.917080380789643045e-05 2.813849377027265576e-05 2.717564000527133395e-05 2.546365309115138683e-05 2.307792895727433073e-05 2.010879364227284295e-05 1.640991179649873831e-05 1.202652649337029002e-05 6.968606658417778549e-06 2.161637235901222146e-06
2.917402485877899489e-05 2.922932933737101127e-05 3.021148225148331744e-05 3.025044929446121068e-05 2.998622713408912534e-05 3.045979388601934644e-05 3.048751952696487959e-05 3.004480210804919262e-05 2.980535096681544827e-05 2.942206151890560471e-05 2.883585638045753255e-05 2.786461238055511534e-05 2.691893353826307932e-05 2.524794914008005910e-05 2.286650604210311276e-05 1.991201360954679685e-05 1.625688082252117116e-05 1.189658907036825531e-05 6.845441761299768250e-06 2.061861743431555595e-06
2.844715348700534613e-05 2.842786041135067824e-05 2.947917661323980724e-05 2.949452337435901124e-05 2.923396941934924788e-05 2.969918576656117246e-05 2.977581373498517858e-05 2.936981763877659986e-05 2.917080380789643045e-05 2.883585638045753255e-05 2.845348709488536158e-05 2.759526032850128846e-05 2.668459737460358410e-05 2.507891640296066975e-05 2.273873292472989769e-05 1.983449855167362491e-05 1.622213580536898306e-05 1.190557837763920220e-05 6.901651108868324410e-06 2.159828555917658115e-06
2.744500496036394297e-05 2.742750719370341483e-05 2.843800655438295645e-05 2.844267538520215075e-05 2.818499486160845534e-05 2.860049411898584731e-05 2.869874233754453200e-05 2.830852754664160191e-05 2.813849377027265576e-05 2.786461238055511534e-05 2.759526032850128846e-05 2.701114629468898172e-05 2.623568996710953061e-05 2.476088214106622176e-05 2.252760771913299841e-05 1.973553135900220156e-05 1.622677569217476209e-05 1.198697467982279670e-05 7.077492305729923799e-06 2.360555021624699610e-06
2.654587107863069876e-05 2.653358700870141087e-05 2.747864201388298489e-05 2.746346164502308274e-05 2.721660509159717724e-05 2.760368209397075887e-05 2.772074967282017879e-05 2.734864576530415860e-05 2.717564000527133395e-05 2.691893353826307932e-05 2.668459737460358410e-05 2.623568996710953061e-05 2.573673911394213390e-05 2.442325777288068740e-05 2.231998753595006938e-05 1.965836496498478853e-05 1.624372858635036347e-05 1.208057214064651331e-05 7.220334735726019507e-06 2.545587707799456602e-06
2.481629608942819760e-05 2.484923235216366505e-05 2.577835035141938757e-05 2.569057569589451652e-05 2.548727820077208284e-05 2.585911926217780840e-05 2.595484783522155001e-05 2.565037134910409550e-05 2.546365309115138683e-05 2.524794914008005910e-05 2.507891640296066975e-05 2.476088214106622176e-05 2.442325777288068740e-05 2.346007170943079824e-05 2.162346841825052709e-05 1.918732118869941064e-05 1.593777555900196519e-05 1.194409108693672927e-05 7.301921394167593749e-06 2.726056312455250519e-06
2.256139643719524214e-05 2.261518366682436015e-05 2.349806409652412678e-05 2.340250656099118954e-05 2.318285766685266821e-05 2.350977787549923454e-05 2.355070882669108162e-05 2.327878648944481873e-05 2.307792895727433073e-05 2.286650604210311276e-05 2.273873292472989769e-05 2.252760771913299841e-05 2.231998753595006938e-05 2.162346841825052709e-05 2.023834820848806993e-05 1.823819589374023857e-05 1.536994282741172878e-05 1.173905794161986949e-05 7.459893232683508521e-06 3.113738795259907988e-06
1.976459892825815020e-05 1.980179911181393740e-05 2.056280112953148189e-05 2.049919012228486705e-05 2.026010795201912203e-05 2.051527233451725478e-05 2.051957291270144578e-05 2.031712277448179623e-05 2.010879364227284295e-05 1.991201360954679685e-05 1.983449855167362491e-05 1.973553135900220156e-05 1.965836496498478853e-05 1.918732118869941064e-05 1.823819589374023857e-05 1.693602220153935553e-05 1.469093850701773799e-05 1.159837336769306887e-05 7.791942181247883670e-06 3.751558458783418314e-06
1.626848794646323752e-05 1.621074120062803345e-05 1.683388696952838544e-05 1.681342806327709548e-05 1.653877432883770626e-05 1.670534068079103235e-05 1.670692511727163291e-05 1.659039306677016434e-05 1.640991179649873831e-05 1.625688082252117116e-05 1.622213580536898306e-05 1.622677569217476209e-05 1.624372858635036347e-05 1.593777555900196519e-05 1.536994282741172878e-05 1.469093850701773799e-05 1.345507857318654400e-05 1.116456421012852136e-05 7.973828101607217565e-06 4.383282865488267083e-06
1.229961074273891951e-05 1.199475229545772070e-05 1.248080856039439011e-05 1.258307473358602186e-05 1.223235486940571741e-05 1.236137751859560891e-05 1.230795325822697031e-05 1.223353168493440949e-05 1.202652649337029002e-05 1.189658907036825531e-05 1.190557837763920220e-05 1.198697467982279670e-05 1.208057214064651331e-05 1.194409108693672927e-05 1.173905794161986949e-05 1.159837336769306887e-05 1.116456421012852136e-05 1.015803164356700184e-05 8.019579697298517904e-06 5.177417810885508352e-06
7.708042742252406475e-06 7.222813242902398492e-06 7.524241912922464079e-06 7.682552439427879423e-06 7.340109229761457794e-06 7.355824059535700985e-06 7.218245199881302141e-06 7.162040269599744707e-06 6.968606658417778549e-06 6.845441761299768250e-06 6.901651108868324410e-06 7.077492305729923799e-06 7.220334735726019507e-06 7.301921394167593749e-06 7.459893232683508521e-06 7.791942181247883670e-06 7.973828101607217565e-06 8.019579697298517904e-06 7.445150392063498598e-06 5.852663608403153812e-06
3.228231579751265873e-06 2.562827081448255056e-06 2.700819386291720539e-06 2.952879043965358823e-06 2.616069028679581436e-06 2.532450470437733928e-06 2.347049079677130827e-06 2.334296285706916553e-06 2.161637235901222146e-06 2.061861743431555595e-06 2.159828555917658115e-06 2.360555021624699610e-06 2.545587707799456602e-06 2.726056312455250519e-06 3.113738795259907988e-06 3.751558458783418314e-06 4.383282865488267083e-06 5.177417810885508352e-06 5.852663608403153812e-06 6.081717835475908156e-06
