9.409624639914132459e-10 -5.520322936848225427e-12 6.770532669570550925e-11 2.154276318216252825e-11 1.346988858486405212e-11 2.066307336481682248e-11 -6.822010399971498778e-12 2.874199494643952588e-11 3.130462335756687968e-11 -2.305034541399039933e-11 -1.233815416894861268e-11 -2.873590404523998743e-11 -3.910111208611413520e-12 3.543046388944075544e-11 2.847301972136710719e-11 3.444557201168459597e-11 7.478872203648420321e-11 1.024903068987205640e-10 3.175616496570313848e-11 -5.139171102223641979e-11
-5.520322936848225427e-12 6.185397402501051886e-10 1.284361554529978189e-10 6.713579296594574477e-11 9.312362125384513504e-11 2.514904266916228831e-11 1.001532639497210365e-11 3.256421410140409525e-11 6.426181306550350144e-11 3.545803604274480044e-11 9.243234578310005833e-12 -1.968403281479711903e-12 -6.415922841560941043e-11 -8.475748572329073640e-11 -6.406739757390129012e-11 -6.241032600764532183e-11 -5.651608661333256034e-11 -5.004116508125861381e-11 -8.522501355348845147e-11 -3.384708265747417694e-11
6.770532669570550925e-11 1.284361554529978189e-10 5.010404985453476917e-10 1.203217847610982393e-10 7.460981960343758230e-11 4.159723321046821893e-11 -2.318667129022221518e-11 -2.364211070704712536e-11 1.529642766478319009e-11 -2.811152892926970928e-11 -4.298103809432393642e-11 -6.017211392916065589e-11 -5.993631870329818849e-11 -5.766090527337584159e-11 -6.457521527963194291e-11 -7.836933946563968625e-11 -9.531470599232751935e-11 -9.018831793685207482e-11 -9.350891239925790370e-11 -3.780829486442909245e-11
2.154276318216252825e-11 6.713579296594574477e-11 1.203217847610982393e-10 3.007859536851792786e-10 9.535614251783066678e-11 2.436902225826223699e-11 1.653844088286606844e-11 2.121219734973645625e-11 4.255902408144234683e-11 2.517128923891260824e-11 6.496568184160090476e-12 4.556614105754982543e-12 1.720709973210109989e-11 2.591835906508684430e-11 -2.249859661942379772e-12 -5.372487127351478892e-11 -1.181625569567783186e-10 -1.587832361646958996e-10 -1.665115830448362052e-10 -1.066208590717543388e-10
1.346988858486405212e-11 9.312362125384513504e-11 7.460981960343758230e-11 9.535614251783066678e-11 2.543245257553289662e-10 4.700412806081719198e-11 5.091683195346353968e-11 5.066844580788736651e-11 7.212473386660979597e-11 5.249918749142630441e-11 5.263342676568096543e-11 4.871988370130957708e-11 4.696209123659824811e-11 2.630517172745344806e-11 -5.637981432410359504e-12 -4.377944874441239790e-11 -5.602214856136432295e-11 -5.024973885422506131e-11 -3.035890668862154709e-11 -4.400032770750340387e-12
2.066307336481682248e-11 2.514904266916228831e-11 4.159723321046821893e-11 2.436902225826223699e-11 4.700412806081719198e-11 1.689994859387381364e-10 8.746827144850759016e-11 6.752740710527055341e-11 4.966963773948155265e-11 5.289799681494843962e-11 5.203827507704896744e-11 4.358096755765386751e-11 4.815086701451839570e-11 4.765683931611198666e-11 4.814716762178043105e-11 3.258287281935631359e-11 7.277387140857785324e-12 -7.045318476201418085e-12 -6.033956042954936661e-12 -2.865850718430583966e-11
-6.822010399971498778e-12 1.001532639497210365e-11 -2.318667129022221518e-11 1.653844088286606844e-11 5.091683195346353968e-11 8.746827144850759016e-11 2.023315213184149114e-10 1.187258957169089603e-10 7.453727113154162475e-11 6.482078901216936357e-11 4.802434292347525227e-11 3.253716355325132134e-11 2.638673506452070922e-11 2.409423915731165022e-11 1.971798622142889077e-11 -1.953615262815105328e-12 -4.976013450103786742e-11 -7.449984186880459292e-11 -5.417478695332732542e-11 -2.524546507652935704e-11
2.874199494643952588e-11 3.256421410140409525e-11 -2.364211070704712536e-11 2.121219734973645625e-11 5.066844580788736651e-11 6.752740710527055341e-11 1.187258957169089603e-10 1.806732717377880465e-10 1.220141831988552451e-10 8.558432817552968484e-11 6.674829061998799642e-11 5.285656832842449650e-11 5.990608402228879946e-11 4.763134628207442065e-11 5.435062150374550467e-11 6.365052896564392853e-11 3.304503011570051675e-11 1.783228259375559489e-11 2.102253488802428113e-11 6.809124612783131854e-12
3.130462335756687968e-11 6.426181306550350144e-11 1.529642766478319009e-11 4.255902408144234683e-11 7.212473386660979597e-11 4.966963773948155265e-11 7.453727113154162475e-11 1.220141831988552451e-10 1.878021313394887360e-10 1.232704784005644695e-10 8.723088787962176352e-11 4.216749766929629774e-11 3.506980726571876294e-11 1.957611357259418227e-11 3.380710210987042476e-11 2.642899564768582944e-11 2.786996143988983035e-13 -1.354153362514160786e-11 -8.016722415341983743e-12 -2.654539361120394319e-11
-2.305034541399039933e-11 3.545803604274480044e-11 -2.811152892926970928e-11 2.517128923891260824e-11 5.249918749142630441e-11 5.289799681494843962e-11 6.482078901216936357e-11 8.558432817552968484e-11 1.232704784005644695e-10 1.701751057654094647e-10 1.367400768028156227e-10 1.148864771880531457e-10 1.024422956610455327e-10 8.379834262476024652e-11 8.528883918249372951e-11 6.402564073458997076e-11 1.946290637408018631e-11 -1.599633748563031074e-11 -1.634670688376286721e-12 -2.833548303466988199e-12
-1.233815416894861268e-11 9.243234578310005833e-12 -4.298103809432393642e-11 6.496568184160090476e-12 5.263342676568096543e-11 5.203827507704896744e-11 4.802434292347525227e-11 6.674829061998799642e-11 8.723088787962176352e-11 1.367400768028156227e-10 1.924416346581290997e-10 1.800593873925948965e-10 1.510727600594776644e-10 1.155853142431841671e-10 9.832422199854025603e-11 7.039305524684645129e-11 3.732544392031993607e-11 2.104261246722866960e-11 5.696833276851562399e-11 6.009881283331045105e-11
-2.873590404523998743e-11 -1.968403281479711903e-12 -6.017211392916065589e-11 4.556614105754982543e-12 4.871988370130957708e-11 4.358096755765386751e-11 3.253716355325132134e-11 5.285656832842449650e-11 4.216749766929629774e-11 1.148864771880531457e-10 1.800593873925948965e-10 2.664986713710042817e-10 2.489142811388997089e-10 1.914635893682069914e-10 1.437201629331289804e-10 1.139254991855601027e-10 8.435690119219389781e-11 6.084797624854361449e-11 6.974771790312495506e-11 9.371023756940743609e-11
-3.910111208611413520e-12 -6.415922841560941043e-11 -5.993631870329818849e-11 1.720709973210109989e-11 4.696209123659824811e-11 4.815086701451839570e-11 2.638673506452070922e-11 5.990608402228879946e-11 3.506980726571876294e-11 1.024422956610455327e-10 1.510727600594776644e-10 2.489142811388997089e-10 3.325772539035381599e-10 2.928908053727591999e-10 2.362899726716746663e-10 2.007569516377629902e-10 1.517144052325624903e-10 1.077535377609661834e-10 1.228902389311971497e-10 1.407851173246939083e-10
3.543046388944075544e-11 -8.475748572329073640e-11 -5.766090527337584159e-11 2.591835906508684430e-11 2.630517172745344806e-11 4.765683931611198666e-11 2.409423915731165022e-11 4.763134628207442065e-11 1.957611357259418227e-11 8.379834262476024652e-11 1.155853142431841671e-10 1.914635893682069914e-10 2.928908053727591999e-10 3.851641166776385221e-10 3.638622656340360913e-10 3.238749455634050649e-10 2.856076690505178603e-10 2.352291766157017181e-10 2.158358576105303592e-10 2.012085948460709605e-10
2.847301972136710719e-11 -6.406739757390129012e-11 -6.457521527963194291e-11 -2.249859661942379772e-12 -5.637981432410359504e-12 4.814716762178043105e-11 1.971798622142889077e-11 5.435062150374550467e-11 3.380710210987042476e-11 8.528883918249372951e-11 9.832422199854025603e-11 1.437201629331289804e-10 2.362899726716746663e-10 3.638622656340360913e-10 4.651946596319513115e-10 4.727222732296076674e-10 4.456481025836640784e-10 3.945451870718247558e-10 3.546935053720511498e-10 2.945892760641163553e-10
3.444557201168459597e-11 -6.241032600764532183e-11 -7.836933946563968625e-11 -5.372487127351478892e-11 -4.377944874441239790e-11 3.258287281935631359e-11 -1.953615262815105328e-12 6.365052896564392853e-11 2.642899564768582944e-11 6.402564073458997076e-11 7.039305524684645129e-11 1.139254991855601027e-10 2.007569516377629902e-10 3.238749455634050649e-10 4.727222732296076674e-10 6.510737788375993694e-10 7.057371962084738588e-10 6.760534771284820531e-10 5.981379643515333066e-10 4.666330795234440232e-10
7.478872203648420321e-11 -5.651608661333256034e-11 -9.531470599232751935e-11 -1.181625569567783186e-10 -5.602214856136432295e-11 7.277387140857785324e-12 -4.976013450103786742e-11 3.304503011570051675e-11 2.786996143988983035e-13 1.946290637408018631e-11 3.732544392031993607e-11 8.435690119219389781e-11 1.517144052325624903e-10 2.856076690505178603e-10 4.456481025836640784e-10 7.057371962084738588e-10 1.020446723541608323e-09 1.115298454122118085e-09 1.035534633954720718e-09 8.578034062959913716e-10
1.024903068987205640e-10 -5.004116508125861381e-11 -9.018831793685207482e-11 -1.587832361646958996e-10 -5.024973885422506131e-11 -7.045318476201418085e-12 -7.449984186880459292e-11 1.783228259375559489e-11 -1.354153362514160786e-11 -1.599633748563031074e-11 2.104261246722866960e-11 6.084797624854361449e-11 1.077535377609661834e-10 2.352291766157017181e-10 3.945451870718247558e-10 6.760534771284820531e-10 1.115298454122118085e-09 1.441831898041629799e-09 1.436655612089572757e-09 1.233821198841036784e-09
3.175616496570313848e-11 -8.522501355348845147e-11 -9.350891239925790370e-11 -1.665115830448362052e-10 -3.035890668862154709e-11 -6.033956042954936661e-12 -5.417478695332732542e-11 2.102253488802428113e-11 -8.016722415341983743e-12 -1.634670688376286721e-12 5.696833276851562399e-11 6.974771790312495506e-11 1.228902389311971497e-10 2.158358576105303592e-10 3.546935053720511498e-10 5.981379643515333066e-10 1.035534633954720718e-09 1.436655612089572757e-09 1.698693045262507704e-09 1.575670750263214899e-09
-5.139171102223641979e-11 -3.384708265747417694e-11 -3.780829486442909245e-11 -1.066208590717543388e-10 -4.400032770750340387e-12 -2.865850718430583966e-11 -2.524546507652935704e-11 6.809124612783131854e-12 -2.654539361120394319e-11 -2.833548303466988199e-12 6.009881283331045105e-11 9.371023756940743609e-11 1.407851173246939083e-10 2.012085948460709605e-10 2.945892760641163553e-10 4.666330795234440232e-10 8.578034062959913716e-10 1.233821198841036784e-09 1.575670750263214899e-09 1.805561856993703396e-09
