1.027868172132179835e-09 -7.310408211036532841e-12 7.334055841020607887e-11 2.462214860023769573e-11 1.373847122797648304e-11 2.245172641856860415e-11 -7.330271341741579415e-12 3.090290919034849900e-11 3.377473352036362180e-11 -2.403616307209812864e-11 -1.250505258224091794e-11 -3.006311907583873116e-11 -2.948569198436092438e-12 3.923463708617192604e-11 3.127382733818192188e-11 3.746922834803897098e-11 8.006927588003328168e-11 1.099201613504326134e-10 3.405777929015828010e-11 -5.569422120279617828e-11
-7.310408211036532841e-12 6.482099747464387128e-10 1.357780226766342877e-10 6.984373418820696851e-11 9.731647607440423801e-11 2.606520642755320738e-11 1.045856180514915130e-11 3.452007937022361247e-11 6.805600936338179893e-11 3.730458626522266877e-11 9.536610086100769209e-12 -2.568938165396044049e-12 -6.806773853729361933e-11 -8.946765822840306977e-11 -6.761486207594263948e-11 -6.549955095060069557e-11 -5.909900413053354837e-11 -5.222593150445743464e-11 -8.947535032644231966e-11 -3.538851917903663076e-11
7.334055841020607887e-11 1.357780226766342877e-10 5.335138044096420698e-10 1.281393300787560445e-10 7.867951508356259116e-11 4.405548381867818876e-11 -2.494229266512396055e-11 -2.541801482740842179e-11 1.640958057674679459e-11 -2.951625781629608817e-11 -4.531748420746275894e-11 -6.347836065058647642e-11 -6.319984056683834598e-11 -6.089822045557220167e-11 -6.866909596821468226e-11 -8.345782040781603984e-11 -1.015958260785674218e-10 -9.616121772956403848e-11 -9.964701095860185892e-11 -4.053143990224009108e-11
2.462214860023769573e-11 6.984373418820696851e-11 1.281393300787560445e-10 3.200754894112238152e-10 1.000503549881190992e-10 2.629031219949893508e-11 1.765102276268319832e-11 2.234698885518466228e-11 4.513820923788735897e-11 2.713398243199148730e-11 7.380036619284720559e-12 5.657719029408806114e-12 1.933247563835952541e-11 2.820313502710917130e-11 -1.990115171545838001e-12 -5.705450646250385093e-11 -1.259599185447261326e-10 -1.691347944396389766e-10 -1.768219549784027156e-10 -1.127674881420481846e-10
1.373847122797648304e-11 9.731647607440423801e-11 7.867951508356259116e-11 1.000503549881190992e-10 2.651942895809843442e-10 4.922242568012274028e-11 5.355514663382990033e-11 5.361824262821649246e-11 7.593416643842228509e-11 5.490358018377501173e-11 5.491834545452135221e-11 5.055983543858433055e-11 4.867756850320629634e-11 2.722444646552528219e-11 -6.037727820584929457e-12 -4.585769877904212557e-11 -5.853409396335256604e-11 -5.277278255971592240e-11 -3.225939422025108052e-11 -5.120589868400862552e-12
2.245172641856860415e-11 2.606520642755320738e-11 4.405548381867818876e-11 2.629031219949893508e-11 4.922242568012274028e-11 1.783383860573289547e-10 9.251645381493317786e-11 7.148733422326773365e-11 5.249602150370816704e-11 5.606121131616097935e-11 5.504362511885209905e-11 4.622110166044964097e-11 5.109068674145779509e-11 5.047526576959525483e-11 5.100018603804167682e-11 3.446020260063392126e-11 7.587907759017950948e-12 -7.622003157284449577e-12 -6.422226966299658640e-12 -3.038729225552553776e-11
-7.330271341741579415e-12 1.045856180514915130e-11 -2.494229266512396055e-11 1.765102276268319832e-11 5.355514663382990033e-11 9.251645381493317786e-11 2.142432129713177077e-10 1.259244877376581396e-10 7.913126196069106600e-11 6.898264546456007606e-11 5.105727464231185831e-11 3.466981515799854553e-11 2.824080386765215502e-11 2.578493539540458150e-11 2.110207727537029714e-11 -1.917237613498316781e-12 -5.271510458415154707e-11 -7.903028969179533113e-11 -5.734094710860517272e-11 -2.659991030508315135e-11
3.090290919034849900e-11 3.452007937022361247e-11 -2.541801482740842179e-11 2.234698885518466228e-11 5.361824262821649246e-11 7.148733422326773365e-11 1.259244877376581396e-10 1.922951269125184211e-10 1.299203694401088398e-10 9.098327653532439266e-11 7.083877330841055008e-11 5.598883203821541127e-11 6.341326111414971538e-11 5.049319604004756311e-11 5.772687407468493780e-11 6.763875703765497880e-11 3.516559319157623380e-11 1.899447383167334475e-11 2.233911904823730810e-11 7.124848423384933265e-12
3.377473352036362180e-11 6.805600936338179893e-11 1.640958057674679459e-11 4.513820923788735897e-11 7.593416643842228509e-11 5.249602150370816704e-11 7.913126196069106600e-11 1.299203694401088398e-10 1.996622532926549630e-10 1.307578100901747958e-10 9.228180404370959149e-11 4.434839061387103265e-11 3.670646853385996179e-11 2.044629887409511731e-11 3.568585040169476108e-11 2.795966147169136043e-11 2.201199231362883508e-13 -1.462854493878634604e-11 -9.037654693219120946e-12 -2.885833760322181459e-11
-2.403616307209812864e-11 3.730458626522266877e-11 -2.951625781629608817e-11 2.713398243199148730e-11 5.490358018377501173e-11 5.606121131616097935e-11 6.898264546456007606e-11 9.098327653532439266e-11 1.307578100901747958e-10 1.804244975036894427e-10 1.446226851201433629e-10 1.214108403788431541e-10 1.082244114910192284e-10 8.847602155180106962e-11 9.031595762417625074e-11 6.784628557828142141e-11 2.059706121699588473e-11 -1.716598662572414464e-11 -2.040638236405119294e-12 -3.360227786733296515e-12
-1.250505258224091794e-11 9.536610086100769209e-12 -4.531748420746275894e-11 7.380036619284720559e-12 5.491834545452135221e-11 5.504362511885209905e-11 5.105727464231185831e-11 7.083877330841055008e-11 9.228180404370959149e-11 1.446226851201433629e-10 2.033391255556272451e-10 1.901205359289622308e-10 1.594859116174566793e-10 1.219669043839699148e-10 1.040171286979773818e-10 7.451141472160199189e-11 3.955285277533444413e-11 2.224306706980357665e-11 6.028432709908403097e-11 6.364062484410265770e-11
-3.006311907583873116e-11 -2.568938165396044049e-12 -6.347836065058647642e-11 5.657719029408806114e-12 5.055983543858433055e-11 4.622110166044964097e-11 3.466981515799854553e-11 5.598883203821541127e-11 4.434839061387103265e-11 1.214108403788431541e-10 1.901205359289622308e-10 2.814036560635238742e-10 2.628824107773154345e-10 2.020816040782561814e-10 1.520259948235668334e-10 1.205762567151001428e-10 8.938518106658426972e-11 6.448019966026174140e-11 7.397973332093299179e-11 9.952581070862861136e-11
-2.948569198436092438e-12 -6.806773853729361933e-11 -6.319984056683834598e-11 1.933247563835952541e-11 4.867756850320629634e-11 5.109068674145779509e-11 2.824080386765215502e-11 6.341326111414971538e-11 3.670646853385996179e-11 1.082244114910192284e-10 1.594859116174566793e-10 2.628824107773154345e-10 3.513031291514737350e-10 3.091950749130601733e-10 2.499572336721904702e-10 2.124467540109907754e-10 1.607875332706506907e-10 1.143337157079362717e-10 1.305008893110283158e-10 1.496805578600603169e-10
3.923463708617192604e-11 -8.946765822840306977e-11 -6.089822045557220167e-11 2.820313502710917130e-11 2.722444646552528219e-11 5.047526576959525483e-11 2.578493539540458150e-11 5.049319604004756311e-11 2.044629887409511731e-11 8.847602155180106962e-11 1.219669043839699148e-10 2.020816040782561814e-10 3.091950749130601733e-10 4.066056050482406254e-10 3.848715723189418586e-10 3.426044926295227743e-10 3.024994602373949041e-10 2.493640719122463512e-10 2.289198435570148839e-10 2.136007397734221812e-10
3.127382733818192188e-11 -6.761486207594263948e-11 -6.866909596821468226e-11 -1.990115171545838001e-12 -6.037727820584929457e-12 5.100018603804167682e-11 2.110207727537029714e-11 5.772687407468493780e-11 3.568585040169476108e-11 9.031595762417625074e-11 1.040171286979773818e-10 1.520259948235668334e-10 2.499572336721904702e-10 3.848715723189418586e-10 4.929915163142877307e-10 5.009792483676621791e-10 4.727719836414817449e-10 4.189593032215500761e-10 3.769106240041322248e-10 3.134085866318814650e-10
3.746922834803897098e-11 -6.549955095060069557e-11 -8.345782040781603984e-11 -5.705450646250385093e-11 -4.585769877904212557e-11 3.446020260063392126e-11 -1.917237613498316781e-12 6.763875703765497880e-11 2.795966147169136043e-11 6.784628557828142141e-11 7.451141472160199189e-11 1.205762567151001428e-10 2.124467540109907754e-10 3.426044926295227743e-10 5.009792483676621791e-10 6.899583496902656886e-10 7.485258778841277749e-10 7.177307927810004157e-10 6.355057309551884813e-10 4.964133996816809376e-10
8.006927588003328168e-11 -5.909900413053354837e-11 -1.015958260785674218e-10 -1.259599185447261326e-10 -5.853409396335256604e-11 7.587907759017950948e-12 -5.271510458415154707e-11 3.516559319157623380e-11 2.201199231362883508e-13 2.059706121699588473e-11 3.955285277533444413e-11 8.938518106658426972e-11 1.607875332706506907e-10 3.024994602373949041e-10 4.727719836414817449e-10 7.485258778841277749e-10 1.083069983633453063e-09 1.184801082737790952e-09 1.100976268894147602e-09 9.131918221019622702e-10
1.099201613504326134e-10 -5.222593150445743464e-11 -9.616121772956403848e-11 -1.691347944396389766e-10 -5.277278255971592240e-11 -7.622003157284449577e-12 -7.903028969179533113e-11 1.899447383167334475e-11 -1.462854493878634604e-11 -1.716598662572414464e-11 2.224306706980357665e-11 6.448019966026174140e-11 1.143337157079362717e-10 2.493640719122463512e-10 4.189593032215500761e-10 7.177307927810004157e-10 1.184801082737790952e-09 1.532936983673221108e-09 1.528713765061214372e-09 1.314525105183191161e-09
3.405777929015828010e-11 -8.947535032644231966e-11 -9.964701095860185892e-11 -1.768219549784027156e-10 -3.225939422025108052e-11 -6.422226966299658640e-12 -5.734094710860517272e-11 2.233911904823730810e-11 -9.037654693219120946e-12 -2.040638236405119294e-12 6.028432709908403097e-11 7.397973332093299179e-11 1.305008893110283158e-10 2.289198435570148839e-10 3.769106240041322248e-10 6.355057309551884813e-10 1.100976268894147602e-09 1.528713765061214372e-09 1.809101957441294756e-09 1.680241370256989799e-09
-5.569422120279617828e-11 -3.538851917903663076e-11 -4.053143990224009108e-11 -1.127674881420481846e-10 -5.120589868400862552e-12 -3.038729225552553776e-11 -2.659991030508315135e-11 7.124848423384933265e-12 -2.885833760322181459e-11 -3.360227786733296515e-12 6.364062484410265770e-11 9.952581070862861136e-11 1.496805578600603169e-10 2.136007397734221812e-10 3.134085866318814650e-10 4.964133996816809376e-10 9.131918221019622702e-10 1.314525105183191161e-09 1.680241370256989799e-09 1.927907619963625932e-09
