9.397306654486187019e-10 -6.278319047942274839e-12 6.822966472739208294e-11 2.266588538244413904e-11 1.290891369023089709e-11 2.090229462078647366e-11 -6.519909144864464260e-12 2.854783490611533167e-11 3.096581614349796055e-11 -2.288897943567141765e-11 -1.210657454242924800e-11 -2.820100862201007815e-11 -3.049480497948117031e-12 3.571270025514170140e-11 2.898613984432967148e-11 3.540915722390960567e-11 7.611489782179794052e-11 1.042052582652852468e-10 3.349430165116384202e-11 -5.035963192845942549e-11
-6.278319047942274839e-12 6.164452922355823544e-10 1.280276069375607540e-10 6.686732021056372487e-11 9.259643205936943184e-11 2.488876642462063625e-11 9.978059259610711004e-12 3.242838094790392649e-11 6.396043763838413883e-11 3.523637459310535939e-11 9.092949798968876785e-12 -2.181142407211181963e-12 -6.422439343896498443e-11 -8.463565709183103085e-11 -6.405296545783193229e-11 -6.246980345323588513e-11 -5.676056808991454349e-11 -5.049013838638440745e-11 -8.565782600417646405e-11 -3.422202544531474272e-11
6.822966472739208294e-11 1.280276069375607540e-10 4.992716598377990071e-10 1.199655768663984659e-10 7.431268069549207202e-11 4.142695448972632215e-11 -2.321271781215924967e-11 -2.360268517883751817e-11 1.532800264608148634e-11 -2.791589219394913764e-11 -4.269302379329456775e-11 -5.975359312912846433e-11 -5.943662958938260362e-11 -5.719484158720290360e-11 -6.408441036628565606e-11 -7.770961980702829771e-11 -9.442983692725099683e-11 -8.927689369805138319e-11 -9.281563421619304519e-11 -3.760742544099729421e-11
2.266588538244413904e-11 6.686732021056372487e-11 1.199655768663984659e-10 2.998513023584531277e-10 9.544409598696034554e-11 2.439233063874742481e-11 1.638583461548042394e-11 2.121825863450522382e-11 4.284599255009834517e-11 2.544412890317631571e-11 6.877975588403864879e-12 4.978591829798505366e-12 1.786590203642100630e-11 2.660864925897732302e-11 -1.408625071642938386e-12 -5.248039427068799627e-11 -1.165831172915293985e-10 -1.570357868330697946e-10 -1.646360177079513752e-10 -1.054412532307734060e-10
1.290891369023089709e-11 9.259643205936943184e-11 7.431268069549207202e-11 9.544409598696034554e-11 2.527913377118398951e-10 4.669782603468289757e-11 5.094934496541436279e-11 5.035427502168270296e-11 7.129184070427449427e-11 5.191053426432092763e-11 5.198957767056529305e-11 4.814202103597869073e-11 4.625260892322772812e-11 2.566172962891130185e-11 -6.163240721828105980e-12 -4.437903856050557048e-11 -5.685864230128086925e-11 -5.145493084826587606e-11 -3.163173542067020796e-11 -5.246593725706379419e-12
2.090229462078647366e-11 2.488876642462063625e-11 4.142695448972632215e-11 2.439233063874742481e-11 4.669782603468289757e-11 1.680302175202312608e-10 8.715693145445629047e-11 6.721403247670224271e-11 4.940585809919933823e-11 5.266080792161947689e-11 5.176332919687858879e-11 4.344734988066665751e-11 4.803546168548952373e-11 4.747690107742204541e-11 4.802562639736316464e-11 3.260069611078203472e-11 7.445307882250915700e-12 -6.779119849747414070e-12 -5.739010428938026801e-12 -2.842198987662540957e-11
-6.519909144864464260e-12 9.978059259610711004e-12 -2.321271781215924967e-11 1.638583461548042394e-11 5.094934496541436279e-11 8.715693145445629047e-11 2.019520155116010415e-10 1.185215973661419137e-10 7.451621962478567248e-11 6.478805809680466937e-11 4.802215549924003392e-11 3.261054662005938499e-11 2.655658944143354685e-11 2.428600562019348422e-11 1.996101482273343944e-11 -1.560305036965963034e-12 -4.920421441358839817e-11 -7.390636602057149308e-11 -5.357725073753071287e-11 -2.488933207762100307e-11
2.854783490611533167e-11 3.242838094790392649e-11 -2.360268517883751817e-11 2.121825863450522382e-11 5.035427502168270296e-11 6.721403247670224271e-11 1.185215973661419137e-10 1.801783238827359104e-10 1.215263706971024070e-10 8.523781711583312019e-11 6.639267083227170855e-11 5.259141050418721356e-11 5.957956643106458483e-11 4.735092803660830227e-11 5.410431758580363275e-11 6.337130702779751595e-11 3.281541970419335189e-11 1.763203383890288190e-11 2.080903551873184685e-11 6.664168768461104508e-12
3.096581614349796055e-11 6.396043763838413883e-11 1.532800264608148634e-11 4.284599255009834517e-11 7.129184070427449427e-11 4.940585809919933823e-11 7.451621962478567248e-11 1.215263706971024070e-10 1.866891436186228991e-10 1.225448748156250611e-10 8.652353270957349369e-11 4.172337005111775788e-11 3.454025368569074363e-11 1.911312879963738700e-11 3.332859765511580779e-11 2.588732939750061903e-11 -2.881756423039987246e-13 -1.423796217325093113e-11 -8.818573961358096875e-12 -2.705185822442246838e-11
-2.288897943567141765e-11 3.523637459310535939e-11 -2.791589219394913764e-11 2.544412890317631571e-11 5.191053426432092763e-11 5.266080792161947689e-11 6.478805809680466937e-11 8.523781711583312019e-11 1.225448748156250611e-10 1.693687467576036003e-10 1.359293833740677219e-10 1.142553436469633103e-10 1.018144630710182697e-10 8.319685151941717562e-11 8.474866242619648190e-11 6.352673741599191802e-11 1.905727219844414001e-11 -1.641670587736296004e-11 -2.120342138793276140e-12 -3.158440998461052474e-12
-1.210657454242924800e-11 9.092949798968876785e-12 -4.269302379329456775e-11 6.877975588403864879e-12 5.198957767056529305e-11 5.176332919687858879e-11 4.802215549924003392e-11 6.639267083227170855e-11 8.652353270957349369e-11 1.359293833740677219e-10 1.912534310784968377e-10 1.790720214900967892e-10 1.501575422181958648e-10 1.147568482907530314e-10 9.763457032952601308e-11 6.976878432482747183e-11 3.677660797793259961e-11 2.046739011594389717e-11 5.631473459109389188e-11 5.964764168067270633e-11
-2.820100862201007815e-11 -2.181142407211181963e-12 -5.975359312912846433e-11 4.978591829798505366e-12 4.814202103597869073e-11 4.344734988066665751e-11 3.261054662005938499e-11 5.259141050418721356e-11 4.172337005111775788e-11 1.142553436469633103e-10 1.790720214900967892e-10 2.652965681951619310e-10 2.477890997272328007e-10 1.904403686201391627e-10 1.430354279714187920e-10 1.134136345669634115e-10 8.401387545319542664e-11 6.061504790532008390e-11 6.954301527185307816e-11 9.354815951082620773e-11
-3.049480497948117031e-12 -6.422439343896498443e-11 -5.943662958938260362e-11 1.786590203642100630e-11 4.625260892322772812e-11 4.803546168548952373e-11 2.655658944143354685e-11 5.957956643106458483e-11 3.454025368569074363e-11 1.018144630710182697e-10 1.501575422181958648e-10 2.477890997272328007e-10 3.311305834686686494e-10 2.913740729406210626e-10 2.352782661938541271e-10 2.000589178665199462e-10 1.513774094669487762e-10 1.077126695844288665e-10 1.228318679084991901e-10 1.407161326061462395e-10
3.571270025514170140e-11 -8.463565709183103085e-11 -5.719484158720290360e-11 2.660864925897732302e-11 2.566172962891130185e-11 4.747690107742204541e-11 2.428600562019348422e-11 4.735092803660830227e-11 1.911312879963738700e-11 8.319685151941717562e-11 1.147568482907530314e-10 1.904403686201391627e-10 2.913740729406210626e-10 3.830197769315099685e-10 3.620823696427167728e-10 3.223507052653781684e-10 2.843430892616213983e-10 2.343647914210518232e-10 2.150235402891502881e-10 2.006479261043831152e-10
2.898613984432967148e-11 -6.405296545783193229e-11 -6.408441036628565606e-11 -1.408625071642938386e-12 -6.163240721828105980e-12 4.802562639736316464e-11 1.996101482273343944e-11 5.410431758580363275e-11 3.332859765511580779e-11 8.474866242619648190e-11 9.763457032952601308e-11 1.430354279714187920e-10 2.352782661938541271e-10 3.620823696427167728e-10 4.633330266215595580e-10 4.710308985214952569e-10 4.443007100684210871e-10 3.938578691953435113e-10 3.540779199598687848e-10 2.941853433836512286e-10
3.540915722390960567e-11 -6.246980345323588513e-11 -7.770961980702829771e-11 -5.248039427068799627e-11 -4.437903856050557048e-11 3.260069611078203472e-11 -1.560305036965963034e-12 6.337130702779751595e-11 2.588732939750061903e-11 6.352673741599191802e-11 6.976878432482747183e-11 1.134136345669634115e-10 2.000589178665199462e-10 3.223507052653781684e-10 4.710308985214952569e-10 6.491281658669198223e-10 7.041056595211584439e-10 6.754649969341926855e-10 5.976654259935488171e-10 4.663904155127577508e-10
7.611489782179794052e-11 -5.676056808991454349e-11 -9.442983692725099683e-11 -1.165831172915293985e-10 -5.685864230128086925e-11 7.445307882250915700e-12 -4.920421441358839817e-11 3.281541970419335189e-11 -2.881756423039987246e-13 1.905727219844414001e-11 3.677660797793259961e-11 8.401387545319542664e-11 1.513774094669487762e-10 2.843430892616213983e-10 4.443007100684210871e-10 7.041056595211584439e-10 1.018750056346054839e-09 1.114995143076987014e-09 1.035368518873504017e-09 8.577946544217628538e-10
1.042052582652852468e-10 -5.049013838638440745e-11 -8.927689369805138319e-11 -1.570357868330697946e-10 -5.145493084826587606e-11 -6.779119849747414070e-12 -7.390636602057149308e-11 1.763203383890288190e-11 -1.423796217325093113e-11 -1.641670587736296004e-11 2.046739011594389717e-11 6.061504790532008390e-11 1.077126695844288665e-10 2.343647914210518232e-10 3.938578691953435113e-10 6.754649969341926855e-10 1.114995143076987014e-09 1.443319464022784676e-09 1.438287934087197722e-09 1.235379441554963186e-09
3.349430165116384202e-11 -8.565782600417646405e-11 -9.281563421619304519e-11 -1.646360177079513752e-10 -3.163173542067020796e-11 -5.739010428938026801e-12 -5.357725073753071287e-11 2.080903551873184685e-11 -8.818573961358096875e-12 -2.120342138793276140e-12 5.631473459109389188e-11 6.954301527185307816e-11 1.228318679084991901e-10 2.150235402891502881e-10 3.540779199598687848e-10 5.976654259935488171e-10 1.035368518873504017e-09 1.438287934087197722e-09 1.700799750676820976e-09 1.577865275339630014e-09
-5.035963192845942549e-11 -3.422202544531474272e-11 -3.760742544099729421e-11 -1.054412532307734060e-10 -5.246593725706379419e-12 -2.842198987662540957e-11 -2.488933207762100307e-11 6.664168768461104508e-12 -2.705185822442246838e-11 -3.158440998461052474e-12 5.964764168067270633e-11 9.354815951082620773e-11 1.407161326061462395e-10 2.006479261043831152e-10 2.941853433836512286e-10 4.663904155127577508e-10 8.577946544217628538e-10 1.235379441554963186e-09 1.577865275339630014e-09 1.808299194635710984e-09
