3.088311675575635583e-08 -1.409088615490885448e-09 2.514125873111627529e-09 6.481193049745238061e-10 -3.656686333919903564e-09 4.610874492942227430e-10 1.148729827679101900e-09 -6.750884208932221804e-10 6.724456393715892395e-10 4.846701039080735061e-10 3.535680341182116990e-10 -7.809974769967651053e-10 -3.664285177006291505e-10 3.515411660437194773e-11 2.533487668280859953e-10 1.220586040255634336e-10 1.698065507835200214e-10 1.104994424403274404e-10 3.524219643905667736e-11 -1.195219207806540955e-10
-1.409088615490885448e-09 1.795864487462153947e-08 -1.846336687813805373e-10 -1.116024172052825918e-09 -2.634071223968564983e-10 -9.631414031026590179e-10 2.988688413534099901e-10 -1.409113361130707076e-10 -4.213348070168851570e-10 -7.131277020549694365e-10 -8.929427884956181642e-11 7.003907283935648368e-11 -2.773025894873855928e-11 -1.316002657918427146e-10 2.554756104188426691e-11 7.366090475915552704e-11 -6.138088064563328774e-12 6.332694280070455792e-12 -2.467474386946394163e-11 -1.314886886653940578e-10
2.514125873111627529e-09 -1.846336687813805373e-10 9.648451754166669892e-09 8.443899403673257414e-10 2.571351468935586315e-10 1.697013193345617145e-10 2.974692306989024669e-10 3.863247912436211790e-10 2.215073892179403565e-10 1.814259710494330320e-10 -3.607597268022045533e-11 -3.425411095920162527e-12 -1.339816584583148243e-10 -5.175562953480712503e-11 1.472149026630325143e-10 -7.971359236937852456e-12 3.054762430462636533e-11 2.070313634220522474e-11 6.339869307555649676e-11 -2.688840413671089916e-11
6.481193049745238061e-10 -1.116024172052825918e-09 8.443899403673257414e-10 7.650433587634786314e-09 4.059984979227924536e-10 -4.453811743048583293e-10 -1.289403059728267340e-10 3.590875863123104542e-10 1.101193630206790928e-10 2.223329376282189102e-11 -2.438825424315456146e-11 -4.390376846611917242e-11 -8.627284793204150895e-11 -2.860460477510453156e-10 -1.919552353967227472e-10 -1.297491717403191979e-11 -1.071730048329500218e-10 -1.007517958804086349e-10 -9.153412621123214668e-11 -1.859032547072375596e-11
-3.656686333919903564e-09 -2.634071223968564983e-10 2.571351468935586315e-10 4.059984979227924536e-10 4.358179319999773155e-09 -2.400893327516013239e-10 -1.512632534842341287e-10 4.109899058750508575e-11 -4.398281565477516636e-11 6.571148479810508690e-11 2.540205898838660103e-11 1.138690473962912956e-12 1.421263134642759944e-10 -4.294245071122992542e-12 -2.908009372921872095e-11 6.733065161574470097e-11 6.238065998488296581e-11 4.604082961326268839e-11 5.590263677220855295e-11 -3.493318878883246217e-11
4.610874492942227430e-10 -9.631414031026590179e-10 1.697013193345617145e-10 -4.453811743048583293e-10 -2.400893327516013239e-10 3.109055382539797801e-09 4.948529782981224352e-11 -1.213718993993544900e-11 -9.871228027457910045e-11 1.077582443144740669e-10 2.188744830982320912e-10 -4.534687105062160565e-11 -8.311307554165370658e-11 2.686813613845428254e-11 -4.935006550173829925e-11 5.522059306067492335e-11 3.536874606911440040e-11 5.150341048288464201e-11 2.297214265994517979e-11 6.178581358411870345e-12
1.148729827679101900e-09 2.988688413534099901e-10 2.974692306989024669e-10 -1.289403059728267340e-10 -1.512632534842341287e-10 4.948529782981224352e-11 2.192237748532159707e-09 1.103944931571197345e-10 2.926168451852975831e-10 2.250012827255653794e-10 1.489337420938775014e-10 6.872931878931047169e-12 -4.812889730793715935e-11 -9.391865132742955854e-11 -4.314556324031331804e-11 -2.582780256668979070e-12 2.313022698452789721e-11 2.460531373914732295e-11 3.647381639834171988e-11 -7.050226789122150965e-12
-6.750884208932221804e-10 -1.409113361130707076e-10 3.863247912436211790e-10 3.590875863123104542e-10 4.109899058750508575e-11 -1.213718993993544900e-11 1.103944931571197345e-10 1.051620146827373555e-09 1.142052861305127429e-10 -7.563440990543021229e-11 -7.327725504653299675e-11 -5.325375161643891358e-11 -4.707942700859465470e-12 -4.521346430035537539e-11 -4.430660271804471908e-11 -3.801269926067039620e-11 -2.082142438619885707e-11 9.707744798315803663e-12 -6.047945963223254724e-12 -1.078993681648649613e-11
6.724456393715892395e-10 -4.213348070168851570e-10 2.215073892179403565e-10 1.101193630206790928e-10 -4.398281565477516636e-11 -9.871228027457910045e-11 2.926168451852975831e-10 1.142052861305127429e-10 1.111260967669075267e-09 2.188848823436905058e-10 9.681581838909855886e-11 4.221836734165286233e-11 1.146493259374186280e-10 3.885315873919303686e-11 -4.608878092429721148e-13 3.815989940550982487e-11 3.886686116157685443e-11 7.318265376534419867e-12 9.883464015502775351e-12 1.694867828159714409e-11
4.846701039080735061e-10 -7.131277020549694365e-10 1.814259710494330320e-10 2.223329376282189102e-11 6.571148479810508690e-11 1.077582443144740669e-10 2.250012827255653794e-10 -7.563440990543021229e-11 2.188848823436905058e-10 7.021683096846595029e-10 1.951931019341619234e-10 6.431817751496192847e-11 -4.702454686852082008e-12 7.131834583586475537e-11 1.744574719106920805e-11 3.248928647707330072e-11 7.208097042334142393e-11 2.346734828445551045e-11 2.461883417283412895e-11 5.020231631641384302e-11
3.535680341182116990e-10 -8.929427884956181642e-11 -3.607597268022045533e-11 -2.438825424315456146e-11 2.540205898838660103e-11 2.188744830982320912e-10 1.489337420938775014e-10 -7.327725504653299675e-11 9.681581838909855886e-11 1.951931019341619234e-10 5.228060189263885620e-10 4.101327839221726581e-12 7.650986951902738514e-11 4.599187261574349866e-11 1.450941007948156249e-11 7.092183885370521902e-11 3.853340489278215705e-11 3.128292534866297685e-11 3.134015636565717830e-11 2.644240535257554513e-11
-7.809974769967651053e-10 7.003907283935648368e-11 -3.425411095920162527e-12 -4.390376846611917242e-11 1.138690473962912956e-12 -4.534687105062160565e-11 6.872931878931047169e-12 -5.325375161643891358e-11 4.221836734165286233e-11 6.431817751496192847e-11 4.101327839221726581e-12 3.671753514096857330e-10 1.036409478063445929e-10 3.773954433446514808e-11 4.432098309958452007e-11 3.992419229902740631e-11 1.704513904091165237e-11 -1.960600819078490117e-11 4.459170187511519519e-12 1.543951388707356551e-11
-3.664285177006291505e-10 -2.773025894873855928e-11 -1.339816584583148243e-10 -8.627284793204150895e-11 1.421263134642759944e-10 -8.311307554165370658e-11 -4.812889730793715935e-11 -4.707942700859465470e-12 1.146493259374186280e-10 -4.702454686852082008e-12 7.650986951902738514e-11 1.036409478063445929e-10 2.843194995074458457e-10 8.385483192586588680e-11 3.871239285628036035e-11 4.562268338307153346e-11 1.614776796933667119e-11 -3.194725472156457060e-12 2.445126136947168271e-11 1.486952964469670695e-11
3.515411660437194773e-11 -1.316002657918427146e-10 -5.175562953480712503e-11 -2.860460477510453156e-10 -4.294245071122992542e-12 2.686813613845428254e-11 -9.391865132742955854e-11 -4.521346430035537539e-11 3.885315873919303686e-11 7.131834583586475537e-11 4.599187261574349866e-11 3.773954433446514808e-11 8.385483192586588680e-11 2.008159110289189928e-10 8.017389989373285180e-11 3.500910276041108695e-11 4.333458438099576194e-11 3.758070668427117866e-11 2.421338528105331397e-11 1.334008261730315644e-11
2.533487668280859953e-10 2.554756104188426691e-11 1.472149026630325143e-10 -1.919552353967227472e-10 -2.908009372921872095e-11 -4.935006550173829925e-11 -4.314556324031331804e-11 -4.430660271804471908e-11 -4.608878092429721148e-13 1.744574719106920805e-11 1.450941007948156249e-11 4.432098309958452007e-11 3.871239285628036035e-11 8.017389989373285180e-11 1.246564469995945877e-10 4.056623301388050934e-11 3.163935145716930251e-11 2.436967206541564352e-11 1.603156646804120951e-11 9.693830339391126223e-12
1.220586040255634336e-10 7.366090475915552704e-11 -7.971359236937852456e-12 -1.297491717403191979e-11 6.733065161574470097e-11 5.522059306067492335e-11 -2.582780256668979070e-12 -3.801269926067039620e-11 3.815989940550982487e-11 3.248928647707330072e-11 7.092183885370521902e-11 3.992419229902740631e-11 4.562268338307153346e-11 3.500910276041108695e-11 4.056623301388050934e-11 1.104865761595194535e-10 4.179625770286124536e-11 2.461422089624174671e-11 1.293150513547677369e-11 -6.981728886642469515e-12
1.698065507835200214e-10 -6.138088064563328774e-12 3.054762430462636533e-11 -1.071730048329500218e-10 6.238065998488296581e-11 3.536874606911440040e-11 2.313022698452789721e-11 -2.082142438619885707e-11 3.886686116157685443e-11 7.208097042334142393e-11 3.853340489278215705e-11 1.704513904091165237e-11 1.614776796933667119e-11 4.333458438099576194e-11 3.163935145716930251e-11 4.179625770286124536e-11 1.041008929136025485e-10 5.610450126584339519e-11 3.298782391916288745e-11 1.733258745581580743e-12
1.104994424403274404e-10 6.332694280070455792e-12 2.070313634220522474e-11 -1.007517958804086349e-10 4.604082961326268839e-11 5.150341048288464201e-11 2.460531373914732295e-11 9.707744798315803663e-12 7.318265376534419867e-12 2.346734828445551045e-11 3.128292534866297685e-11 -1.960600819078490117e-11 -3.194725472156457060e-12 3.758070668427117866e-11 2.436967206541564352e-11 2.461422089624174671e-11 5.610450126584339519e-11 8.914854863653635383e-11 4.523603622843166118e-11 -6.486465361036977076e-13
3.524219643905667736e-11 -2.467474386946394163e-11 6.339869307555649676e-11 -9.153412621123214668e-11 5.590263677220855295e-11 2.297214265994517979e-11 3.647381639834171988e-11 -6.047945963223254724e-12 9.883464015502775351e-12 2.461883417283412895e-11 3.134015636565717830e-11 4.459170187511519519e-12 2.445126136947168271e-11 2.421338528105331397e-11 1.603156646804120951e-11 1.293150513547677369e-11 3.298782391916288745e-11 4.523603622843166118e-11 5.168611754546338699e-11 2.048998417852966680e-11
-1.195219207806540955e-10 -1.314886886653940578e-10 -2.688840413671089916e-11 -1.859032547072375596e-11 -3.493318878883246217e-11 6.178581358411870345e-12 -7.050226789122150965e-12 -1.078993681648649613e-11 1.694867828159714409e-11 5.020231631641384302e-11 2.644240535257554513e-11 1.543951388707356551e-11 1.486952964469670695e-11 1.334008261730315644e-11 9.693830339391126223e-12 -6.981728886642469515e-12 1.733258745581580743e-12 -6.486465361036977076e-13 2.048998417852966680e-11 5.993611904716973281e-11
