6.451520986470516469e-05 4.343631328692353235e-05 3.983286953225682658e-05 3.622234766644751074e-05 3.574929449496893095e-05 3.390526193652057757e-05 3.611401893332260194e-05 3.558288896155930469e-05 3.452921036085082341e-05 3.275651231854411079e-05 3.244144473803797866e-05 3.108494985603942675e-05 2.959085212727208771e-05 2.794346446152201109e-05 2.447192387468192701e-05 2.209075979752742207e-05 1.808517227925967235e-05 1.318373585228954012e-05 7.641661400452867635e-06 2.273144399081622326e-06
4.343631328692353235e-05 6.613477299509123596e-05 4.394947992370837455e-05 4.164871761601543742e-05 4.280199767062501347e-05 3.870880531164204734e-05 3.973288547274202306e-05 4.065037792772386389e-05 3.891861973639576934e-05 3.668934989462412555e-05 3.613903784102405009e-05 3.485841024446678562e-05 3.326299229010808780e-05 3.095955445642134719e-05 2.699587960966237489e-05 2.294803107838242924e-05 1.769811776844763837e-05 1.158308718146658396e-05 5.185385822065160516e-06 -4.284496601523025450e-07
3.983286953225682658e-05 4.394947992370837455e-05 5.452129805112958916e-05 4.011639518565918047e-05 3.814489730081044918e-05 3.561854345522142730e-05 3.750683859642680679e-05 3.642965924595016071e-05 3.542272472685359641e-05 3.399235372744293510e-05 3.310869030687953836e-05 3.179667746427873863e-05 3.029737902513705952e-05 2.841558577164500420e-05 2.492327774395921837e-05 2.143090433772664165e-05 1.729910179245330306e-05 1.241759681533072519e-05 7.502136088433639543e-06 3.038639686679244379e-06
3.622234766644751074e-05 4.164871761601543742e-05 4.011639518565918047e-05 4.522857196293301085e-05 3.779727621127111745e-05 3.519488409079980453e-05 3.600357424475577158e-05 3.576138533865298648e-05 3.525076174124694623e-05 3.410123731755121461e-05 3.306066074689988760e-05 3.186897290314840504e-05 3.066692289498484741e-05 2.892189114952655718e-05 2.553070699381620396e-05 2.208978683169054955e-05 1.794626737496119863e-05 1.316849532032326183e-05 7.955356558259579449e-06 2.943060188060852367e-06
3.574929449496893095e-05 4.280199767062501347e-05 3.814489730081044918e-05 3.779727621127111745e-05 4.444269873666331595e-05 3.459276130197623631e-05 3.753230222848886403e-05 3.669596332242385824e-05 3.598933599220673746e-05 3.386731496820773760e-05 3.282914931480951999e-05 3.129058810775340113e-05 2.987920562480211417e-05 2.798050868418287671e-05 2.482710187860585736e-05 2.144401886100890541e-05 1.728663159023831043e-05 1.247179334410031513e-05 6.840247523292775963e-06 1.900582972366916591e-06
3.390526193652057757e-05 3.870880531164204734e-05 3.561854345522142730e-05 3.519488409079980453e-05 3.459276130197623631e-05 3.512449936792824527e-05 3.394137063187846535e-05 3.349584204277398505e-05 3.255220899857100910e-05 3.095492837856055296e-05 2.998165180302049247e-05 2.902154276851506465e-05 2.824955167586440459e-05 2.650120846310689000e-05 2.352863612161787367e-05 2.034288671725110087e-05 1.664591559654752081e-05 1.205906850298977046e-05 6.874617122554084341e-06 2.339096484850362348e-06
3.611401893332260194e-05 3.973288547274202306e-05 3.750683859642680679e-05 3.600357424475577158e-05 3.753230222848886403e-05 3.394137063187846535e-05 3.779095586307317097e-05 3.573721962345656044e-05 3.472020797497374947e-05 3.334755783454299385e-05 3.232006023999048160e-05 3.093567878587566661e-05 2.982283518560563469e-05 2.802509229396555094e-05 2.501109083996200542e-05 2.166465316463993615e-05 1.767175727732450411e-05 1.275957541899477346e-05 7.255119671537959197e-06 2.325422323198331901e-06
3.558288896155930469e-05 4.065037792772386389e-05 3.642965924595016071e-05 3.576138533865298648e-05 3.669596332242385824e-05 3.349584204277398505e-05 3.573721962345656044e-05 3.777888052604657661e-05 3.536119104669702623e-05 3.382934731121468392e-05 3.309496305146040205e-05 3.186387547044083505e-05 3.063565449434283057e-05 2.890150704788143097e-05 2.567139233599764918e-05 2.198588668198190699e-05 1.770301825972113083e-05 1.261072210307562188e-05 6.644424231455692487e-06 1.519260943687241128e-06
3.452921036085082341e-05 3.891861973639576934e-05 3.542272472685359641e-05 3.525076174124694623e-05 3.598933599220673746e-05 3.255220899857100910e-05 3.472020797497374947e-05 3.536119104669702623e-05 3.548487471300926715e-05 3.310723200770880750e-05 3.203128169580405835e-05 3.077878210183730240e-05 2.964294806404071714e-05 2.783325973332746243e-05 2.472591200817844128e-05 2.117361169688517324e-05 1.713634838754173943e-05 1.229036210534600381e-05 6.703865044943369529e-06 1.782506732933936988e-06
3.275651231854411079e-05 3.668934989462412555e-05 3.399235372744293510e-05 3.410123731755121461e-05 3.386731496820773760e-05 3.095492837856055296e-05 3.334755783454299385e-05 3.382934731121468392e-05 3.310723200770880750e-05 3.315161290226147648e-05 3.163633991163800752e-05 3.045774977936170175e-05 2.950412332270541479e-05 2.772130459181819937e-05 2.468813986945916946e-05 2.143101321032481738e-05 1.727484181651827854e-05 1.249789913635394082e-05 6.794063659521265223e-06 1.776689399390790985e-06
3.244144473803797866e-05 3.613903784102405009e-05 3.310869030687953836e-05 3.306066074689988760e-05 3.282914931480951999e-05 2.998165180302049247e-05 3.232006023999048160e-05 3.309496305146040205e-05 3.203128169580405835e-05 3.163633991163800752e-05 3.130941578223618360e-05 2.997276496617902439e-05 2.888013788948780666e-05 2.711025399839675750e-05 2.403830888102665466e-05 2.065693086883598606e-05 1.670471339843193346e-05 1.210374037959639408e-05 6.688063684408781857e-06 1.790970723096796892e-06
3.108494985603942675e-05 3.485841024446678562e-05 3.179667746427873863e-05 3.186897290314840504e-05 3.129058810775340113e-05 2.902154276851506465e-05 3.093567878587566661e-05 3.186387547044083505e-05 3.077878210183730240e-05 3.045774977936170175e-05 2.997276496617902439e-05 2.959355239597871362e-05 2.861193458220072638e-05 2.691649440570116419e-05 2.395672343021833733e-05 2.074185073606737089e-05 1.693293108326686229e-05 1.251159979967799270e-05 7.174890737138296208e-06 2.285103760800924737e-06
2.959085212727208771e-05 3.326299229010808780e-05 3.029737902513705952e-05 3.066692289498484741e-05 2.987920562480211417e-05 2.824955167586440459e-05 2.982283518560563469e-05 3.063565449434283057e-05 2.964294806404071714e-05 2.950412332270541479e-05 2.888013788948780666e-05 2.861193458220072638e-05 2.858457693503536930e-05 2.693803770626745873e-05 2.410808033379391823e-05 2.099537160668132397e-05 1.718394531065350387e-05 1.273376582010468147e-05 7.271378576107301031e-06 2.133826796491077953e-06
2.794346446152201109e-05 3.095955445642134719e-05 2.841558577164500420e-05 2.892189114952655718e-05 2.798050868418287671e-05 2.650120846310689000e-05 2.802509229396555094e-05 2.890150704788143097e-05 2.783325973332746243e-05 2.772130459181819937e-05 2.711025399839675750e-05 2.691649440570116419e-05 2.693803770626745873e-05 2.598265675978680278e-05 2.340355846046720086e-05 2.059032457463550047e-05 1.689691253788968276e-05 1.268524777194899102e-05 7.526783722645807260e-06 2.476901441377182491e-06
2.447192387468192701e-05 2.699587960966237489e-05 2.492327774395921837e-05 2.553070699381620396e-05 2.482710187860585736e-05 2.352863612161787367e-05 2.501109083996200542e-05 2.567139233599764918e-05 2.472591200817844128e-05 2.468813986945916946e-05 2.403830888102665466e-05 2.395672343021833733e-05 2.410808033379391823e-05 2.340355846046720086e-05 2.167252811541551291e-05 1.919185893360662976e-05 1.581402610426151841e-05 1.195501173625082096e-05 7.310407250202742593e-06 2.649186816508060961e-06
2.209075979752742207e-05 2.294803107838242924e-05 2.143090433772664165e-05 2.208978683169054955e-05 2.144401886100890541e-05 2.034288671725110087e-05 2.166465316463993615e-05 2.198588668198190699e-05 2.117361169688517324e-05 2.143101321032481738e-05 2.065693086883598606e-05 2.074185073606737089e-05 2.099537160668132397e-05 2.059032457463550047e-05 1.919185893360662976e-05 1.790095432163688662e-05 1.516854882975266893e-05 1.194004343350680219e-05 7.798373413325279037e-06 3.458049178741879797e-06
1.808517227925967235e-05 1.769811776844763837e-05 1.729910179245330306e-05 1.794626737496119863e-05 1.728663159023831043e-05 1.664591559654752081e-05 1.767175727732450411e-05 1.770301825972113083e-05 1.713634838754173943e-05 1.727484181651827854e-05 1.670471339843193346e-05 1.693293108326686229e-05 1.718394531065350387e-05 1.689691253788968276e-05 1.581402610426151841e-05 1.516854882975266893e-05 1.367317585518180545e-05 1.128929543005112966e-05 7.918126974055228519e-06 4.174532450842826780e-06
1.318373585228954012e-05 1.158308718146658396e-05 1.241759681533072519e-05 1.316849532032326183e-05 1.247179334410031513e-05 1.205906850298977046e-05 1.275957541899477346e-05 1.261072210307562188e-05 1.229036210534600381e-05 1.249789913635394082e-05 1.210374037959639408e-05 1.251159979967799270e-05 1.273376582010468147e-05 1.268524777194899102e-05 1.195501173625082096e-05 1.194004343350680219e-05 1.128929543005112966e-05 1.030420552994246095e-05 7.987268531317851699e-06 5.020805822409479029e-06
7.641661400452867635e-06 5.185385822065160516e-06 7.502136088433639543e-06 7.955356558259579449e-06 6.840247523292775963e-06 6.874617122554084341e-06 7.255119671537959197e-06 6.644424231455692487e-06 6.703865044943369529e-06 6.794063659521265223e-06 6.688063684408781857e-06 7.174890737138296208e-06 7.271378576107301031e-06 7.526783722645807260e-06 7.310407250202742593e-06 7.798373413325279037e-06 7.918126974055228519e-06 7.987268531317851699e-06 7.592299007731674288e-06 5.927642589331342369e-06
2.273144399081622326e-06 -4.284496601523025450e-07 3.038639686679244379e-06 2.943060188060852367e-06 1.900582972366916591e-06 2.339096484850362348e-06 2.325422323198331901e-06 1.519260943687241128e-06 1.782506732933936988e-06 1.776689399390790985e-06 1.790970723096796892e-06 2.285103760800924737e-06 2.133826796491077953e-06 2.476901441377182491e-06 2.649186816508060961e-06 3.458049178741879797e-06 4.174532450842826780e-06 5.020805822409479029e-06 5.927642589331342369e-06 6.240647801624744487e-06
