1.768306926690322074e-08 -2.277568364983473842e-09 -2.296162444315358420e-09 1.085136178500580023e-09 9.893192740420268591e-10 1.113649055713680684e-09 -6.450795223451308021e-10 1.500735760426751021e-10 3.406891951416541846e-10 2.999673811523594369e-11 -3.565733582665497396e-11 3.331552092943230789e-12 -4.133011745311065920e-10 -1.767403816097660456e-10 -2.538363985815348289e-10 5.177348387002823239e-11 -1.939953341138564323e-10 -5.401656180410345282e-11 9.554625198332232337e-11 1.306488464013414177e-10
-2.277568364983473842e-09 1.145691016184843411e-08 2.905951600168832085e-09 2.816118705537509212e-10 4.852913127663344668e-10 1.571845788222221946e-10 3.789602411881623212e-10 6.954445649433701779e-10 1.510396260630859440e-11 -2.646525194330370885e-10 1.969841635628138765e-10 -3.661617147772707182e-11 3.096482564674701498e-10 -2.397326796057125268e-10 1.647105852501945677e-10 2.292464024999889212e-10 7.822040015074357305e-11 -5.909936160424440229e-12 9.432617959362721035e-11 8.811044986816032985e-11
-2.296162444315358420e-09 2.905951600168832085e-09 7.796547189223800204e-09 7.625228128371275259e-10 -1.501227908744945834e-10 -1.530988011629465860e-10 6.093762994744199627e-10 5.320802612121312451e-10 -6.970834991166183739e-10 -5.384599645238250730e-10 6.666182251994033353e-11 1.660766097429727059e-10 7.727010186174239824e-11 1.626793224725993649e-10 5.117208919464680399e-11 -2.545385907669261992e-10 -1.073380330104071435e-10 3.447480270565001358e-11 1.697495945162485322e-11 -7.689604792636826629e-11
1.085136178500580023e-09 2.816118705537509212e-10 7.625228128371275259e-10 5.169104769022383996e-09 1.350859775454653162e-09 6.994833998791529151e-11 -2.097286236751565733e-10 2.423287490432122254e-10 -4.221445779827991849e-12 -2.476834266062303488e-10 -2.912099012463007656e-10 3.965611547355054962e-11 -2.195779322983834351e-10 -1.327153668537231924e-10 -2.044490460866332437e-10 -1.307233143537205267e-10 -7.736258424674622261e-12 -1.201997699138825226e-11 7.317994269366029273e-12 1.475179203633276259e-11
9.893192740420268591e-10 4.852913127663344668e-10 -1.501227908744945834e-10 1.350859775454653162e-09 3.600725421801971297e-09 6.520310683223482963e-11 -2.905140606346985837e-10 3.112210482698834137e-10 1.669525442819453366e-10 7.777440773077680715e-11 9.786501347525510931e-12 1.313581134702485905e-11 2.715861935227751507e-11 3.707541394573710543e-11 -1.081858129868747568e-11 -1.535623125770782385e-11 -7.119517461133471061e-11 -3.606857465337419323e-11 3.207101509269277694e-11 5.251095412285024370e-11
1.113649055713680684e-09 1.571845788222221946e-10 -1.530988011629465860e-10 6.994833998791529151e-11 6.520310683223482963e-11 1.931111768084549750e-09 2.807534985578177017e-12 2.968422366255879384e-11 -3.354927321759173765e-11 -1.829228782740255635e-11 1.024794619391426720e-10 -4.976805470956529492e-11 -9.042154585989643589e-11 -4.438225105851005195e-11 -4.398244017200311520e-11 -6.582912379843329274e-11 -6.512286160981337469e-11 -6.007417693324694450e-11 -1.246897993800738283e-11 2.386639772852517363e-11
-6.450795223451308021e-10 3.789602411881623212e-10 6.093762994744199627e-10 -2.097286236751565733e-10 -2.905140606346985837e-10 2.807534985578177017e-12 1.392606073486779364e-09 1.507868205916506815e-10 1.004532619299643708e-10 5.264431946339865467e-11 5.676280059368503902e-11 1.003036710794409896e-10 -3.936844790002667610e-12 3.666347705035141112e-11 6.655336987453593220e-11 2.114533907815901035e-11 5.529005822452284055e-11 4.696252661104089973e-11 2.756563670338838683e-11 2.868670607080714346e-11
1.500735760426751021e-10 6.954445649433701779e-10 5.320802612121312451e-10 2.423287490432122254e-10 3.112210482698834137e-10 2.968422366255879384e-11 1.507868205916506815e-10 9.325103205213441233e-10 -2.391667438940323174e-12 -3.910738865907331613e-11 2.381166000527429578e-11 1.040476948554138980e-11 6.416763602191212622e-12 1.874279851576765990e-11 4.606939733742150877e-11 6.654160314909441991e-12 -5.445537712661132653e-11 -4.322823986029634269e-11 2.338902062498395600e-11 3.316015225023002801e-11
3.406891951416541846e-10 1.510396260630859440e-11 -6.970834991166183739e-10 -4.221445779827991849e-12 1.669525442819453366e-10 -3.354927321759173765e-11 1.004532619299643708e-10 -2.391667438940323174e-12 9.916270854562210842e-10 1.264080517022159548e-10 1.550631238418848840e-11 1.571107300259098710e-11 -1.685552840433160969e-11 -4.437084838562262149e-11 -9.679547548906271429e-12 1.039346812909810764e-10 5.766805596350317767e-11 4.661046139066945044e-11 5.393879682648105005e-11 5.081903319749289597e-11
2.999673811523594369e-11 -2.646525194330370885e-10 -5.384599645238250730e-10 -2.476834266062303488e-10 7.777440773077680715e-11 -1.829228782740255635e-11 5.264431946339865467e-11 -3.910738865907331613e-11 1.264080517022159548e-10 5.089513028697154542e-10 1.160509825285628545e-10 1.977994209595251219e-11 2.237993147370643289e-11 3.041063933039025922e-11 8.185992649333673557e-12 3.445705605821502302e-11 4.190507065893851052e-11 -6.507326525582365761e-12 -2.952721437786400206e-11 7.113100996645010593e-12
-3.565733582665497396e-11 1.969841635628138765e-10 6.666182251994033353e-11 -2.912099012463007656e-10 9.786501347525510931e-12 1.024794619391426720e-10 5.676280059368503902e-11 2.381166000527429578e-11 1.550631238418848840e-11 1.160509825285628545e-10 4.801548996325932057e-10 9.718752154674238336e-11 5.562547829194140292e-11 5.604288680876117422e-11 6.379005848537671183e-11 4.897425042262940407e-11 7.793108533718751902e-12 1.391473042059235666e-11 4.790236728713528366e-11 4.831207889855146501e-11
3.331552092943230789e-12 -3.661617147772707182e-11 1.660766097429727059e-10 3.965611547355054962e-11 1.313581134702485905e-11 -4.976805470956529492e-11 1.003036710794409896e-10 1.040476948554138980e-11 1.571107300259098710e-11 1.977994209595251219e-11 9.718752154674238336e-11 3.605107020002814827e-10 1.011746178709057489e-10 3.415899477199646233e-11 5.834888094302059836e-11 2.363466330711950523e-11 -2.949765373347358181e-12 1.538729701247003365e-11 3.089886267798766146e-11 1.311244844975540197e-11
-4.133011745311065920e-10 3.096482564674701498e-10 7.727010186174239824e-11 -2.195779322983834351e-10 2.715861935227751507e-11 -9.042154585989643589e-11 -3.936844790002667610e-12 6.416763602191212622e-12 -1.685552840433160969e-11 2.237993147370643289e-11 5.562547829194140292e-11 1.011746178709057489e-10 3.218632693395582690e-10 1.187368869661436926e-10 9.465583594010564798e-11 7.028406291825078840e-11 1.904197285112098111e-11 5.683898300340776473e-12 2.578433477173000255e-11 -1.463835101975087532e-12
-1.767403816097660456e-10 -2.397326796057125268e-10 1.626793224725993649e-10 -1.327153668537231924e-10 3.707541394573710543e-11 -4.438225105851005195e-11 3.666347705035141112e-11 1.874279851576765990e-11 -4.437084838562262149e-11 3.041063933039025922e-11 5.604288680876117422e-11 3.415899477199646233e-11 1.187368869661436926e-10 2.049276311189955334e-10 9.470702868880219337e-11 2.048837198757700313e-11 -3.395758994424590515e-12 -1.689153071259543155e-11 1.797889807265498513e-11 1.098578305620274813e-12
-2.538363985815348289e-10 1.647105852501945677e-10 5.117208919464680399e-11 -2.044490460866332437e-10 -1.081858129868747568e-11 -4.398244017200311520e-11 6.655336987453593220e-11 4.606939733742150877e-11 -9.679547548906271429e-12 8.185992649333673557e-12 6.379005848537671183e-11 5.834888094302059836e-11 9.465583594010564798e-11 9.470702868880219337e-11 1.755359872341013794e-10 4.674418962599507480e-11 1.111276170470776171e-11 -3.257521149588318808e-12 2.792385307481836698e-11 1.349694599710516661e-11
5.177348387002823239e-11 2.292464024999889212e-10 -2.545385907669261992e-10 -1.307233143537205267e-10 -1.535623125770782385e-11 -6.582912379843329274e-11 2.114533907815901035e-11 6.654160314909441991e-12 1.039346812909810764e-10 3.445705605821502302e-11 4.897425042262940407e-11 2.363466330711950523e-11 7.028406291825078840e-11 2.048837198757700313e-11 4.674418962599507480e-11 1.332183539926494400e-10 4.113554969036214324e-11 1.622739416728579840e-11 2.637840320782846579e-11 2.641920825422318462e-11
-1.939953341138564323e-10 7.822040015074357305e-11 -1.073380330104071435e-10 -7.736258424674622261e-12 -7.119517461133471061e-11 -6.512286160981337469e-11 5.529005822452284055e-11 -5.445537712661132653e-11 5.766805596350317767e-11 4.190507065893851052e-11 7.793108533718751902e-12 -2.949765373347358181e-12 1.904197285112098111e-11 -3.395758994424590515e-12 1.111276170470776171e-11 4.113554969036214324e-11 8.667458589208411156e-11 3.157358514114447961e-11 1.407592581720944436e-11 2.045917974483070150e-12
-5.401656180410345282e-11 -5.909936160424440229e-12 3.447480270565001358e-11 -1.201997699138825226e-11 -3.606857465337419323e-11 -6.007417693324694450e-11 4.696252661104089973e-11 -4.322823986029634269e-11 4.661046139066945044e-11 -6.507326525582365761e-12 1.391473042059235666e-11 1.538729701247003365e-11 5.683898300340776473e-12 -1.689153071259543155e-11 -3.257521149588318808e-12 1.622739416728579840e-11 3.157358514114447961e-11 7.678537312676491039e-11 3.115962111678393719e-11 6.549116553356145481e-12
9.554625198332232337e-11 9.432617959362721035e-11 1.697495945162485322e-11 7.317994269366029273e-12 3.207101509269277694e-11 -1.246897993800738283e-11 2.756563670338838683e-11 2.338902062498395600e-11 5.393879682648105005e-11 -2.952721437786400206e-11 4.790236728713528366e-11 3.089886267798766146e-11 2.578433477173000255e-11 1.797889807265498513e-11 2.792385307481836698e-11 2.637840320782846579e-11 1.407592581720944436e-11 3.115962111678393719e-11 6.696472804556080725e-11 3.389807873027790563e-11
1.306488464013414177e-10 8.811044986816032985e-11 -7.689604792636826629e-11 1.475179203633276259e-11 5.251095412285024370e-11 2.386639772852517363e-11 2.868670607080714346e-11 3.316015225023002801e-11 5.081903319749289597e-11 7.113100996645010593e-12 4.831207889855146501e-11 1.311244844975540197e-11 -1.463835101975087532e-12 1.098578305620274813e-12 1.349694599710516661e-11 2.641920825422318462e-11 2.045917974483070150e-12 6.549116553356145481e-12 3.389807873027790563e-11 7.615989499802179371e-11
