3.371332975198475164e-06 3.156898051901517524e-06 3.038275463017338578e-06 3.065351201960791403e-06 3.232625880508750057e-06 3.150160402575451806e-06 3.177228407020725276e-06 3.165614151848433098e-06 3.084987607506012976e-06 2.834771697992902695e-06 2.595389462484117296e-06 2.401270101353605396e-06 2.004917622786959927e-06 1.247763667521928108e-06 5.953687947558120876e-07 3.645266016051851364e-08 -2.093176024036288622e-07 -3.288681322245282705e-07 -1.378318997999392560e-07 -1.041827291059360253e-07
3.156898051901517524e-06 3.745441020398614447e-06 3.461310166341541931e-06 3.463861631213571135e-06 3.535868136359327819e-06 3.409468204014675262e-06 3.441526393491785131e-06 3.393766101528971837e-06 3.334449744290537199e-06 2.962666256908457252e-06 2.655593984402949903e-06 2.452088897525699198e-06 1.966736028841045680e-06 1.129380672608929148e-06 4.371112953645224954e-07 -1.571233346240111218e-07 -5.105495530653094121e-07 -6.926157179640109422e-07 -4.255962734296661239e-07 -4.749290158759801712e-08
3.038275463017338578e-06 3.461310166341541931e-06 3.734317957612055206e-06 3.623794323325323528e-06 3.711659516929375213e-06 3.540115774974979432e-06 3.542766891335867679e-06 3.579958255551848218e-06 3.535146795612156496e-06 3.120159488400668823e-06 2.862413456080890809e-06 2.630366428750003233e-06 2.074178917792711928e-06 1.189294292503751493e-06 4.029820450698116410e-07 -2.909862505823510755e-07 -6.813699221182968341e-07 -7.711382413115543156e-07 -4.585324211558473501e-07 8.476177403522732173e-08
3.065351201960791403e-06 3.463861631213571135e-06 3.623794323325323528e-06 4.122753294200176675e-06 4.138011311899648171e-06 3.906200221737421622e-06 3.881549609089670174e-06 3.933803118006603484e-06 3.813971124006912318e-06 3.432574675948904438e-06 3.251710373713579063e-06 3.024323441867309441e-06 2.406308336561559449e-06 1.471572865794706168e-06 6.800623732280923622e-07 4.569221911314861667e-08 -4.224537474756302428e-07 -7.142377714256345682e-07 -5.965759229576879976e-07 -4.804083595305545596e-08
3.232625880508750057e-06 3.535868136359327819e-06 3.711659516929375213e-06 4.138011311899648171e-06 4.619318701067166265e-06 4.379874112609995321e-06 4.293811117237330017e-06 4.281815273513075862e-06 4.188523590308360677e-06 3.796793825102115068e-06 3.598383979483425572e-06 3.291823159997365860e-06 2.596940461815665826e-06 1.610972305432288481e-06 7.121428217092783236e-07 1.668085256291051003e-08 -4.022755573654802141e-07 -6.460542549976320346e-07 -4.217067320577317931e-07 1.553696514144183063e-08
3.150160402575451806e-06 3.409468204014675262e-06 3.540115774974979432e-06 3.906200221737421622e-06 4.379874112609995321e-06 4.516362095090407115e-06 4.437984977582563573e-06 4.398826217776934034e-06 4.284757183032615262e-06 3.888038138822053888e-06 3.680061074120186528e-06 3.334274372818530489e-06 2.632705482968971377e-06 1.666807210178685807e-06 7.830958036802812634e-07 9.290527785948015868e-08 -3.555621514663136699e-07 -6.953286212406402542e-07 -4.062692371837047001e-07 1.077511874742122292e-07
3.177228407020725276e-06 3.441526393491785131e-06 3.542766891335867679e-06 3.881549609089670174e-06 4.293811117237330017e-06 4.437984977582563573e-06 4.706704488105854926e-06 4.632559985968197964e-06 4.476255878018258707e-06 4.099216763442750473e-06 3.895131575413506306e-06 3.538276357386488604e-06 2.883974524877906619e-06 1.852123235392460566e-06 9.243175375107759749e-07 1.468804803804342039e-07 -4.211085372287502773e-07 -8.362189056565273011e-07 -4.253825021256183592e-07 2.321049160555986992e-07
3.165614151848433098e-06 3.393766101528971837e-06 3.579958255551848218e-06 3.933803118006603484e-06 4.281815273513075862e-06 4.398826217776934034e-06 4.632559985968197964e-06 4.897557087779841421e-06 4.742722681438994239e-06 4.374047803672566017e-06 4.206199323506268883e-06 3.878232998207019130e-06 3.205286438670324695e-06 2.079677651851452025e-06 1.054955234887076312e-06 2.717624105797587419e-07 -2.229026991477274835e-07 -6.331714068557359620e-07 -4.003689121438349841e-07 2.222487310234246936e-07
3.084987607506012976e-06 3.334449744290537199e-06 3.535146795612156496e-06 3.813971124006912318e-06 4.188523590308360677e-06 4.284757183032615262e-06 4.476255878018258707e-06 4.742722681438994239e-06 4.894398621550835763e-06 4.528398969244096780e-06 4.341808203415344179e-06 3.977149772595864942e-06 3.272253727369485045e-06 2.098174696840270437e-06 9.643428914824077857e-07 1.274470513387679844e-07 -3.684279189248397947e-07 -7.161896188252023143e-07 -4.300762940716395588e-07 2.498784182072733993e-07
2.834771697992902695e-06 2.962666256908457252e-06 3.120159488400668823e-06 3.432574675948904438e-06 3.796793825102115068e-06 3.888038138822053888e-06 4.099216763442750473e-06 4.374047803672566017e-06 4.528398969244096780e-06 4.421518831484625829e-06 4.353281129052368601e-06 4.026575166462521953e-06 3.401028496955599865e-06 2.305196308697115021e-06 1.185175700031820323e-06 3.602368341675896558e-07 -1.690659185350624082e-07 -6.256277149836865101e-07 -4.454206423445026731e-07 1.223344338045479959e-07
2.595389462484117296e-06 2.655593984402949903e-06 2.862413456080890809e-06 3.251710373713579063e-06 3.598383979483425572e-06 3.680061074120186528e-06 3.895131575413506306e-06 4.206199323506268883e-06 4.341808203415344179e-06 4.353281129052368601e-06 4.680755588414003847e-06 4.390858347027008874e-06 3.768537241784474792e-06 2.689917951328965012e-06 1.549670717869904888e-06 7.067672236125947217e-07 9.615276447215064875e-08 -5.123962063085113799e-07 -3.243873815484776402e-07 1.998034015981796747e-07
2.401270101353605396e-06 2.452088897525699198e-06 2.630366428750003233e-06 3.024323441867309441e-06 3.291823159997365860e-06 3.334274372818530489e-06 3.538276357386488604e-06 3.878232998207019130e-06 3.977149772595864942e-06 4.026575166462521953e-06 4.390858347027008874e-06 4.423538343085753558e-06 3.911925924094075921e-06 2.902982621493241629e-06 1.786489829545133907e-06 9.558823627185359305e-07 2.532812795321734196e-07 -4.525098290357675364e-07 -3.663327212594218884e-07 1.634251289245586804e-07
2.004917622786959927e-06 1.966736028841045680e-06 2.074178917792711928e-06 2.406308336561559449e-06 2.596940461815665826e-06 2.632705482968971377e-06 2.883974524877906619e-06 3.205286438670324695e-06 3.272253727369485045e-06 3.401028496955599865e-06 3.768537241784474792e-06 3.911925924094075921e-06 3.762670325292323587e-06 2.987234470644277252e-06 2.075158295670209384e-06 1.326531749047942487e-06 6.021438260613795801e-07 -1.330677303393201123e-07 -1.416344341866980215e-07 2.630838557815348593e-07
1.247763667521928108e-06 1.129380672608929148e-06 1.189294292503751493e-06 1.471572865794706168e-06 1.610972305432288481e-06 1.666807210178685807e-06 1.852123235392460566e-06 2.079677651851452025e-06 2.098174696840270437e-06 2.305196308697115021e-06 2.689917951328965012e-06 2.902982621493241629e-06 2.987234470644277252e-06 2.916742981143613925e-06 2.528136093180749149e-06 1.990135376573840483e-06 1.194621352337568378e-06 2.621026549479883062e-07 1.081459299912034026e-08 3.486214715022219777e-07
5.953687947558120876e-07 4.371112953645224954e-07 4.029820450698116410e-07 6.800623732280923622e-07 7.121428217092783236e-07 7.830958036802812634e-07 9.243175375107759749e-07 1.054955234887076312e-06 9.643428914824077857e-07 1.185175700031820323e-06 1.549670717869904888e-06 1.786489829545133907e-06 2.075158295670209384e-06 2.528136093180749149e-06 3.028613536817159023e-06 2.881245447697990985e-06 1.988594984523796620e-06 7.239990379869448688e-07 9.515468041735062762e-08 3.331557356077097574e-07
3.645266016051851364e-08 -1.571233346240111218e-07 -2.909862505823510755e-07 4.569221911314861667e-08 1.668085256291051003e-08 9.290527785948015868e-08 1.468804803804342039e-07 2.717624105797587419e-07 1.274470513387679844e-07 3.602368341675896558e-07 7.067672236125947217e-07 9.558823627185359305e-07 1.326531749047942487e-06 1.990135376573840483e-06 2.881245447697990985e-06 3.387959303697711491e-06 2.795031958998093243e-06 1.443938289595843353e-06 3.483597146781783044e-07 1.673582200132320967e-07
-2.093176024036288622e-07 -5.105495530653094121e-07 -6.813699221182968341e-07 -4.224537474756302428e-07 -4.022755573654802141e-07 -3.555621514663136699e-07 -4.211085372287502773e-07 -2.229026991477274835e-07 -3.684279189248397947e-07 -1.690659185350624082e-07 9.615276447215064875e-08 2.532812795321734196e-07 6.021438260613795801e-07 1.194621352337568378e-06 1.988594984523796620e-06 2.795031958998093243e-06 3.259889120765304684e-06 2.454277782353391918e-06 1.120921648990056476e-06 1.392022300670602257e-07
-3.288681322245282705e-07 -6.926157179640109422e-07 -7.711382413115543156e-07 -7.142377714256345682e-07 -6.460542549976320346e-07 -6.953286212406402542e-07 -8.362189056565273011e-07 -6.331714068557359620e-07 -7.161896188252023143e-07 -6.256277149836865101e-07 -5.123962063085113799e-07 -4.525098290357675364e-07 -1.330677303393201123e-07 2.621026549479883062e-07 7.239990379869448688e-07 1.443938289595843353e-06 2.454277782353391918e-06 3.089057529259045741e-06 2.139304010049838082e-06 5.248109994975301297e-07
-1.378318997999392560e-07 -4.255962734296661239e-07 -4.585324211558473501e-07 -5.965759229576879976e-07 -4.217067320577317931e-07 -4.062692371837047001e-07 -4.253825021256183592e-07 -4.003689121438349841e-07 -4.300762940716395588e-07 -4.454206423445026731e-07 -3.243873815484776402e-07 -3.663327212594218884e-07 -1.416344341866980215e-07 1.081459299912034026e-08 9.515468041735062762e-08 3.483597146781783044e-07 1.120921648990056476e-06 2.139304010049838082e-06 2.604779700697283113e-06 1.529372385022325894e-06
-1.041827291059360253e-07 -4.749290158759801712e-08 8.476177403522732173e-08 -4.804083595305545596e-08 1.553696514144183063e-08 1.077511874742122292e-07 2.321049160555986992e-07 2.222487310234246936e-07 2.498784182072733993e-07 1.223344338045479959e-07 1.998034015981796747e-07 1.634251289245586804e-07 2.630838557815348593e-07 3.486214715022219777e-07 3.331557356077097574e-07 1.673582200132320967e-07 1.392022300670602257e-07 5.248109994975301297e-07 1.529372385022325894e-06 2.450183920549439323e-06
