1.858967535921067724e-08 -2.345033223447005945e-09 -2.380570784723056066e-09 1.105546872849964244e-09 1.001858862723690463e-09 1.150136706268343149e-09 -6.530690791609402842e-10 1.552194490597789147e-10 3.576420611838421184e-10 3.746208377634787547e-11 -2.690124732698136654e-11 7.807842688084579925e-12 -4.185357004911044797e-10 -1.832907691633283039e-10 -2.549195850065986748e-10 5.879826374993881535e-11 -1.980511736641950149e-10 -5.154126308239517906e-11 1.009417817393140918e-10 1.384413114028704620e-10
-2.345033223447005945e-09 1.180123387923505616e-08 2.951743075884979581e-09 2.678712953179011799e-10 4.862268709429994435e-10 1.646118273936868306e-10 3.800711407770191116e-10 6.980770199019238768e-10 1.488859682662844395e-11 -2.700443485931682007e-10 2.047272713617432540e-10 -4.277209969805269900e-11 3.131374385033402799e-10 -2.425214057838913138e-10 1.690653787404257790e-10 2.382444938040689004e-10 7.973808154875557133e-11 -5.382270957972421663e-12 9.747922115590579187e-11 9.338204077961817303e-11
-2.380570784723056066e-09 2.951743075884979581e-09 7.969464585785846765e-09 7.649708856475277462e-10 -1.644423854286755248e-10 -1.654402474631384442e-10 6.136124624885701970e-10 5.353920373301141391e-10 -7.016276640141915051e-10 -5.406488805235878164e-10 6.821815062824760725e-11 1.602946194324896066e-10 7.846584081354118378e-11 1.662248883525885535e-10 5.555851719482273171e-11 -2.513198710814434802e-10 -1.052626094523865833e-10 3.583644781719956686e-11 1.681578833031596105e-11 -7.591986155143132020e-11
1.105546872849964244e-09 2.678712953179011799e-10 7.649708856475277462e-10 5.230992399053152705e-09 1.356844731390449477e-09 6.240036812891497872e-11 -2.131359468277208900e-10 2.418644747199804511e-10 -5.551571069071571666e-12 -2.479450746599303736e-10 -2.849289899169847390e-10 3.888617984425036220e-11 -2.172973224467687085e-10 -1.298317436484286242e-10 -2.010238219552543792e-10 -1.280846361705995902e-10 -6.109282901380009542e-12 -1.092902857735896433e-11 8.487175610167514334e-12 1.680323042514675259e-11
1.001858862723690463e-09 4.862268709429994435e-10 -1.644423854286755248e-10 1.356844731390449477e-09 3.621846102893170750e-09 5.948303047999152115e-11 -2.943985194898416930e-10 3.101622249655089757e-10 1.677740290753084863e-10 7.857465232023162967e-11 1.235709432716621667e-11 1.298329597754563897e-11 2.895985041621151566e-11 3.849466023263768051e-11 -8.610583281741983770e-12 -1.252500592577626158e-11 -6.990008611818496502e-11 -3.509066032758275275e-11 3.321843835414709689e-11 5.353775880058400444e-11
1.150136706268343149e-09 1.646118273936868306e-10 -1.654402474631384442e-10 6.240036812891497872e-11 5.948303047999152115e-11 1.928347079249602929e-09 4.272207700421922913e-13 2.863734981599063801e-11 -3.373666145501435088e-11 -1.918144598157049000e-11 1.029064146456715381e-10 -5.168891265963347026e-11 -8.930049535080124837e-11 -4.364966867966413158e-11 -4.287389503009529531e-11 -6.390258634571923264e-11 -6.476300169697639836e-11 -5.852954645271296370e-11 -1.130374020244093059e-11 2.400828499879708069e-11
-6.530690791609402842e-10 3.800711407770191116e-10 6.136124624885701970e-10 -2.131359468277208900e-10 -2.943985194898416930e-10 4.272207700421922913e-13 1.393551024898620255e-09 1.513362044155270435e-10 1.019988984214810087e-10 5.318933605537308956e-11 5.926095434652445922e-11 9.844138850678959701e-11 -2.703298671738811804e-12 3.790199496149635908e-11 6.849494122359094231e-11 2.362670203783432622e-11 5.515695257130329372e-11 4.760475381293835207e-11 2.762242592216666844e-11 2.939273554344344868e-11
1.552194490597789147e-10 6.980770199019238768e-10 5.353920373301141391e-10 2.418644747199804511e-10 3.101622249655089757e-10 2.863734981599063801e-11 1.513362044155270435e-10 9.284674263099951892e-10 -1.582712307308955516e-12 -3.801884199178695473e-11 2.540292216581569270e-11 9.150970940969417500e-12 7.349650095449688283e-12 1.995470444049223370e-11 4.779812892374380729e-11 8.423780115002931346e-12 -5.436501620587059203e-11 -4.266946925575788985e-11 2.357838896536833387e-11 3.324213205808234401e-11
3.576420611838421184e-10 1.488859682662844395e-11 -7.016276640141915051e-10 -5.551571069071571666e-12 1.677740290753084863e-10 -3.373666145501435088e-11 1.019988984214810087e-10 -1.582712307308955516e-12 9.856034604280617226e-10 1.268459618911658196e-10 1.864776847667779062e-11 1.650507983608749226e-11 -1.486723343674689307e-11 -4.270179537273210201e-11 -8.491717537866761990e-12 1.042474933179447908e-10 5.739124972383676281e-11 4.665673264640363475e-11 5.388315607116495091e-11 5.074637092267085055e-11
3.746208377634787547e-11 -2.700443485931682007e-10 -5.406488805235878164e-10 -2.479450746599303736e-10 7.857465232023162967e-11 -1.918144598157049000e-11 5.318933605537308956e-11 -3.801884199178695473e-11 1.268459618911658196e-10 5.048488166295332580e-10 1.162404092310751798e-10 1.974701781572149847e-11 2.294369231881842928e-11 3.087564433436840807e-11 9.019621056821466991e-12 3.480643433494081388e-11 4.132456613624304946e-11 -6.408291724262188555e-12 -2.928518167729746950e-11 7.040536190675772178e-12
-2.690124732698136654e-11 2.047272713617432540e-10 6.821815062824760725e-11 -2.849289899169847390e-10 1.235709432716621667e-11 1.029064146456715381e-10 5.926095434652445922e-11 2.540292216581569270e-11 1.864776847667779062e-11 1.162404092310751798e-10 4.754749012282522885e-10 9.656784472949835491e-11 5.592243637615656741e-11 5.631205126770183683e-11 6.409118257352453296e-11 4.909397629879183151e-11 7.317775279003683053e-12 1.402407612923860466e-11 4.779688258484880665e-11 4.805918443983796919e-11
7.807842688084579925e-12 -4.277209969805269900e-11 1.602946194324896066e-10 3.888617984425036220e-11 1.298329597754563897e-11 -5.168891265963347026e-11 9.844138850678959701e-11 9.150970940969417500e-12 1.650507983608749226e-11 1.974701781572149847e-11 9.656784472949835491e-11 3.561116268509352431e-10 1.008311110483937403e-10 3.475685686857748579e-11 5.906941684059565472e-11 2.384716320233904480e-11 -3.202265126946811434e-12 1.545384506279281064e-11 3.106034559029377192e-11 1.331662364782669113e-11
-4.185357004911044797e-10 3.131374385033402799e-10 7.846584081354118378e-11 -2.172973224467687085e-10 2.895985041621151566e-11 -8.930049535080124837e-11 -2.703298671738811804e-12 7.349650095449688283e-12 -1.486723343674689307e-11 2.294369231881842928e-11 5.592243637615656741e-11 1.008311110483937403e-10 3.196045157569447218e-10 1.182412253482824838e-10 9.462769152904947392e-11 7.018086747474687080e-11 1.881032053332050403e-11 5.733664871958540912e-12 2.586750398697176043e-11 -1.356383258461159986e-12
-1.832907691633283039e-10 -2.425214057838913138e-10 1.662248883525885535e-10 -1.298317436484286242e-10 3.849466023263768051e-11 -4.364966867966413158e-11 3.790199496149635908e-11 1.995470444049223370e-11 -4.270179537273210201e-11 3.087564433436840807e-11 5.631205126770183683e-11 3.475685686857748579e-11 1.182412253482824838e-10 2.037386415070655118e-10 9.456952302057290476e-11 2.067597509086561223e-11 -3.410247645171571666e-12 -1.672486827109820340e-11 1.798255513493044833e-11 1.339114686664838201e-12
-2.549195850065986748e-10 1.690653787404257790e-10 5.555851719482273171e-11 -2.010238219552543792e-10 -8.610583281741983770e-12 -4.287389503009529531e-11 6.849494122359094231e-11 4.779812892374380729e-11 -8.491717537866761990e-12 9.019621056821466991e-12 6.409118257352453296e-11 5.906941684059565472e-11 9.462769152904947392e-11 9.456952302057290476e-11 1.755034654148657848e-10 4.702024742592691993e-11 1.127793629206610987e-11 -2.924567763870553707e-12 2.804815501563859654e-11 1.382754953172387384e-11
5.879826374993881535e-11 2.382444938040689004e-10 -2.513198710814434802e-10 -1.280846361705995902e-10 -1.252500592577626158e-11 -6.390258634571923264e-11 2.362670203783432622e-11 8.423780115002931346e-12 1.042474933179447908e-10 3.480643433494081388e-11 4.909397629879183151e-11 2.384716320233904480e-11 7.018086747474687080e-11 2.067597509086561223e-11 4.702024742592691993e-11 1.337426018944854465e-10 4.119089658604780503e-11 1.621325150526630461e-11 2.642772307315684869e-11 2.668002667961307830e-11
-1.980511736641950149e-10 7.973808154875557133e-11 -1.052626094523865833e-10 -6.109282901380009542e-12 -6.990008611818496502e-11 -6.476300169697639836e-11 5.515695257130329372e-11 -5.436501620587059203e-11 5.739124972383676281e-11 4.132456613624304946e-11 7.317775279003683053e-12 -3.202265126946811434e-12 1.881032053332050403e-11 -3.410247645171571666e-12 1.127793629206610987e-11 4.119089658604780503e-11 8.645733981828270811e-11 3.147226814378455972e-11 1.399622560225931855e-11 2.228389026198101447e-12
-5.154126308239517906e-11 -5.382270957972421663e-12 3.583644781719956686e-11 -1.092902857735896433e-11 -3.509066032758275275e-11 -5.852954645271296370e-11 4.760475381293835207e-11 -4.266946925575788985e-11 4.665673264640363475e-11 -6.408291724262188555e-12 1.402407612923860466e-11 1.545384506279281064e-11 5.733664871958540912e-12 -1.672486827109820340e-11 -2.924567763870553707e-12 1.621325150526630461e-11 3.147226814378455972e-11 7.667338183605094723e-11 3.115532966798690922e-11 6.589251510488027436e-12
1.009417817393140918e-10 9.747922115590579187e-11 1.681578833031596105e-11 8.487175610167514334e-12 3.321843835414709689e-11 -1.130374020244093059e-11 2.762242592216666844e-11 2.357838896536833387e-11 5.388315607116495091e-11 -2.928518167729746950e-11 4.779688258484880665e-11 3.106034559029377192e-11 2.586750398697176043e-11 1.798255513493044833e-11 2.804815501563859654e-11 2.642772307315684869e-11 1.399622560225931855e-11 3.115532966798690922e-11 6.691017498151592128e-11 3.394304622039793329e-11
1.384413114028704620e-10 9.338204077961817303e-11 -7.591986155143132020e-11 1.680323042514675259e-11 5.353775880058400444e-11 2.400828499879708069e-11 2.939273554344344868e-11 3.324213205808234401e-11 5.074637092267085055e-11 7.040536190675772178e-12 4.805918443983796919e-11 1.331662364782669113e-11 -1.356383258461159986e-12 1.339114686664838201e-12 1.382754953172387384e-11 2.668002667961307830e-11 2.228389026198101447e-12 6.589251510488027436e-12 3.394304622039793329e-11 7.624443891360546669e-11
