5.286387359750139133e-05 2.852584941392847528e-05 2.868212290620656855e-05 2.449021554742406061e-05 2.567185789365924431e-05 2.082188076702472221e-05 2.375232091271496277e-05 2.125573438420327928e-05 2.271482198867907088e-05 2.204942462146397206e-05 2.168174926901948364e-05 2.090219010533825791e-05 2.006738033503779276e-05 1.892725266555110987e-05 1.810148153221739160e-05 1.682178990239023870e-05 1.459389472066809094e-05 1.093410426819049080e-05 6.622504431255877002e-06 2.552480293463768010e-06
2.852584941392847528e-05 5.347200425082293209e-05 3.101349393339740027e-05 2.629312253708467682e-05 2.959548306861143222e-05 2.644682216893596690e-05 2.728968791176510420e-05 2.656925610318571916e-05 2.643060944910715021e-05 2.620039497443594296e-05 2.623951930181352317e-05 2.376515635883929127e-05 2.332453291014618285e-05 2.181033304035827778e-05 1.939321436149912771e-05 1.705374881403624044e-05 1.475293439928211256e-05 9.485839329368664876e-06 3.970732402580523731e-06 -8.733658077718512837e-07
2.868212290620656855e-05 3.101349393339740027e-05 3.779386697428338229e-05 2.617298524508474534e-05 2.732694066831040515e-05 2.453047882952975832e-05 2.568150351297840238e-05 2.388842725806021583e-05 2.531163957943739060e-05 2.445079969498979158e-05 2.331857377519675397e-05 2.237427317780298620e-05 2.138327247993579577e-05 2.027864846710649053e-05 1.863533451848221011e-05 1.665035376952893160e-05 1.457633191912373960e-05 1.019032128835973130e-05 5.541318713737230592e-06 1.261995426006578140e-06
2.449021554742406061e-05 2.629312253708467682e-05 2.617298524508474534e-05 3.506006249421855363e-05 2.735960661473111334e-05 2.403011756648469691e-05 2.479314451718812122e-05 2.339707136647837339e-05 2.279164205578112977e-05 2.300133700958530676e-05 2.208869687269986482e-05 2.093360821768498479e-05 1.948750312945737238e-05 1.814712247142939844e-05 1.626841052083535745e-05 1.410746508414575320e-05 1.262418229920923454e-05 7.917688706210337682e-06 3.940169432808672580e-06 1.739277006753704990e-06
2.567185789365924431e-05 2.959548306861143222e-05 2.732694066831040515e-05 2.735960661473111334e-05 3.400305172998236455e-05 2.571219539965599314e-05 2.786766254945860101e-05 2.620204513024989679e-05 2.633560433409647594e-05 2.617597587564413428e-05 2.504959879687936348e-05 2.387285016904555992e-05 2.272937301780825691e-05 2.097577121627643658e-05 1.863480526295384687e-05 1.657964660588012146e-05 1.499468130502832482e-05 1.032210160809096344e-05 5.060427535107401564e-06 1.178832366244207151e-06
2.082188076702472221e-05 2.644682216893596690e-05 2.453047882952975832e-05 2.403011756648469691e-05 2.571219539965599314e-05 2.914068574714929677e-05 2.605909597201844105e-05 2.508888062648752110e-05 2.462397046800778177e-05 2.438470180885968621e-05 2.358687784465516300e-05 2.226927834195081615e-05 2.115206413009177390e-05 1.943868759601992245e-05 1.758881905859379079e-05 1.588115704219494157e-05 1.457471710707732891e-05 9.966403876858716992e-06 5.137353994236828629e-06 1.824304462059400445e-06
2.375232091271496277e-05 2.728968791176510420e-05 2.568150351297840238e-05 2.479314451718812122e-05 2.786766254945860101e-05 2.605909597201844105e-05 2.928205535145775345e-05 2.646204652125464749e-05 2.587189684872734634e-05 2.556392907111068290e-05 2.482482376350821703e-05 2.389343786638729961e-05 2.286213383582459341e-05 2.109805905951323452e-05 1.871874016123894579e-05 1.667109041651908667e-05 1.499722757657473752e-05 1.050900547830809157e-05 5.290788117427142843e-06 1.157494203870538929e-06
2.125573438420327928e-05 2.656925610318571916e-05 2.388842725806021583e-05 2.339707136647837339e-05 2.620204513024989679e-05 2.508888062648752110e-05 2.646204652125464749e-05 2.841563798182785688e-05 2.559701630762828824e-05 2.577725691941446824e-05 2.510679342165584625e-05 2.407106615650880620e-05 2.280640872178706181e-05 2.131751564889705156e-05 1.884304696490507794e-05 1.655734106323751846e-05 1.486399017512582499e-05 1.021197411908122500e-05 5.074758589888346679e-06 8.382699119382885674e-07
2.271482198867907088e-05 2.643060944910715021e-05 2.531163957943739060e-05 2.279164205578112977e-05 2.633560433409647594e-05 2.462397046800778177e-05 2.587189684872734634e-05 2.559701630762828824e-05 2.713547300690489819e-05 2.601858919052209266e-05 2.517566885269923108e-05 2.381057510946466338e-05 2.257454649603234451e-05 2.080988755811017483e-05 1.842850810211535805e-05 1.608717991591671241e-05 1.433187702251062008e-05 9.700375160343720899e-06 5.019758476481755417e-06 1.285448327829962142e-06
2.204942462146397206e-05 2.620039497443594296e-05 2.445079969498979158e-05 2.300133700958530676e-05 2.617597587564413428e-05 2.438470180885968621e-05 2.556392907111068290e-05 2.577725691941446824e-05 2.601858919052209266e-05 2.747107251327648257e-05 2.578529512022779038e-05 2.470007384898523659e-05 2.335666463170138442e-05 2.154236577714945604e-05 1.893281544725929546e-05 1.653870431560417698e-05 1.464095445754306284e-05 1.004882734789753943e-05 5.290332628676034117e-06 1.088121182664721154e-06
2.168174926901948364e-05 2.623951930181352317e-05 2.331857377519675397e-05 2.208869687269986482e-05 2.504959879687936348e-05 2.358687784465516300e-05 2.482482376350821703e-05 2.510679342165584625e-05 2.517566885269923108e-05 2.578529512022779038e-05 2.603940681966250719e-05 2.458997743653271420e-05 2.337652902800310732e-05 2.137361835648147036e-05 1.886503017923528723e-05 1.673383889191465448e-05 1.492900609358008172e-05 1.036569059473004594e-05 5.707169733028354820e-06 1.422772926448675259e-06
2.090219010533825791e-05 2.376515635883929127e-05 2.237427317780298620e-05 2.093360821768498479e-05 2.387285016904555992e-05 2.226927834195081615e-05 2.389343786638729961e-05 2.407106615650880620e-05 2.381057510946466338e-05 2.470007384898523659e-05 2.458997743653271420e-05 2.436922840576673591e-05 2.288942232501484781e-05 2.099673348257553621e-05 1.853165782041970043e-05 1.650744035690281090e-05 1.474230247355966627e-05 1.038070043525598646e-05 5.737062796083364798e-06 1.406829851297163292e-06
2.006738033503779276e-05 2.332453291014618285e-05 2.138327247993579577e-05 1.948750312945737238e-05 2.272937301780825691e-05 2.115206413009177390e-05 2.286213383582459341e-05 2.280640872178706181e-05 2.257454649603234451e-05 2.335666463170138442e-05 2.337652902800310732e-05 2.288942232501484781e-05 2.278605893317857005e-05 2.094394034776146595e-05 1.871890621262586049e-05 1.667387543511336908e-05 1.483288047175011278e-05 1.058622481211061337e-05 5.952587827755396237e-06 1.499439793543514178e-06
1.892725266555110987e-05 2.181033304035827778e-05 2.027864846710649053e-05 1.814712247142939844e-05 2.097577121627643658e-05 1.943868759601992245e-05 2.109805905951323452e-05 2.131751564889705156e-05 2.080988755811017483e-05 2.154236577714945604e-05 2.137361835648147036e-05 2.099673348257553621e-05 2.094394034776146595e-05 2.030114654139627046e-05 1.852562703659692059e-05 1.659911828919512482e-05 1.460511348410815122e-05 1.043349966245479314e-05 5.951038864894215030e-06 1.613686602356483135e-06
1.810148153221739160e-05 1.939321436149912771e-05 1.863533451848221011e-05 1.626841052083535745e-05 1.863480526295384687e-05 1.758881905859379079e-05 1.871874016123894579e-05 1.884304696490507794e-05 1.842850810211535805e-05 1.893281544725929546e-05 1.886503017923528723e-05 1.853165782041970043e-05 1.871890621262586049e-05 1.852562703659692059e-05 1.804111414939062229e-05 1.627359245876691622e-05 1.409108225457743154e-05 1.024039037190019881e-05 6.152396704477279841e-06 2.273865551651514053e-06
1.682178990239023870e-05 1.705374881403624044e-05 1.665035376952893160e-05 1.410746508414575320e-05 1.657964660588012146e-05 1.588115704219494157e-05 1.667109041651908667e-05 1.655734106323751846e-05 1.608717991591671241e-05 1.653870431560417698e-05 1.673383889191465448e-05 1.650744035690281090e-05 1.667387543511336908e-05 1.659911828919512482e-05 1.627359245876691622e-05 1.553196672026090403e-05 1.380627349373444760e-05 1.050011388124903819e-05 6.533519916875688107e-06 2.737584951495978441e-06
1.459389472066809094e-05 1.475293439928211256e-05 1.457633191912373960e-05 1.262418229920923454e-05 1.499468130502832482e-05 1.457471710707732891e-05 1.499722757657473752e-05 1.486399017512582499e-05 1.433187702251062008e-05 1.464095445754306284e-05 1.492900609358008172e-05 1.474230247355966627e-05 1.483288047175011278e-05 1.460511348410815122e-05 1.409108225457743154e-05 1.380627349373444760e-05 1.331067469501832100e-05 1.047947592779319704e-05 6.577886770903743733e-06 2.796004775607837678e-06
1.093410426819049080e-05 9.485839329368664876e-06 1.019032128835973130e-05 7.917688706210337682e-06 1.032210160809096344e-05 9.966403876858716992e-06 1.050900547830809157e-05 1.021197411908122500e-05 9.700375160343720899e-06 1.004882734789753943e-05 1.036569059473004594e-05 1.038070043525598646e-05 1.058622481211061337e-05 1.043349966245479314e-05 1.024039037190019881e-05 1.050011388124903819e-05 1.047947592779319704e-05 9.455104093623713379e-06 6.594495799071262401e-06 3.324649363419051684e-06
6.622504431255877002e-06 3.970732402580523731e-06 5.541318713737230592e-06 3.940169432808672580e-06 5.060427535107401564e-06 5.137353994236828629e-06 5.290788117427142843e-06 5.074758589888346679e-06 5.019758476481755417e-06 5.290332628676034117e-06 5.707169733028354820e-06 5.737062796083364798e-06 5.952587827755396237e-06 5.951038864894215030e-06 6.152396704477279841e-06 6.533519916875688107e-06 6.577886770903743733e-06 6.594495799071262401e-06 5.968272255957610492e-06 4.169031117364259245e-06
2.552480293463768010e-06 -8.733658077718512837e-07 1.261995426006578140e-06 1.739277006753704990e-06 1.178832366244207151e-06 1.824304462059400445e-06 1.157494203870538929e-06 8.382699119382885674e-07 1.285448327829962142e-06 1.088121182664721154e-06 1.422772926448675259e-06 1.406829851297163292e-06 1.499439793543514178e-06 1.613686602356483135e-06 2.273865551651514053e-06 2.737584951495978441e-06 2.796004775607837678e-06 3.324649363419051684e-06 4.169031117364259245e-06 4.875663741224236134e-06
