1.909632733341165583e-08 4.330311853865284676e-11 -3.585223678791003060e-10 1.888824785356617221e-09 3.712749565843185680e-10 2.908430651478236953e-10 1.889336399381411800e-10 -5.621327418089796929e-10 1.370231836941308804e-11 4.794421329117253120e-10 5.958595257664654538e-10 3.613087777130877223e-10 3.145815884905457362e-10 -3.362268796481946511e-10 -3.166174714328910489e-10 -2.540144870168459426e-10 -8.120251403424666534e-11 -1.405973948625765943e-10 2.538892705836131779e-11 -1.369362471551927210e-11
4.330311853865284676e-11 1.641741233025444004e-08 1.492661641914783023e-10 2.522372706555429804e-09 -1.381146927902198525e-10 -1.832636163564633414e-10 -7.734343362882273691e-10 -3.321707709293742991e-10 2.700205942029598096e-10 1.340774500914402983e-10 -4.283841518277229815e-10 3.566950669114372701e-11 -1.537754633597247273e-10 2.500964259876394782e-10 1.349489598339784184e-10 -5.414106469512372245e-11 3.190437972553882583e-11 1.610355189114433089e-10 -2.517571235200862930e-11 3.133297801371763703e-11
-3.585223678791003060e-10 1.492661641914783023e-10 6.920647918238633368e-09 -1.189988361513122490e-10 -2.667395944240812436e-10 -1.863581804318211597e-10 2.939565137013958923e-10 -7.930748490418265255e-11 4.428639186271733902e-11 -3.418490444990916282e-11 -1.398164460728404053e-10 -4.208757359071387680e-12 9.416769963124206858e-11 1.461544610184600385e-11 2.466269565174039995e-11 5.420079797395257314e-11 1.145369614863256769e-10 2.493495601053513659e-11 7.021645657505597153e-13 1.736068142822727132e-11
1.888824785356617221e-09 2.522372706555429804e-09 -1.189988361513122490e-10 6.101851738686849819e-09 3.287151771961386026e-11 9.970499571217855739e-10 -2.726647046467073609e-11 -5.350499399195619531e-11 -8.601046945416197867e-12 -5.542447697559610763e-12 1.315759526827600884e-10 5.500708375906284950e-10 2.249393083866257842e-10 9.669541846895066530e-11 6.131535475689019798e-11 -5.722829993478173948e-11 6.090480700492083965e-11 -2.868221280998831174e-11 3.082287067323011167e-11 3.153229352191337387e-11
3.712749565843185680e-10 -1.381146927902198525e-10 -2.667395944240812436e-10 3.287151771961386026e-11 3.568448763778669269e-09 1.132280427265928266e-10 -4.376651648511845919e-10 -8.382422236603137155e-11 -1.676506198527461410e-10 -4.275477621187089354e-11 5.008791282927590136e-11 -5.697909831968630369e-11 -6.169142256534095741e-12 -1.696404622588899059e-11 -7.713592539950431024e-11 -1.346498085344118356e-10 -1.099252719867926137e-10 -5.252209300742836920e-11 1.464309436624601307e-11 -2.918416168533972179e-12
2.908430651478236953e-10 -1.832636163564633414e-10 -1.863581804318211597e-10 9.970499571217855739e-10 1.132280427265928266e-10 2.178897503489602885e-09 1.506574719436242689e-10 1.970744533679657406e-10 -5.397325493570447936e-11 7.174390455875712474e-11 1.327094277738497309e-10 9.995739767826638845e-11 8.778890867769985191e-11 8.397622610157114525e-12 5.123864557673910831e-11 2.712936144017879316e-11 -5.682381036568045068e-11 -7.088797855131013595e-11 1.784255066501506701e-11 -1.250762755775427651e-11
1.889336399381411800e-10 -7.734343362882273691e-10 2.939565137013958923e-10 -2.726647046467073609e-11 -4.376651648511845919e-10 1.506574719436242689e-10 1.611542367341912395e-09 1.612285215195610490e-10 -3.045226252790646264e-11 -4.598319429144826244e-11 4.262456466592441641e-11 8.017428631300121325e-11 -5.821811733439461172e-11 5.311960997798866824e-12 4.360706328509998237e-11 1.031308759822597791e-10 1.308945626749237680e-11 3.047706227066913989e-11 3.067139444368056426e-11 -4.674070866997964003e-12
-5.621327418089796929e-10 -3.321707709293742991e-10 -7.930748490418265255e-11 -5.350499399195619531e-11 -8.382422236603137155e-11 1.970744533679657406e-10 1.612285215195610490e-10 9.604066485479921363e-10 -1.687527093836371581e-10 -4.890747075933407834e-11 -3.415048943163637988e-11 5.680157431466139622e-11 -1.129220602312462820e-11 5.811890064546620756e-12 1.162224830883817111e-11 2.371366539981627305e-11 3.949254045561074865e-11 2.903154071992278047e-11 1.879866236605178950e-11 -3.330821115379625066e-11
1.370231836941308804e-11 2.700205942029598096e-10 4.428639186271733902e-11 -8.601046945416197867e-12 -1.676506198527461410e-10 -5.397325493570447936e-11 -3.045226252790646264e-11 -1.687527093836371581e-10 7.997906263013124525e-10 5.124517131938584218e-11 3.610290707807664055e-12 -3.184625695738529904e-11 1.589767462113104595e-11 -2.869600909696337323e-11 -2.046115235156781347e-12 2.198678641907286500e-11 -3.178142529363080413e-11 5.659018459885470880e-12 1.850739736072271094e-11 7.787928074824539176e-12
4.794421329117253120e-10 1.340774500914402983e-10 -3.418490444990916282e-11 -5.542447697559610763e-12 -4.275477621187089354e-11 7.174390455875712474e-11 -4.598319429144826244e-11 -4.890747075933407834e-11 5.124517131938584218e-11 4.745336158204149872e-10 1.348529108733972044e-11 2.569256872719305242e-11 7.809722505187074933e-12 -1.921346581049900418e-11 -5.487671588925908853e-11 -2.912318738339928335e-11 3.332404157771934773e-12 -1.096254250828518085e-11 -6.499932335361777989e-12 9.973606325782414963e-12
5.958595257664654538e-10 -4.283841518277229815e-10 -1.398164460728404053e-10 1.315759526827600884e-10 5.008791282927590136e-11 1.327094277738497309e-10 4.262456466592441641e-11 -3.415048943163637988e-11 3.610290707807664055e-12 1.348529108733972044e-11 3.400926560431149221e-10 7.876410147386345832e-11 1.875401247157359515e-11 3.873349428797527790e-11 1.578835331027289553e-11 7.703386625507639314e-12 1.013194544037074208e-11 -2.383575335144897931e-11 1.202714936793080316e-12 2.499767951585061169e-11
3.613087777130877223e-10 3.566950669114372701e-11 -4.208757359071387680e-12 5.500708375906284950e-10 -5.697909831968630369e-11 9.995739767826638845e-11 8.017428631300121325e-11 5.680157431466139622e-11 -3.184625695738529904e-11 2.569256872719305242e-11 7.876410147386345832e-11 3.167470748738383772e-10 6.887904712450064522e-11 1.529107732490602168e-11 2.696134360356076370e-11 1.481064953437222234e-11 2.755933274005824287e-11 -8.306801526496023364e-12 -1.072676504357897002e-11 1.084477909113675413e-11
3.145815884905457362e-10 -1.537754633597247273e-10 9.416769963124206858e-11 2.249393083866257842e-10 -6.169142256534095741e-12 8.778890867769985191e-11 -5.821811733439461172e-11 -1.129220602312462820e-11 1.589767462113104595e-11 7.809722505187074933e-12 1.875401247157359515e-11 6.887904712450064522e-11 1.774653593575175404e-10 3.755610188225696876e-11 3.615208593205371862e-11 5.853284392411281473e-12 3.027163185143405571e-13 -2.217330135005818740e-11 -1.341788989013974924e-11 -1.713812684004610877e-12
-3.362268796481946511e-10 2.500964259876394782e-10 1.461544610184600385e-11 9.669541846895066530e-11 -1.696404622588899059e-11 8.397622610157114525e-12 5.311960997798866824e-12 5.811890064546620756e-12 -2.869600909696337323e-11 -1.921346581049900418e-11 3.873349428797527790e-11 1.529107732490602168e-11 3.755610188225696876e-11 1.745476972159940892e-10 8.758468852391084308e-11 2.217423822485575636e-11 3.044098781702304931e-11 2.103074505710714491e-11 -5.249816432701930682e-12 1.746345020810492404e-11
-3.166174714328910489e-10 1.349489598339784184e-10 2.466269565174039995e-11 6.131535475689019798e-11 -7.713592539950431024e-11 5.123864557673910831e-11 4.360706328509998237e-11 1.162224830883817111e-11 -2.046115235156781347e-12 -5.487671588925908853e-11 1.578835331027289553e-11 2.696134360356076370e-11 3.615208593205371862e-11 8.758468852391084308e-11 1.262627145734099386e-10 1.902636044693500056e-11 1.437375053597220723e-11 3.626690892567536913e-12 -3.337592421341709231e-12 1.185357666515875494e-11
-2.540144870168459426e-10 -5.414106469512372245e-11 5.420079797395257314e-11 -5.722829993478173948e-11 -1.346498085344118356e-10 2.712936144017879316e-11 1.031308759822597791e-10 2.371366539981627305e-11 2.198678641907286500e-11 -2.912318738339928335e-11 7.703386625507639314e-12 1.481064953437222234e-11 5.853284392411281473e-12 2.217423822485575636e-11 1.902636044693500056e-11 8.874381274264778047e-11 2.644096194445037981e-11 1.465063614612279087e-11 5.324431455486350327e-12 -7.541704412358733250e-12
-8.120251403424666534e-11 3.190437972553882583e-11 1.145369614863256769e-10 6.090480700492083965e-11 -1.099252719867926137e-10 -5.682381036568045068e-11 1.308945626749237680e-11 3.949254045561074865e-11 -3.178142529363080413e-11 3.332404157771934773e-12 1.013194544037074208e-11 2.755933274005824287e-11 3.027163185143405571e-13 3.044098781702304931e-11 1.437375053597220723e-11 2.644096194445037981e-11 8.235133195373969017e-11 2.988506922520811909e-11 8.411933818491932641e-12 2.426602379767855659e-12
-1.405973948625765943e-10 1.610355189114433089e-10 2.493495601053513659e-11 -2.868221280998831174e-11 -5.252209300742836920e-11 -7.088797855131013595e-11 3.047706227066913989e-11 2.903154071992278047e-11 5.659018459885470880e-12 -1.096254250828518085e-11 -2.383575335144897931e-11 -8.306801526496023364e-12 -2.217330135005818740e-11 2.103074505710714491e-11 3.626690892567536913e-12 1.465063614612279087e-11 2.988506922520811909e-11 7.489691428065236204e-11 2.867704946242879195e-11 5.804622854870253642e-12
2.538892705836131779e-11 -2.517571235200862930e-11 7.021645657505597153e-13 3.082287067323011167e-11 1.464309436624601307e-11 1.784255066501506701e-11 3.067139444368056426e-11 1.879866236605178950e-11 1.850739736072271094e-11 -6.499932335361777989e-12 1.202714936793080316e-12 -1.072676504357897002e-11 -1.341788989013974924e-11 -5.249816432701930682e-12 -3.337592421341709231e-12 5.324431455486350327e-12 8.411933818491932641e-12 2.867704946242879195e-11 4.593159379765335883e-11 1.038899408323905905e-11
-1.369362471551927210e-11 3.133297801371763703e-11 1.736068142822727132e-11 3.153229352191337387e-11 -2.918416168533972179e-12 -1.250762755775427651e-11 -4.674070866997964003e-12 -3.330821115379625066e-11 7.787928074824539176e-12 9.973606325782414963e-12 2.499767951585061169e-11 1.084477909113675413e-11 -1.713812684004610877e-12 1.746345020810492404e-11 1.185357666515875494e-11 -7.541704412358733250e-12 2.426602379767855659e-12 5.804622854870253642e-12 1.038899408323905905e-11 3.860308250267426862e-11
