3.021388990525822796e-05 2.560349253689568714e-05 2.667226050377816745e-05 2.711659217724986246e-05 2.631692967319181647e-05 2.578990046007742957e-05 2.601623665295117185e-05 2.592551329750599086e-05 2.501653781445162977e-05 2.441961415517563370e-05 2.371122722088442536e-05 2.257443043591285566e-05 2.151646183301063840e-05 1.996681158600405759e-05 1.816410024643556352e-05 1.600966992630405240e-05 1.411041746253831703e-05 1.039229868206656715e-05 5.769377145646687397e-06 1.721575972699105036e-06
2.560349253689568714e-05 2.787371996803466234e-05 2.646232160257092064e-05 2.637185608886617741e-05 2.574427818297909978e-05 2.512450356911676973e-05 2.521525043786418738e-05 2.509811293115952669e-05 2.419622419519899630e-05 2.361312867947879774e-05 2.306468503781337550e-05 2.202753699043389447e-05 2.094578697366040906e-05 1.918489530724229878e-05 1.742565256420702349e-05 1.534824667651439907e-05 1.341642296370811993e-05 9.483633388887763077e-06 5.103831728628454458e-06 1.493742787893441967e-06
2.667226050377816745e-05 2.646232160257092064e-05 2.919236298430775989e-05 2.782886437584797877e-05 2.702858756088775030e-05 2.620312879914425211e-05 2.633036332112385122e-05 2.638767332832198562e-05 2.555794580341608116e-05 2.489751629252176835e-05 2.422273446292356412e-05 2.313302385913055287e-05 2.218111289318807369e-05 2.025085907704445742e-05 1.829011647163588007e-05 1.591964490668545894e-05 1.390354192971168969e-05 9.791441554828336959e-06 5.178102866129255156e-06 1.290765474988250389e-06
2.711659217724986246e-05 2.637185608886617741e-05 2.782886437584797877e-05 2.918709178722582025e-05 2.765170893627857824e-05 2.676668642311361197e-05 2.686346322853178632e-05 2.700761764377358347e-05 2.603610513241670467e-05 2.525608692483044201e-05 2.456599174494440325e-05 2.344147846213193211e-05 2.235629280146718206e-05 2.054380982627471692e-05 1.866615632100467769e-05 1.648975944610094063e-05 1.459251914018435251e-05 1.042465857857813704e-05 5.693716839964319059e-06 1.897302911887917005e-06
2.631692967319181647e-05 2.574427818297909978e-05 2.702858756088775030e-05 2.765170893627857824e-05 2.765650722372116880e-05 2.616738520076854525e-05 2.643413324069339237e-05 2.644232340764208906e-05 2.548335790101453625e-05 2.474599694221169051e-05 2.409165268808556852e-05 2.312773795322269302e-05 2.206525789162897038e-05 2.034640423977491185e-05 1.842483850825919346e-05 1.626096413707738204e-05 1.422427275081915112e-05 1.010684593922660783e-05 5.455152625420570785e-06 1.637615949213932297e-06
2.578990046007742957e-05 2.512450356911676973e-05 2.620312879914425211e-05 2.676668642311361197e-05 2.616738520076854525e-05 2.613614204152263614e-05 2.601412521547194492e-05 2.606642427930540840e-05 2.521244663279287193e-05 2.453459339206861842e-05 2.393336114253431359e-05 2.290164385071712252e-05 2.181607945317006909e-05 2.011328712342406807e-05 1.830945856266197406e-05 1.618420844372135551e-05 1.422041516070378293e-05 1.005715455518152131e-05 5.308875286652726589e-06 1.610121598722663570e-06
2.601623665295117185e-05 2.521525043786418738e-05 2.633036332112385122e-05 2.686346322853178632e-05 2.643413324069339237e-05 2.601412521547194492e-05 2.703069074876016901e-05 2.685355809486601123e-05 2.595782468145213089e-05 2.529245075827109626e-05 2.470230284709548990e-05 2.364016759242909123e-05 2.262458818780916359e-05 2.097146157811050058e-05 1.912637064463247800e-05 1.693934993932826228e-05 1.471895223864918615e-05 1.047967788638888240e-05 5.753417172758959179e-06 1.911593050015436784e-06
2.592551329750599086e-05 2.509811293115952669e-05 2.638767332832198562e-05 2.700761764377358347e-05 2.644232340764208906e-05 2.606642427930540840e-05 2.685355809486601123e-05 2.722390182907576551e-05 2.626853910355777142e-05 2.557296728572437284e-05 2.492866042924293265e-05 2.378738136936491530e-05 2.280262801800890719e-05 2.115800206801226504e-05 1.923078341804902749e-05 1.701275429633745305e-05 1.488698440546925203e-05 1.063016619972922611e-05 5.864894789876541885e-06 1.902997801313793729e-06
2.501653781445162977e-05 2.419622419519899630e-05 2.555794580341608116e-05 2.603610513241670467e-05 2.548335790101453625e-05 2.521244663279287193e-05 2.595782468145213089e-05 2.626853910355777142e-05 2.581978669659249078e-05 2.518981037016305207e-05 2.459668790195246183e-05 2.345276002048198925e-05 2.245172641860983367e-05 2.073688871162727179e-05 1.872605523258431422e-05 1.651403592403130895e-05 1.452104992778463788e-05 1.031716841837907740e-05 5.541077471630277529e-06 1.541679251379158001e-06
2.441961415517563370e-05 2.361312867947879774e-05 2.489751629252176835e-05 2.525608692483044201e-05 2.474599694221169051e-05 2.453459339206861842e-05 2.529245075827109626e-05 2.557296728572437284e-05 2.518981037016305207e-05 2.499987061266242279e-05 2.444714634440653820e-05 2.337324384263709975e-05 2.242316896134693649e-05 2.070414752227783435e-05 1.869059376963623777e-05 1.655890219202461254e-05 1.458204401053546763e-05 1.044059141042804260e-05 5.740196235181774657e-06 1.666294462122881465e-06
2.371122722088442536e-05 2.306468503781337550e-05 2.422273446292356412e-05 2.456599174494440325e-05 2.409165268808556852e-05 2.393336114253431359e-05 2.470230284709548990e-05 2.492866042924293265e-05 2.459668790195246183e-05 2.444714634440653820e-05 2.426741230244840134e-05 2.332598769506897293e-05 2.240294639198229192e-05 2.074428264807340336e-05 1.882498847594323639e-05 1.668545689866794804e-05 1.462766968084788068e-05 1.048239962171830935e-05 5.804380681008531714e-06 1.659356051832150233e-06
2.257443043591285566e-05 2.202753699043389447e-05 2.313302385913055287e-05 2.344147846213193211e-05 2.312773795322269302e-05 2.290164385071712252e-05 2.364016759242909123e-05 2.378738136936491530e-05 2.345276002048198925e-05 2.337324384263709975e-05 2.332598769506897293e-05 2.281680646926052984e-05 2.197580173435828338e-05 2.039254889637750852e-05 1.858564174835612210e-05 1.654027760726635505e-05 1.445219793151359811e-05 1.037773869432368744e-05 5.878079980768692886e-06 1.794579220442994363e-06
2.151646183301063840e-05 2.094578697366040906e-05 2.218111289318807369e-05 2.235629280146718206e-05 2.206525789162897038e-05 2.181607945317006909e-05 2.262458818780916359e-05 2.280262801800890719e-05 2.245172641860983367e-05 2.242316896134693649e-05 2.240294639198229192e-05 2.197580173435828338e-05 2.157100712624688600e-05 2.019533830412372063e-05 1.858604049287255865e-05 1.661544323744111042e-05 1.442881558885056342e-05 1.044014843831486751e-05 6.064884688727752591e-06 1.995600737743680981e-06
1.996681158600405759e-05 1.918489530724229878e-05 2.025085907704445742e-05 2.054380982627471692e-05 2.034640423977491185e-05 2.011328712342406807e-05 2.097146157811050058e-05 2.115800206801226504e-05 2.073688871162727179e-05 2.070414752227783435e-05 2.074428264807340336e-05 2.039254889637750852e-05 2.019533830412372063e-05 1.942430894194855390e-05 1.823434523111770573e-05 1.644172681330512183e-05 1.421518400853211741e-05 1.035640944130440194e-05 6.162951176502379513e-06 2.302652329276940989e-06
1.816410024643556352e-05 1.742565256420702349e-05 1.829011647163588007e-05 1.866615632100467769e-05 1.842483850825919346e-05 1.830945856266197406e-05 1.912637064463247800e-05 1.923078341804902749e-05 1.872605523258431422e-05 1.869059376963623777e-05 1.882498847594323639e-05 1.858564174835612210e-05 1.858604049287255865e-05 1.823434523111770573e-05 1.778676899127054864e-05 1.625456571414252019e-05 1.393572278916021863e-05 1.028785478313379074e-05 6.299486323074800672e-06 2.683788102891739634e-06
1.600966992630405240e-05 1.534824667651439907e-05 1.591964490668545894e-05 1.648975944610094063e-05 1.626096413707738204e-05 1.618420844372135551e-05 1.693934993932826228e-05 1.701275429633745305e-05 1.651403592403130895e-05 1.655890219202461254e-05 1.668545689866794804e-05 1.654027760726635505e-05 1.661544323744111042e-05 1.644172681330512183e-05 1.625456571414252019e-05 1.546564117772436010e-05 1.362640456942624693e-05 1.038147821945458513e-05 6.520733819000494728e-06 3.122245377845129778e-06
1.411041746253831703e-05 1.341642296370811993e-05 1.390354192971168969e-05 1.459251914018435251e-05 1.422427275081915112e-05 1.422041516070378293e-05 1.471895223864918615e-05 1.488698440546925203e-05 1.452104992778463788e-05 1.458204401053546763e-05 1.462766968084788068e-05 1.445219793151359811e-05 1.442881558885056342e-05 1.421518400853211741e-05 1.393572278916021863e-05 1.362640456942624693e-05 1.286561102402577720e-05 1.025780473819500678e-05 6.427293424346678021e-06 3.095149304135711131e-06
1.039229868206656715e-05 9.483633388887763077e-06 9.791441554828336959e-06 1.042465857857813704e-05 1.010684593922660783e-05 1.005715455518152131e-05 1.047967788638888240e-05 1.063016619972922611e-05 1.031716841837907740e-05 1.044059141042804260e-05 1.048239962171830935e-05 1.037773869432368744e-05 1.044014843831486751e-05 1.035640944130440194e-05 1.028785478313379074e-05 1.038147821945458513e-05 1.025780473819500678e-05 9.202906603132059144e-06 6.388544677138722902e-06 3.486574924270409644e-06
5.769377145646687397e-06 5.103831728628454458e-06 5.178102866129255156e-06 5.693716839964319059e-06 5.455152625420570785e-06 5.308875286652726589e-06 5.753417172758959179e-06 5.864894789876541885e-06 5.541077471630277529e-06 5.740196235181774657e-06 5.804380681008531714e-06 5.878079980768692886e-06 6.064884688727752591e-06 6.162951176502379513e-06 6.299486323074800672e-06 6.520733819000494728e-06 6.427293424346678021e-06 6.388544677138722902e-06 5.656669424772793504e-06 4.047967803606888334e-06
1.721575972699105036e-06 1.493742787893441967e-06 1.290765474988250389e-06 1.897302911887917005e-06 1.637615949213932297e-06 1.610121598722663570e-06 1.911593050015436784e-06 1.902997801313793729e-06 1.541679251379158001e-06 1.666294462122881465e-06 1.659356051832150233e-06 1.794579220442994363e-06 1.995600737743680981e-06 2.302652329276940989e-06 2.683788102891739634e-06 3.122245377845129778e-06 3.095149304135711131e-06 3.486574924270409644e-06 4.047967803606888334e-06 4.635038811370264313e-06
