1.091629939416754341e-04 5.147029489577741425e-05 3.610110420779919459e-05 3.976046979332367406e-05 4.241280595276080784e-05 3.540915757764424426e-05 3.982052693551606937e-05 3.826971822042817445e-05 3.959042592377679670e-05 3.721368932786259031e-05 3.752409070510868202e-05 3.636154784324654326e-05 3.303174510705447553e-05 2.968762854723213071e-05 2.665223107752929854e-05 2.364183827793134258e-05 2.104017974017922745e-05 1.821436487424467807e-05 1.405833577942178770e-05 7.824040025282704656e-06
5.147029489577741425e-05 8.954649764991959066e-05 4.476750246256395392e-05 4.253620529247608036e-05 5.054115697809907434e-05 4.393336745509571006e-05 4.299268252645095651e-05 4.133388913382715754e-05 4.061542118460671926e-05 3.677951301301916545e-05 3.746501497038439658e-05 3.522650279147075491e-05 3.164896994320390587e-05 2.982727689963970302e-05 2.598567435540313550e-05 2.291382377418563061e-05 1.999724399614242486e-05 1.451539708740174867e-05 8.286280353887086553e-06 2.744975287082065856e-06
3.610110420779919459e-05 4.476750246256395392e-05 6.779203856368164400e-05 4.070554071796015711e-05 4.520623741621770134e-05 4.055054375130470734e-05 3.829901135924058849e-05 3.713183154570948787e-05 3.721778615440100407e-05 3.313540825286417972e-05 3.148796317141035721e-05 3.034969709216550618e-05 2.740192860247229833e-05 2.613359136308302286e-05 2.211899500455473245e-05 1.896604396968334713e-05 1.567496840141855360e-05 1.154327156819122644e-05 7.072776811587722407e-06 3.601542654902256624e-06
3.976046979332367406e-05 4.253620529247608036e-05 4.070554071796015711e-05 5.359278090079642375e-05 4.327628631667066638e-05 3.783629626462670418e-05 3.869995349778212378e-05 3.698765084658482769e-05 3.632550669021010237e-05 3.386887264158727463e-05 3.273775082606766217e-05 3.230549153977973451e-05 2.974765804782854707e-05 2.816030208968001058e-05 2.491225321836521925e-05 2.114554087938530849e-05 1.800113084522044740e-05 1.399329871799631724e-05 9.994418784161867076e-06 5.644885013551631583e-06
4.241280595276080784e-05 5.054115697809907434e-05 4.520623741621770134e-05 4.327628631667066638e-05 6.330678084628889356e-05 4.401984555294448153e-05 4.612052914600659208e-05 4.352261001875903847e-05 4.279430389935701107e-05 3.975302630541727340e-05 3.889265183202840281e-05 3.743879506819890965e-05 3.524842763773925109e-05 3.311143368593358235e-05 2.904934130461755284e-05 2.486217966001985283e-05 2.117062480142720517e-05 1.567427684300915893e-05 9.733348991575643586e-06 4.501087149399779071e-06
3.540915757764424426e-05 4.393336745509571006e-05 4.055054375130470734e-05 3.783629626462670418e-05 4.401984555294448153e-05 4.619765602429304672e-05 4.069113034482857937e-05 3.808819250219149969e-05 3.755232202327411718e-05 3.494666131878404334e-05 3.399963087119248272e-05 3.204186288697821977e-05 2.959575325669753278e-05 2.773761527307570527e-05 2.370312439830548910e-05 2.044090393829027557e-05 1.767039571474242921e-05 1.358702096509960623e-05 9.084607278556647769e-06 5.151750013226850880e-06
3.982052693551606937e-05 4.299268252645095651e-05 3.829901135924058849e-05 3.869995349778212378e-05 4.612052914600659208e-05 4.069113034482857937e-05 4.608290554969949953e-05 4.027635452102807913e-05 3.948791398360584345e-05 3.735589840243152009e-05 3.667299848172207114e-05 3.482620821764279554e-05 3.232096185530555657e-05 3.032038894491881134e-05 2.625233753995776483e-05 2.258480930892200176e-05 1.920476995233536975e-05 1.482414208277526729e-05 1.008167001433541259e-05 5.196277313942356222e-06
3.826971822042817445e-05 4.133388913382715754e-05 3.713183154570948787e-05 3.698765084658482769e-05 4.352261001875903847e-05 3.808819250219149969e-05 4.027635452102807913e-05 4.128607827192288285e-05 3.856149131416038194e-05 3.584728529474980377e-05 3.532203383724189205e-05 3.311350383666284710e-05 3.108629861803057182e-05 2.896478286553404586e-05 2.553611673173576246e-05 2.175315651317685588e-05 1.814661926455108518e-05 1.360290894010388060e-05 8.631889061491333656e-06 4.016918641006900559e-06
3.959042592377679670e-05 4.061542118460671926e-05 3.721778615440100407e-05 3.632550669021010237e-05 4.279430389935701107e-05 3.755232202327411718e-05 3.948791398360584345e-05 3.856149131416038194e-05 4.030453430386747918e-05 3.603411070731158474e-05 3.533963967312888689e-05 3.340292817549121495e-05 3.110387014647045180e-05 2.914933455901799972e-05 2.559827504153984774e-05 2.202362458424412565e-05 1.846957642628470046e-05 1.403235869100189553e-05 9.425851259335194809e-06 4.808668160179010171e-06
3.721368932786259031e-05 3.677951301301916545e-05 3.313540825286417972e-05 3.386887264158727463e-05 3.975302630541727340e-05 3.494666131878404334e-05 3.735589840243152009e-05 3.584728529474980377e-05 3.603411070731158474e-05 3.556937281473134790e-05 3.422235958606066033e-05 3.266337818792455539e-05 3.027125475092225682e-05 2.834906245281561642e-05 2.479749941637987370e-05 2.131452111046595234e-05 1.800565177453988187e-05 1.403351038547810887e-05 9.468333220251050675e-06 4.761070753470487979e-06
3.752409070510868202e-05 3.746501497038439658e-05 3.148796317141035721e-05 3.273775082606766217e-05 3.889265183202840281e-05 3.399963087119248272e-05 3.667299848172207114e-05 3.532203383724189205e-05 3.533963967312888689e-05 3.422235958606066033e-05 3.541884553911790756e-05 3.333766696267448425e-05 3.088390715154440950e-05 2.923152252883140685e-05 2.550553724925999668e-05 2.200813625679888045e-05 1.850600722795778377e-05 1.439310964393549943e-05 9.751542947136491502e-06 4.791646883649919829e-06
3.636154784324654326e-05 3.522650279147075491e-05 3.034969709216550618e-05 3.230549153977973451e-05 3.743879506819890965e-05 3.204186288697821977e-05 3.482620821764279554e-05 3.311350383666284710e-05 3.340292817549121495e-05 3.266337818792455539e-05 3.333766696267448425e-05 3.283168127596030602e-05 3.038012345645467146e-05 2.877710791381678069e-05 2.509730298125037272e-05 2.183814931408058685e-05 1.848128482108024565e-05 1.446426294307659432e-05 9.995681387957972450e-06 5.158495352943621712e-06
3.303174510705447553e-05 3.164896994320390587e-05 2.740192860247229833e-05 2.974765804782854707e-05 3.524842763773925109e-05 2.959575325669753278e-05 3.232096185530555657e-05 3.108629861803057182e-05 3.110387014647045180e-05 3.027125475092225682e-05 3.088390715154440950e-05 3.038012345645467146e-05 2.926635753003969679e-05 2.784609168962256658e-05 2.432032154687459362e-05 2.100337740487266515e-05 1.766669279019893001e-05 1.345059291600202499e-05 9.088702718058122365e-06 4.548930177319457911e-06
2.968762854723213071e-05 2.982727689963970302e-05 2.613359136308302286e-05 2.816030208968001058e-05 3.311143368593358235e-05 2.773761527307570527e-05 3.032038894491881134e-05 2.896478286553404586e-05 2.914933455901799972e-05 2.834906245281561642e-05 2.923152252883140685e-05 2.877710791381678069e-05 2.784609168962256658e-05 2.748146294240903713e-05 2.407805250221130739e-05 2.089444882619990665e-05 1.756982567794463293e-05 1.341064150615321511e-05 9.119085817074224835e-06 4.721082090597335719e-06
2.665223107752929854e-05 2.598567435540313550e-05 2.211899500455473245e-05 2.491225321836521925e-05 2.904934130461755284e-05 2.370312439830548910e-05 2.625233753995776483e-05 2.553611673173576246e-05 2.559827504153984774e-05 2.479749941637987370e-05 2.550553724925999668e-05 2.509730298125037272e-05 2.432032154687459362e-05 2.407805250221130739e-05 2.205947100074369337e-05 1.918577262333532221e-05 1.621759424770972927e-05 1.252067899974326208e-05 8.679940843919778395e-06 4.794817060937019054e-06
2.364183827793134258e-05 2.291382377418563061e-05 1.896604396968334713e-05 2.114554087938530849e-05 2.486217966001985283e-05 2.044090393829027557e-05 2.258480930892200176e-05 2.175315651317685588e-05 2.202362458424412565e-05 2.131452111046595234e-05 2.200813625679888045e-05 2.183814931408058685e-05 2.100337740487266515e-05 2.089444882619990665e-05 1.918577262333532221e-05 1.750515010712363641e-05 1.510235085909757752e-05 1.199114285097894103e-05 8.648677139585520064e-06 5.127998835548844292e-06
2.104017974017922745e-05 1.999724399614242486e-05 1.567496840141855360e-05 1.800113084522044740e-05 2.117062480142720517e-05 1.767039571474242921e-05 1.920476995233536975e-05 1.814661926455108518e-05 1.846957642628470046e-05 1.800565177453988187e-05 1.850600722795778377e-05 1.848128482108024565e-05 1.766669279019893001e-05 1.756982567794463293e-05 1.621759424770972927e-05 1.510235085909757752e-05 1.405249579333592820e-05 1.160126731730555541e-05 8.897701177423597671e-06 5.899741997063203281e-06
1.821436487424467807e-05 1.451539708740174867e-05 1.154327156819122644e-05 1.399329871799631724e-05 1.567427684300915893e-05 1.358702096509960623e-05 1.482414208277526729e-05 1.360290894010388060e-05 1.403235869100189553e-05 1.403351038547810887e-05 1.439310964393549943e-05 1.446426294307659432e-05 1.345059291600202499e-05 1.341064150615321511e-05 1.252067899974326208e-05 1.199114285097894103e-05 1.160126731730555541e-05 1.077002439323637479e-05 9.085671494709837573e-06 6.625246816017818292e-06
1.405833577942178770e-05 8.286280353887086553e-06 7.072776811587722407e-06 9.994418784161867076e-06 9.733348991575643586e-06 9.084607278556647769e-06 1.008167001433541259e-05 8.631889061491333656e-06 9.425851259335194809e-06 9.468333220251050675e-06 9.751542947136491502e-06 9.995681387957972450e-06 9.088702718058122365e-06 9.119085817074224835e-06 8.679940843919778395e-06 8.648677139585520064e-06 8.897701177423597671e-06 9.085671494709837573e-06 9.233132008269361366e-06 7.822884943614797059e-06
7.824040025282704656e-06 2.744975287082065856e-06 3.601542654902256624e-06 5.644885013551631583e-06 4.501087149399779071e-06 5.151750013226850880e-06 5.196277313942356222e-06 4.016918641006900559e-06 4.808668160179010171e-06 4.761070753470487979e-06 4.791646883649919829e-06 5.158495352943621712e-06 4.548930177319457911e-06 4.721082090597335719e-06 4.794817060937019054e-06 5.127998835548844292e-06 5.899741997063203281e-06 6.625246816017818292e-06 7.822884943614797059e-06 8.285352236454258970e-06
