3.657682720805535784e-08 -2.308970613471403407e-09 -7.764549483490823980e-10 1.033415662294422351e-10 1.060096639298488403e-09 -5.087065466743975133e-10 -1.418196388050579491e-09 3.764730201521029582e-10 4.314330766737069387e-10 2.156298507871501504e-10 8.884366385713252949e-10 1.520056618145937636e-10 -2.201183501272182091e-11 3.957303265469488112e-10 -2.031538293390211804e-11 -9.816304430881248799e-11 -5.263886514047831536e-11 3.953162967079190227e-10 4.483646987201372901e-10 2.338401801601449754e-10
-2.308970613471403407e-09 2.339260493550763559e-08 2.633054255374166209e-09 -6.467851993167099542e-10 -1.336468962404463036e-09 -7.676971331500280371e-11 8.141625736970505378e-10 7.729145847039750391e-10 -2.289729578548922032e-10 -1.550891249397429005e-10 2.668460733917778276e-10 -3.169787841978584969e-10 1.577126040847868349e-10 -4.223532669587656665e-10 -1.371320089697018077e-10 1.185347234013747576e-10 -3.711168885104676514e-10 -1.979281745576746816e-11 -4.306342334168915948e-11 1.738685332904866923e-10
-7.764549483490823980e-10 2.633054255374166209e-09 1.164478138667865412e-08 3.977529853531673546e-10 9.228043585467859825e-10 6.161601120279182067e-10 1.291185538664760609e-10 -1.288150061482350181e-11 -7.885471483554683201e-10 -1.710036419395023878e-10 -4.352500941080722961e-11 -2.014854000704733076e-10 1.952185258475154203e-10 -1.755006113066409570e-10 -1.048784681334789802e-10 -1.848242580130543354e-10 -2.283601156893480456e-10 -1.323546224891889594e-10 6.696345715315300032e-11 5.128305147147228241e-11
1.033415662294422351e-10 -6.467851993167099542e-10 3.977529853531673546e-10 7.755364557044344739e-09 6.274290974017523830e-10 -5.567401117968309432e-10 5.416713178237526660e-11 -6.790107345583766274e-10 2.046665810506226650e-10 2.448855305477035919e-10 1.263453385914182848e-10 -8.930828104399899631e-12 2.074120065435212186e-10 8.168664247912815389e-11 1.073592244329429036e-10 -2.505089558254422736e-11 1.662645539651569117e-10 1.139292830587721591e-10 -1.787561438194623274e-11 -3.427439746004405875e-11
1.060096639298488403e-09 -1.336468962404463036e-09 9.228043585467859825e-10 6.274290974017523830e-10 6.253140657885693082e-09 -2.125491093320053289e-10 -8.523924445334160566e-11 -5.050780406319357265e-10 -1.664969144947068254e-10 -2.984174208059774133e-10 -1.228337522209726654e-10 1.616933024122235123e-10 7.959369472892068686e-11 -1.644009931153539751e-10 -8.586385900118930422e-11 -7.391714529043700860e-11 7.636306938286714084e-11 -1.290888970431612440e-11 4.026506816683057117e-11 -2.947839039672995410e-11
-5.087065466743975133e-10 -7.676971331500280371e-11 6.161601120279182067e-10 -5.567401117968309432e-10 -2.125491093320053289e-10 3.997514576685161288e-09 8.435190555480374280e-11 -3.352709550856769103e-11 -5.481361431403502515e-10 1.042876318350285712e-10 -1.775984561681585159e-11 -1.682501236008712999e-10 -1.561535736131602302e-10 -2.015524914584025459e-10 -1.368566630736641291e-10 3.037851311348935825e-11 -6.271331822899722206e-11 -7.052007980002109960e-11 -2.630472686881729157e-11 3.168929069920630583e-12
-1.418196388050579491e-09 8.141625736970505378e-10 1.291185538664760609e-10 5.416713178237526660e-11 -8.523924445334160566e-11 8.435190555480374280e-11 2.474046199774158373e-09 3.724214548747652800e-10 2.211900433243451888e-10 4.199505156433924555e-10 3.739503614413155200e-10 9.987254891462207931e-11 -2.283419702299825248e-12 2.009541377818773442e-11 3.751997764577112484e-11 -2.974025469142302937e-11 1.437636419708464509e-11 -6.715860294323252552e-11 5.354963212329635560e-11 5.100879948203493140e-11
3.764730201521029582e-10 7.729145847039750391e-10 -1.288150061482350181e-11 -6.790107345583766274e-10 -5.050780406319357265e-10 -3.352709550856769103e-11 3.724214548747652800e-10 1.609514116610399043e-09 2.234469221769230585e-10 -5.926179839467953963e-13 9.588482063310502838e-11 1.075180607466591670e-10 -7.491656476897652888e-12 -3.197386316834030290e-11 -8.258973066376610181e-11 -9.433901991800352179e-11 -2.594953090057917396e-11 -5.956429763110534982e-11 2.394501269138378817e-11 3.746407116384451402e-11
4.314330766737069387e-10 -2.289729578548922032e-10 -7.885471483554683201e-10 2.046665810506226650e-10 -1.664969144947068254e-10 -5.481361431403502515e-10 2.211900433243451888e-10 2.234469221769230585e-10 1.203249619683823362e-09 2.126854004550567396e-10 7.523905942293438054e-11 7.804382024217150078e-11 -2.469141553357249240e-11 6.486141055491432960e-11 6.003594021278097047e-11 2.450067516006584757e-11 3.208836923073015200e-11 7.858145396863222635e-11 3.124299838324437661e-11 -8.270920600405837916e-12
2.156298507871501504e-10 -1.550891249397429005e-10 -1.710036419395023878e-10 2.448855305477035919e-10 -2.984174208059774133e-10 1.042876318350285712e-10 4.199505156433924555e-10 -5.926179839467953963e-13 2.126854004550567396e-10 8.159660500156155240e-10 1.141574649685376428e-10 8.026378259383191633e-11 9.362158222679965530e-13 5.397239851215455361e-11 3.466252741257408058e-11 2.365674780934599273e-11 5.759106841025301474e-11 5.931895134398242802e-11 3.760655036494783922e-11 3.373880686093241227e-11
8.884366385713252949e-10 2.668460733917778276e-10 -4.352500941080722961e-11 1.263453385914182848e-10 -1.228337522209726654e-10 -1.775984561681585159e-11 3.739503614413155200e-10 9.588482063310502838e-11 7.523905942293438054e-11 1.141574649685376428e-10 6.102389574160765428e-10 1.279791660024956592e-10 1.073057970645808978e-10 8.025291325479883728e-11 3.478161651376392449e-11 3.028216309751031808e-11 2.854078427220728349e-11 3.456616093301507917e-11 4.238196279490774901e-11 1.268928865017932207e-12
1.520056618145937636e-10 -3.169787841978584969e-10 -2.014854000704733076e-10 -8.930828104399899631e-12 1.616933024122235123e-10 -1.682501236008712999e-10 9.987254891462207931e-11 1.075180607466591670e-10 7.804382024217150078e-11 8.026378259383191633e-11 1.279791660024956592e-10 3.984213886617907142e-10 6.049498127787223918e-11 3.080359630570764762e-11 4.394189785669385649e-12 -1.919408705072204403e-11 1.241442804956893967e-11 5.145544436216046094e-12 4.851353471894641104e-12 -2.191913336832703873e-11
-2.201183501272182091e-11 1.577126040847868349e-10 1.952185258475154203e-10 2.074120065435212186e-10 7.959369472892068686e-11 -1.561535736131602302e-10 -2.283419702299825248e-12 -7.491656476897652888e-12 -2.469141553357249240e-11 9.362158222679965530e-13 1.073057970645808978e-10 6.049498127787223918e-11 3.098806277642371314e-10 8.634224152475202345e-11 6.716273626216116261e-11 7.892093803411885687e-12 -2.619058212061109405e-11 -1.916606247339562124e-11 1.985406590430566986e-12 -1.993459832730879048e-11
3.957303265469488112e-10 -4.223532669587656665e-10 -1.755006113066409570e-10 8.168664247912815389e-11 -1.644009931153539751e-10 -2.015524914584025459e-10 2.009541377818773442e-11 -3.197386316834030290e-11 6.486141055491432960e-11 5.397239851215455361e-11 8.025291325479883728e-11 3.080359630570764762e-11 8.634224152475202345e-11 2.898235605616882843e-10 1.297814405966400193e-10 7.017450862586498136e-11 2.815482376128119454e-11 2.424255042412184093e-11 1.364105378770662924e-11 -8.497361966270896668e-12
-2.031538293390211804e-11 -1.371320089697018077e-10 -1.048784681334789802e-10 1.073592244329429036e-10 -8.586385900118930422e-11 -1.368566630736641291e-10 3.751997764577112484e-11 -8.258973066376610181e-11 6.003594021278097047e-11 3.466252741257408058e-11 3.478161651376392449e-11 4.394189785669385649e-12 6.716273626216116261e-11 1.297814405966400193e-10 2.192022506682080500e-10 8.606123918681312795e-11 2.173108522061293869e-11 2.432001731301283064e-11 5.315434811109183902e-12 1.619592142125722415e-12
-9.816304430881248799e-11 1.185347234013747576e-10 -1.848242580130543354e-10 -2.505089558254422736e-11 -7.391714529043700860e-11 3.037851311348935825e-11 -2.974025469142302937e-11 -9.433901991800352179e-11 2.450067516006584757e-11 2.365674780934599273e-11 3.028216309751031808e-11 -1.919408705072204403e-11 7.892093803411885687e-12 7.017450862586498136e-11 8.606123918681312795e-11 1.671134589017025268e-10 6.697337819007981123e-11 4.321969790959407746e-11 1.517241469541579317e-11 2.722404710531053653e-13
-5.263886514047831536e-11 -3.711168885104676514e-10 -2.283601156893480456e-10 1.662645539651569117e-10 7.636306938286714084e-11 -6.271331822899722206e-11 1.437636419708464509e-11 -2.594953090057917396e-11 3.208836923073015200e-11 5.759106841025301474e-11 2.854078427220728349e-11 1.241442804956893967e-11 -2.619058212061109405e-11 2.815482376128119454e-11 2.173108522061293869e-11 6.697337819007981123e-11 1.589956574985975775e-10 6.858683228181783605e-11 1.742683506163165389e-11 7.685645935928864686e-12
3.953162967079190227e-10 -1.979281745576746816e-11 -1.323546224891889594e-10 1.139292830587721591e-10 -1.290888970431612440e-11 -7.052007980002109960e-11 -6.715860294323252552e-11 -5.956429763110534982e-11 7.858145396863222635e-11 5.931895134398242802e-11 3.456616093301507917e-11 5.145544436216046094e-12 -1.916606247339562124e-11 2.424255042412184093e-11 2.432001731301283064e-11 4.321969790959407746e-11 6.858683228181783605e-11 1.189617366518348817e-10 6.179229846068690317e-11 2.903059377962693165e-11
4.483646987201372901e-10 -4.306342334168915948e-11 6.696345715315300032e-11 -1.787561438194623274e-11 4.026506816683057117e-11 -2.630472686881729157e-11 5.354963212329635560e-11 2.394501269138378817e-11 3.124299838324437661e-11 3.760655036494783922e-11 4.238196279490774901e-11 4.851353471894641104e-12 1.985406590430566986e-12 1.364105378770662924e-11 5.315434811109183902e-12 1.517241469541579317e-11 1.742683506163165389e-11 6.179229846068690317e-11 1.078867169646046573e-10 5.221704050155263346e-11
2.338401801601449754e-10 1.738685332904866923e-10 5.128305147147228241e-11 -3.427439746004405875e-11 -2.947839039672995410e-11 3.168929069920630583e-12 5.100879948203493140e-11 3.746407116384451402e-11 -8.270920600405837916e-12 3.373880686093241227e-11 1.268928865017932207e-12 -2.191913336832703873e-11 -1.993459832730879048e-11 -8.497361966270896668e-12 1.619592142125722415e-12 2.722404710531053653e-13 7.685645935928864686e-12 2.903059377962693165e-11 5.221704050155263346e-11 8.182992595166744844e-11
