3.240362987099559639e-08 -2.138375958034852964e-09 -6.909047392107686595e-10 9.192378557802787797e-11 9.397095409481839765e-10 -4.997691552117463268e-10 -1.298273410770416994e-09 3.597482664657107943e-10 4.096560656815765140e-10 2.129120116051618681e-10 8.309727838838217903e-10 1.375184423860868863e-10 -2.176986466505679766e-11 3.662892446138687099e-10 -1.975237716999796722e-11 -9.628024052048200898e-11 -5.037140022220428396e-11 3.692928922813401667e-10 4.217003764619588773e-10 2.230895375921321618e-10
-2.138375958034852964e-09 2.115995857863266640e-08 2.385566759884040553e-09 -6.146095786815999393e-10 -1.243297377095274577e-09 -8.029142152888006561e-11 7.623279949858225946e-10 7.270239310744730494e-10 -2.143621525397921910e-10 -1.442065155466016953e-10 2.525827906483762076e-10 -3.007992353777753912e-10 1.499683717517978048e-10 -3.998319615505549158e-10 -1.279636012144793196e-10 1.136140327912798724e-10 -3.530958900357803112e-10 -2.330551653068757823e-11 -4.708874871410312624e-11 1.604324257563844788e-10
-6.909047392107686595e-10 2.385566759884040553e-09 1.072721110017145816e-08 3.779093233569800754e-10 8.543171958751528674e-10 5.786576624013145868e-10 1.238750587975023996e-10 -4.713859489188027210e-12 -7.486067167789045471e-10 -1.611745055753229412e-10 -4.181598219249776726e-11 -1.934416845440206841e-10 1.862796321379010857e-10 -1.690075728168599452e-10 -1.021326224414798657e-10 -1.783064097205111142e-10 -2.184163341843784524e-10 -1.264586376253656848e-10 6.390993105954252305e-11 4.940883586667710393e-11
9.192378557802787797e-11 -6.146095786815999393e-10 3.779093233569800754e-10 7.241205969214172728e-09 5.837754821635684929e-10 -5.397626466989332328e-10 5.593317713786942352e-11 -6.491447839884430098e-10 1.922716838414385125e-10 2.359587905351539757e-10 1.238476649047912080e-10 -8.614199372048953831e-12 1.981535928881986644e-10 7.882724359374395479e-11 1.043384404047506821e-10 -2.435371784742464518e-11 1.621733291788559355e-10 1.112666452221024691e-10 -1.693743673227354564e-11 -3.121769821360511040e-11
9.397095409481839765e-10 -1.243297377095274577e-09 8.543171958751528674e-10 5.837754821635684929e-10 5.876450224685464550e-09 -2.079144320810602445e-10 -8.038342875726753919e-11 -4.875648982503198891e-10 -1.611708183208099723e-10 -2.878582038719717237e-10 -1.194535112493514269e-10 1.547778398315164936e-10 7.645076862390191633e-11 -1.591794581771897617e-10 -8.252301054121899725e-11 -7.078407212762400202e-11 7.444923985730320131e-11 -1.281735473478217129e-11 3.863609584209597437e-11 -2.750044582167537051e-11
-4.997691552117463268e-10 -8.029142152888006561e-11 5.786576624013145868e-10 -5.397626466989332328e-10 -2.079144320810602445e-10 3.802399195156309687e-09 8.306700533475465622e-11 -3.254158191543302883e-11 -5.256625676622873912e-10 1.025682506850541413e-10 -1.662586527640816535e-11 -1.644112988093252636e-10 -1.530071108533602803e-10 -1.962149675933679487e-10 -1.326150485940862221e-10 3.007630449580897024e-11 -6.028324892924699550e-11 -6.820595552723039574e-11 -2.617743142601772930e-11 3.491945115119401387e-12
-1.298273410770416994e-09 7.623279949858225946e-10 1.238750587975023996e-10 5.593317713786942352e-11 -8.038342875726753919e-11 8.306700533475465622e-11 2.376481155530727273e-09 3.584816474239374698e-10 2.143038564487927372e-10 4.071455179704337167e-10 3.652632462571643653e-10 9.862725608446977661e-11 -1.581339680340918230e-12 1.960125499335841133e-11 3.707973362657524919e-11 -2.908108247864975364e-11 1.424575297703022198e-11 -6.538119739310144077e-11 5.220257110630317363e-11 4.938020896826355448e-11
3.597482664657107943e-10 7.270239310744730494e-10 -4.713859489188027210e-12 -6.491447839884430098e-10 -4.875648982503198891e-10 -3.254158191543302883e-11 3.584816474239374698e-10 1.557930266647312465e-09 2.170603364968745061e-10 -8.883353751203371947e-13 9.278514079718472618e-11 1.046977733385435808e-10 -7.221276146436000547e-12 -3.150056354320637053e-11 -8.040225591883375387e-11 -9.262453520516556835e-11 -2.527761021232519376e-11 -5.832151241777810755e-11 2.329942815029856449e-11 3.629766522206045096e-11
4.096560656815765140e-10 -2.143621525397921910e-10 -7.486067167789045471e-10 1.922716838414385125e-10 -1.611708183208099723e-10 -5.256625676622873912e-10 2.143038564487927372e-10 2.170603364968745061e-10 1.171821739515006314e-09 2.075352729284610971e-10 7.412271923524022476e-11 7.649523860853861580e-11 -2.439229501206143002e-11 6.370889468340880291e-11 5.925702340928122963e-11 2.409009678999459323e-11 3.215474386017073187e-11 7.813493671364993008e-11 3.114536455076835212e-11 -7.838050532660870648e-12
2.129120116051618681e-10 -1.442065155466016953e-10 -1.611745055753229412e-10 2.359587905351539757e-10 -2.878582038719717237e-10 1.025682506850541413e-10 4.071455179704337167e-10 -8.883353751203371947e-13 2.075352729284610971e-10 7.989149390586334813e-10 1.122355212863135741e-10 7.891783952287916367e-11 9.970603583612484569e-13 5.344094517620194396e-11 3.454875463188244039e-11 2.331765130689885236e-11 5.729950662860356765e-11 5.927020714107339410e-11 3.741997375929430909e-11 3.356518622291797602e-11
8.309727838838217903e-10 2.525827906483762076e-10 -4.181598219249776726e-11 1.238476649047912080e-10 -1.194535112493514269e-10 -1.662586527640816535e-11 3.652632462571643653e-10 9.278514079718472618e-11 7.412271923524022476e-11 1.122355212863135741e-10 6.004274645232929615e-10 1.262114013751387870e-10 1.062420033461171441e-10 7.964824873763129401e-11 3.478066860642348384e-11 2.999730813858934565e-11 2.857415916631041498e-11 3.466126910733672255e-11 4.217782272884973014e-11 1.502364808678306646e-12
1.375184423860868863e-10 -3.007992353777753912e-10 -1.934416845440206841e-10 -8.614199372048953831e-12 1.547778398315164936e-10 -1.644112988093252636e-10 9.862725608446977661e-11 1.046977733385435808e-10 7.649523860853861580e-11 7.891783952287916367e-11 1.262114013751387870e-10 3.940476008931583570e-10 6.013332349045834167e-11 3.072173070290503791e-11 4.561883256756255141e-12 -1.905927338693002345e-11 1.247626980121662960e-11 5.362753802034384192e-12 4.852059872258875876e-12 -2.169670452057446419e-11
-2.176986466505679766e-11 1.499683717517978048e-10 1.862796321379010857e-10 1.981535928881986644e-10 7.645076862390191633e-11 -1.530071108533602803e-10 -1.581339680340918230e-12 -7.221276146436000547e-12 -2.439229501206143002e-11 9.970603583612484569e-13 1.062420033461171441e-10 6.013332349045834167e-11 3.077477458123344080e-10 8.588755509570356009e-11 6.700668336441403224e-11 7.905171993177902087e-12 -2.598787558547203022e-11 -1.900500347662141565e-11 2.061179001204615024e-12 -1.969497122046042466e-11
3.662892446138687099e-10 -3.998319615505549158e-10 -1.690075728168599452e-10 7.882724359374395479e-11 -1.591794581771897617e-10 -1.962149675933679487e-10 1.960125499335841133e-11 -3.150056354320637053e-11 6.370889468340880291e-11 5.344094517620194396e-11 7.964824873763129401e-11 3.072173070290503791e-11 8.588755509570356009e-11 2.884497054573183829e-10 1.292747321493858471e-10 6.987318369243766873e-11 2.811246552609634824e-11 2.429649170436615672e-11 1.380008880017607772e-11 -8.247800543964407967e-12
-1.975237716999796722e-11 -1.279636012144793196e-10 -1.021326224414798657e-10 1.043384404047506821e-10 -8.252301054121899725e-11 -1.326150485940862221e-10 3.707973362657524919e-11 -8.040225591883375387e-11 5.925702340928122963e-11 3.454875463188244039e-11 3.478066860642348384e-11 4.561883256756255141e-12 6.700668336441403224e-11 1.292747321493858471e-10 2.185458295829440339e-10 8.582759429674254970e-11 2.168715501573025843e-11 2.429341814199957519e-11 5.419516626033946266e-12 1.889230129127176156e-12
-9.628024052048200898e-11 1.136140327912798724e-10 -1.783064097205111142e-10 -2.435371784742464518e-11 -7.078407212762400202e-11 3.007630449580897024e-11 -2.908108247864975364e-11 -9.262453520516556835e-11 2.409009678999459323e-11 2.331765130689885236e-11 2.999730813858934565e-11 -1.905927338693002345e-11 7.905171993177902087e-12 6.987318369243766873e-11 8.582759429674254970e-11 1.667876385829855931e-10 6.690543929166205064e-11 4.319661919893966119e-11 1.525745433663161733e-11 4.618113596076163809e-13
-5.037140022220428396e-11 -3.530958900357803112e-10 -2.184163341843784524e-10 1.621733291788559355e-10 7.444923985730320131e-11 -6.028324892924699550e-11 1.424575297703022198e-11 -2.527761021232519376e-11 3.215474386017073187e-11 5.729950662860356765e-11 2.857415916631041498e-11 1.247626980121662960e-11 -2.598787558547203022e-11 2.811246552609634824e-11 2.168715501573025843e-11 6.690543929166205064e-11 1.589837577605649085e-10 6.866622650384764024e-11 1.753774380469126571e-11 7.858201461281832170e-12
3.692928922813401667e-10 -2.330551653068757823e-11 -1.264586376253656848e-10 1.112666452221024691e-10 -1.281735473478217129e-11 -6.820595552723039574e-11 -6.538119739310144077e-11 -5.832151241777810755e-11 7.813493671364993008e-11 5.927020714107339410e-11 3.466126910733672255e-11 5.362753802034384192e-12 -1.900500347662141565e-11 2.429649170436615672e-11 2.429341814199957519e-11 4.319661919893966119e-11 6.866622650384764024e-11 1.192095104777238255e-10 6.195595561182944851e-11 2.922011617960217152e-11
4.217003764619588773e-10 -4.708874871410312624e-11 6.390993105954252305e-11 -1.693743673227354564e-11 3.863609584209597437e-11 -2.617743142601772930e-11 5.220257110630317363e-11 2.329942815029856449e-11 3.114536455076835212e-11 3.741997375929430909e-11 4.217782272884973014e-11 4.852059872258875876e-12 2.061179001204615024e-12 1.380008880017607772e-11 5.419516626033946266e-12 1.525745433663161733e-11 1.753774380469126571e-11 6.195595561182944851e-11 1.080155650662671557e-10 5.235028248871021611e-11
2.230895375921321618e-10 1.604324257563844788e-10 4.940883586667710393e-11 -3.121769821360511040e-11 -2.750044582167537051e-11 3.491945115119401387e-12 4.938020896826355448e-11 3.629766522206045096e-11 -7.838050532660870648e-12 3.356518622291797602e-11 1.502364808678306646e-12 -2.169670452057446419e-11 -1.969497122046042466e-11 -8.247800543964407967e-12 1.889230129127176156e-12 4.618113596076163809e-13 7.858201461281832170e-12 2.922011617960217152e-11 5.235028248871021611e-11 8.212262414357045523e-11
