2.751585516290654774e-08 2.773132002736750356e-09 -1.598050238839387341e-09 -1.451370554899455385e-09 -6.051696046345492925e-11 -1.837580357167067421e-10 -4.111570143889998296e-10 1.115054385386550788e-09 -4.096778463281539596e-10 4.487516787758026417e-10 2.088110173937157020e-10 2.460362122687538973e-10 -3.760430002509402196e-11 -1.397112430698815123e-10 3.422759497890424686e-11 1.830507434516958931e-11 7.301113561360916128e-11 -1.590117743881084180e-10 -1.405511641809630992e-10 -2.354781733415856777e-10
2.773132002736750356e-09 1.571180877889795481e-08 2.382388965794119776e-10 -6.171487830596721742e-11 3.363975435959803030e-10 -1.077937719531915065e-10 -1.279082413875614631e-09 4.807588257012978269e-11 4.096321306714484949e-10 -2.224515141847915024e-11 -5.429892404621646310e-11 -4.750155574564739526e-10 -4.160680719815730423e-11 -4.941297421203552932e-10 -1.421878927586782966e-10 1.291761399064702565e-10 -7.576965737511154718e-11 2.325980811517952653e-12 -4.304485579544007561e-11 4.095112917685088744e-12
-1.598050238839387341e-09 2.382388965794119776e-10 1.243204777613175680e-08 7.695650986947223835e-10 3.893311240169705318e-10 -3.560634272770106931e-10 8.474619242358621112e-10 1.369104024055497826e-10 -1.719011305049551080e-10 -4.452871507989699705e-10 -1.280519799869388882e-10 8.255412589750470205e-11 -1.791033272286031967e-10 -4.613597453624025073e-10 -2.821667176785662464e-10 8.961928492386787712e-11 9.340090329638108146e-11 -4.976526887535818517e-11 -4.432319514879838407e-11 2.836875162755106418e-12
-1.451370554899455385e-09 -6.171487830596721742e-11 7.695650986947223835e-10 5.406120115394806416e-09 3.228726167524457652e-11 1.614515032820321838e-10 2.072534074504391255e-10 -5.573224297922646153e-10 -2.549350616027712809e-10 2.776347369714977758e-10 2.017748614996567944e-10 7.536459839180697361e-11 2.972842014689998672e-12 9.705273247118809809e-11 -7.827090422353635485e-11 5.996965668262485118e-11 8.412545257258167996e-11 1.276899355546020037e-10 3.596256874765445505e-12 -7.614948475709517107e-13
-6.051696046345492925e-11 3.363975435959803030e-10 3.893311240169705318e-10 3.228726167524457652e-11 6.223710786568421181e-09 2.035289250679587167e-10 5.786990368881967261e-10 1.230982357101905867e-10 1.194357671442620525e-10 -4.459005288741427358e-12 -7.729163850445238807e-11 1.837698543404814815e-10 -2.782505927005162561e-11 1.032953138751311484e-11 -1.500148240651952031e-11 7.083808739840754690e-11 -2.140345124771893916e-12 4.339176419273193603e-12 4.059234928316779986e-11 1.048232999156575869e-10
-1.837580357167067421e-10 -1.077937719531915065e-10 -3.560634272770106931e-10 1.614515032820321838e-10 2.035289250679587167e-10 3.818910526219257772e-09 -9.553138271654140733e-11 3.157913244303098149e-10 1.191251049703090416e-10 -5.280554406829828316e-11 1.354071978611465661e-10 2.749176182307894272e-11 4.359494936782589465e-11 -2.804549629343704955e-11 1.998719988948860503e-11 -1.489505757838197636e-12 -6.737901872366348845e-11 -3.996600169391850606e-12 -4.874053188545777508e-11 -5.061984240208646120e-11
-4.111570143889998296e-10 -1.279082413875614631e-09 8.474619242358621112e-10 2.072534074504391255e-10 5.786990368881967261e-10 -9.553138271654140733e-11 2.767309712879312916e-09 -4.291400346411751684e-11 2.202312539253510195e-10 -1.194839534404464161e-10 9.838718266966965656e-12 1.312389802135588635e-10 -1.576077296284879455e-11 -3.954723337154642243e-11 -4.992962126267363016e-11 -1.005524387396126909e-10 -7.546008247951271000e-11 -5.737277172968325216e-11 -7.858429657960589466e-11 -1.995188616285573525e-11
1.115054385386550788e-09 4.807588257012978269e-11 1.369104024055497826e-10 -5.573224297922646153e-10 1.230982357101905867e-10 3.157913244303098149e-10 -4.291400346411751684e-11 1.333990641410997678e-09 4.065275746210285788e-11 -7.820441924976060439e-11 2.141505261686795672e-11 4.289206461185026330e-11 -4.235341850112992895e-11 -3.317539326152692049e-11 1.013135152703370806e-11 4.232809509377111648e-11 1.872866593752468827e-11 4.954244321098505680e-13 6.773397991026362481e-12 -4.402535551929987454e-12
-4.096778463281539596e-10 4.096321306714484949e-10 -1.719011305049551080e-10 -2.549350616027712809e-10 1.194357671442620525e-10 1.191251049703090416e-10 2.202312539253510195e-10 4.065275746210285788e-11 1.228431313698662536e-09 4.346155413668222887e-12 7.694584673120108454e-11 8.335547556866548968e-11 3.119057092189989849e-11 1.767455762880592788e-11 2.874003898058277827e-12 3.551708619792280923e-11 5.186811447715949289e-11 -9.920243693378908579e-12 -6.675506604813778941e-12 -2.857196424230759450e-11
4.487516787758026417e-10 -2.224515141847915024e-11 -4.452871507989699705e-10 2.776347369714977758e-10 -4.459005288741427358e-12 -5.280554406829828316e-11 -1.194839534404464161e-10 -7.820441924976060439e-11 4.346155413668222887e-12 6.338657252025143757e-10 7.985254294085546363e-11 4.085415538798446595e-11 -3.205365717942205964e-11 2.779640766746962252e-12 9.324810754428256233e-12 -2.144152638530931893e-11 3.367785568439737677e-11 3.420327787254315244e-11 8.421567469375403860e-12 -1.350831348681795547e-11
2.088110173937157020e-10 -5.429892404621646310e-11 -1.280519799869388882e-10 2.017748614996567944e-10 -7.729163850445238807e-11 1.354071978611465661e-10 9.838718266966965656e-12 2.141505261686795672e-11 7.694584673120108454e-11 7.985254294085546363e-11 4.482261874735599334e-10 1.294032475057365534e-10 5.695619873726122558e-11 4.181782209459406817e-11 2.967743745538621256e-11 2.913653437326731122e-11 2.385547246315389490e-11 2.000589423947007211e-11 5.520938893393399598e-12 4.022959115886949531e-12
2.460362122687538973e-10 -4.750155574564739526e-10 8.255412589750470205e-11 7.536459839180697361e-11 1.837698543404814815e-10 2.749176182307894272e-11 1.312389802135588635e-10 4.289206461185026330e-11 8.335547556866548968e-11 4.085415538798446595e-11 1.294032475057365534e-10 4.186482098789519763e-10 1.135757084714026970e-10 4.068151209741725051e-11 3.135496390491658036e-11 -4.273782118636533804e-11 -1.261839087936524375e-11 -4.340124272327693201e-12 5.472583820328032685e-13 -3.110552336073330785e-12
-3.760430002509402196e-11 -4.160680719815730423e-11 -1.791033272286031967e-10 2.972842014689998672e-12 -2.782505927005162561e-11 4.359494936782589465e-11 -1.576077296284879455e-11 -4.235341850112992895e-11 3.119057092189989849e-11 -3.205365717942205964e-11 5.695619873726122558e-11 1.135757084714026970e-10 3.267052514079450899e-10 1.168745260331030909e-10 4.627334015613493657e-11 -2.682906352719754505e-11 -1.003824418561943380e-11 1.063332516050463309e-11 1.121674576962882288e-11 1.421256385607675189e-11
-1.397112430698815123e-10 -4.941297421203552932e-10 -4.613597453624025073e-10 9.705273247118809809e-11 1.032953138751311484e-11 -2.804549629343704955e-11 -3.954723337154642243e-11 -3.317539326152692049e-11 1.767455762880592788e-11 2.779640766746962252e-12 4.181782209459406817e-11 4.068151209741725051e-11 1.168745260331030909e-10 2.720604519697489366e-10 1.016945177196230831e-10 4.816612319583319861e-11 1.984534548746270081e-11 -1.139630971986782794e-11 5.905652757731710455e-12 2.057778588130235426e-12
3.422759497890424686e-11 -1.421878927586782966e-10 -2.821667176785662464e-10 -7.827090422353635485e-11 -1.500148240651952031e-11 1.998719988948860503e-11 -4.992962126267363016e-11 1.013135152703370806e-11 2.874003898058277827e-12 9.324810754428256233e-12 2.967743745538621256e-11 3.135496390491658036e-11 4.627334015613493657e-11 1.016945177196230831e-10 1.643770325212986808e-10 5.322383619359748247e-11 4.112868846201591803e-11 7.005060415076069111e-13 1.284803973051890350e-11 -1.013613871759906050e-12
1.830507434516958931e-11 1.291761399064702565e-10 8.961928492386787712e-11 5.996965668262485118e-11 7.083808739840754690e-11 -1.489505757838197636e-12 -1.005524387396126909e-10 4.232809509377111648e-11 3.551708619792280923e-11 -2.144152638530931893e-11 2.913653437326731122e-11 -4.273782118636533804e-11 -2.682906352719754505e-11 4.816612319583319861e-11 5.322383619359748247e-11 1.582891003128937338e-10 9.481116899516895788e-11 2.705327528889704234e-11 1.968860080069749945e-11 6.621411550314188320e-12
7.301113561360916128e-11 -7.576965737511154718e-11 9.340090329638108146e-11 8.412545257258167996e-11 -2.140345124771893916e-12 -6.737901872366348845e-11 -7.546008247951271000e-11 1.872866593752468827e-11 5.186811447715949289e-11 3.367785568439737677e-11 2.385547246315389490e-11 -1.261839087936524375e-11 -1.003824418561943380e-11 1.984534548746270081e-11 4.112868846201591803e-11 9.481116899516895788e-11 1.424538343029146645e-10 5.336085149127749759e-11 2.023138303891333007e-11 5.606776521810228464e-12
-1.590117743881084180e-10 2.325980811517952653e-12 -4.976526887535818517e-11 1.276899355546020037e-10 4.339176419273193603e-12 -3.996600169391850606e-12 -5.737277172968325216e-11 4.954244321098505680e-13 -9.920243693378908579e-12 3.420327787254315244e-11 2.000589423947007211e-11 -4.340124272327693201e-12 1.063332516050463309e-11 -1.139630971986782794e-11 7.005060415076069111e-13 2.705327528889704234e-11 5.336085149127749759e-11 1.026900117337715225e-10 4.484017765783807383e-11 1.347187063018660782e-11
-1.405511641809630992e-10 -4.304485579544007561e-11 -4.432319514879838407e-11 3.596256874765445505e-12 4.059234928316779986e-11 -4.874053188545777508e-11 -7.858429657960589466e-11 6.773397991026362481e-12 -6.675506604813778941e-12 8.421567469375403860e-12 5.520938893393399598e-12 5.472583820328032685e-13 1.121674576962882288e-11 5.905652757731710455e-12 1.284803973051890350e-11 1.968860080069749945e-11 2.023138303891333007e-11 4.484017765783807383e-11 8.622710234939216295e-11 3.256949290896653934e-11
-2.354781733415856777e-10 4.095112917685088744e-12 2.836875162755106418e-12 -7.614948475709517107e-13 1.048232999156575869e-10 -5.061984240208646120e-11 -1.995188616285573525e-11 -4.402535551929987454e-12 -2.857196424230759450e-11 -1.350831348681795547e-11 4.022959115886949531e-12 -3.110552336073330785e-12 1.421256385607675189e-11 2.057778588130235426e-12 -1.013613871759906050e-12 6.621411550314188320e-12 5.606776521810228464e-12 1.347187063018660782e-11 3.256949290896653934e-11 5.264223879043578089e-11
