3.557339226261576540e-08 -2.343859256341929628e-09 -7.696112118838635260e-10 2.051744414291999013e-10 9.993390925481171217e-10 -6.200645011853048548e-10 -1.425676478188838850e-09 3.237586481804534024e-10 4.278842606509048344e-10 2.341937114375616623e-10 8.603276001596284107e-10 1.361758576120998445e-10 -1.430017052248144581e-11 3.973697677642062876e-10 -2.571999953854447668e-11 -1.173143500762163413e-10 -7.214110671391783551e-11 4.037901729706422473e-10 4.525709506750632481e-10 2.398293815372453408e-10
-2.343859256341929628e-09 2.241647478488497118e-08 2.646670404058914515e-09 -5.319668783832816268e-10 -1.279938466157425559e-09 -7.066602171768315775e-11 8.420719848610922015e-10 8.043919565111136779e-10 -2.294494337276050714e-10 -1.428321521101281006e-10 2.649269067714148815e-10 -3.180731638064163276e-10 1.706076509319820632e-10 -4.341238741189035388e-10 -1.422454588092709391e-10 1.069936548191672871e-10 -3.899056332293902186e-10 -2.278623952805729769e-11 -4.335165601347769033e-11 1.807098739665161751e-10
-7.696112118838635260e-10 2.646670404058914515e-09 1.153535817273134798e-08 4.479804609550296684e-10 9.303501433869172821e-10 6.271605210348459326e-10 1.463410868367916521e-10 3.785619355112620206e-12 -7.953210741851543370e-10 -1.643466379853137097e-10 -4.058270068889483081e-11 -2.023246665591378251e-10 2.053877258642119890e-10 -1.805046153059074481e-10 -1.093545003093235202e-10 -1.916246948877169873e-10 -2.361597465552285304e-10 -1.353071949557070490e-10 6.878566857352691457e-11 5.351686619085056188e-11
2.051744414291999013e-10 -5.319668783832816268e-10 4.479804609550296684e-10 7.853848771136007487e-09 6.397118622293422960e-10 -5.696025745955152685e-10 8.967430773828575829e-11 -6.884764814977778164e-10 2.088779149983608885e-10 2.600925331979424711e-10 1.412618249366414277e-10 -6.087361562896274562e-12 2.193779891099002422e-10 8.405994391587666073e-11 1.108224690651345491e-10 -2.792501291993733804e-11 1.696057892793606470e-10 1.193990851094942639e-10 -1.737008674222707476e-11 -3.371817742806359724e-11
9.993390925481171217e-10 -1.279938466157425559e-09 9.303501433869172821e-10 6.397118622293422960e-10 6.144837846249827166e-09 -2.346153190848923627e-10 -8.449850350972597457e-11 -5.264535968153078922e-10 -1.835362750844868791e-10 -3.070027874618858273e-10 -1.332247576285129542e-10 1.579537101125795050e-10 7.890840315745095164e-11 -1.730493189225707383e-10 -9.099277894516625755e-11 -8.021469860525660828e-11 7.304046501510729472e-11 -1.225664249983692303e-11 4.143467987639800030e-11 -2.683621294720525811e-11
-6.200645011853048548e-10 -7.066602171768315775e-11 6.271605210348459326e-10 -5.696025745955152685e-10 -2.346153190848923627e-10 4.037294107813243961e-09 8.484301017764439755e-11 -4.025130132175953682e-11 -5.726712763595854272e-10 1.052075449451668458e-10 -2.531098982299430317e-11 -1.806276663952223060e-10 -1.644841288119046436e-10 -2.137079905681390720e-10 -1.447026740632699667e-10 2.641301334346178538e-11 -7.005935346319633697e-11 -7.296383500664747843e-11 -2.850260416611674597e-11 4.619381414451141815e-12
-1.425676478188838850e-09 8.420719848610922015e-10 1.463410868367916521e-10 8.967430773828575829e-11 -8.449850350972597457e-11 8.484301017764439755e-11 2.537621923968317556e-09 3.851546932169364366e-10 2.298880090857988452e-10 4.367195815605692916e-10 3.908016696019088143e-10 1.049379794212435539e-10 1.016988142194279084e-12 1.944937489671795327e-11 3.931264628294904532e-11 -3.253010559738676771e-11 1.296653499086826182e-11 -7.044651415956055883e-11 5.564796280183406935e-11 5.259099822537712303e-11
3.237586481804534024e-10 8.043919565111136779e-10 3.785619355112620206e-12 -6.884764814977778164e-10 -5.264535968153078922e-10 -4.025130132175953682e-11 3.851546932169364366e-10 1.664185024690785086e-09 2.269344759567244023e-10 -1.678933172276551869e-12 9.549346820146358300e-11 1.087265647735805781e-10 -8.041401825885885687e-12 -3.547383616731789938e-11 -8.710448868484800101e-11 -1.014259108793167176e-10 -2.988937887303778922e-11 -6.276162957738010839e-11 2.475931007139479821e-11 3.892412804261101182e-11
4.278842606509048344e-10 -2.294494337276050714e-10 -7.953210741851543370e-10 2.088779149983608885e-10 -1.835362750844868791e-10 -5.726712763595854272e-10 2.298880090857988452e-10 2.269344759567244023e-10 1.251021382624769229e-09 2.211996132003233168e-10 7.460848349186637986e-11 7.858459556461431693e-11 -2.657269085237265048e-11 6.710199614105681729e-11 6.290103623125368271e-11 2.345496740362428406e-11 3.178965781306205794e-11 8.328525963266060071e-11 3.316262483955164892e-11 -8.619696447202469601e-12
2.341937114375616623e-10 -1.428321521101281006e-10 -1.643466379853137097e-10 2.600925331979424711e-10 -3.070027874618858273e-10 1.052075449451668458e-10 4.367195815605692916e-10 -1.678933172276551869e-12 2.211996132003233168e-10 8.567285251158110171e-10 1.192105340105133679e-10 8.373691301137583510e-11 1.609058408785591205e-12 5.674023587923805079e-11 3.699309271112224284e-11 2.378778774715033722e-11 6.001088476407235521e-11 6.325922521246014640e-11 4.000913034890816338e-11 3.592852706115442726e-11
8.603276001596284107e-10 2.649269067714148815e-10 -4.058270068889483081e-11 1.412618249366414277e-10 -1.332247576285129542e-10 -2.531098982299430317e-11 3.908016696019088143e-10 9.549346820146358300e-11 7.460848349186637986e-11 1.192105340105133679e-10 6.386510757926443677e-10 1.325390739028040393e-10 1.127132352575205478e-10 8.377968070027600076e-11 3.676754616849639804e-11 3.046320268538203315e-11 2.875986286734451638e-11 3.708362404313524686e-11 4.514227757601421309e-11 1.704495163861825744e-12
1.361758576120998445e-10 -3.180731638064163276e-10 -2.023246665591378251e-10 -6.087361562896274562e-12 1.579537101125795050e-10 -1.806276663952223060e-10 1.049379794212435539e-10 1.087265647735805781e-10 7.858459556461431693e-11 8.373691301137583510e-11 1.325390739028040393e-10 4.191765849706799434e-10 6.365514039178306158e-11 3.212111589798405988e-11 4.516110938083258020e-12 -2.147783925569524965e-11 1.219154217730606122e-11 5.604105078597279260e-12 5.141304126741847159e-12 -2.311599830841033331e-11
-1.430017052248144581e-11 1.706076509319820632e-10 2.053877258642119890e-10 2.193779891099002422e-10 7.890840315745095164e-11 -1.644841288119046436e-10 1.016988142194279084e-12 -8.041401825885885687e-12 -2.657269085237265048e-11 1.609058408785591205e-12 1.127132352575205478e-10 6.365514039178306158e-11 3.286544565554616404e-10 9.147305796020850536e-11 7.167466359160593949e-11 7.836058319766674517e-12 -2.851008963747383469e-11 -2.036102709646494315e-11 2.160515727735386243e-12 -2.110697557868388931e-11
3.973697677642062876e-10 -4.341238741189035388e-10 -1.805046153059074481e-10 8.405994391587666073e-11 -1.730493189225707383e-10 -2.137079905681390720e-10 1.944937489671795327e-11 -3.547383616731789938e-11 6.710199614105681729e-11 5.674023587923805079e-11 8.377968070027600076e-11 3.212111589798405988e-11 9.147305796020850536e-11 3.075844245942372015e-10 1.381058047092678868e-10 7.438184567609032672e-11 2.971375074146268376e-11 2.581196159507450207e-11 1.489132313694029740e-11 -8.951974381361449034e-12
-2.571999953854447668e-11 -1.422454588092709391e-10 -1.093545003093235202e-10 1.108224690651345491e-10 -9.099277894516625755e-11 -1.447026740632699667e-10 3.931264628294904532e-11 -8.710448868484800101e-11 6.290103623125368271e-11 3.699309271112224284e-11 3.676754616849639804e-11 4.516110938083258020e-12 7.167466359160593949e-11 1.381058047092678868e-10 2.338207293781677191e-10 9.154662170547934263e-11 2.290265745359460445e-11 2.590395067399106835e-11 5.858060585314587325e-12 1.952848595012855086e-12
-1.173143500762163413e-10 1.069936548191672871e-10 -1.916246948877169873e-10 -2.792501291993733804e-11 -8.021469860525660828e-11 2.641301334346178538e-11 -3.253010559738676771e-11 -1.014259108793167176e-10 2.345496740362428406e-11 2.378778774715033722e-11 3.046320268538203315e-11 -2.147783925569524965e-11 7.836058319766674517e-12 7.438184567609032672e-11 9.154662170547934263e-11 1.777324465037086288e-10 7.106516956089381836e-11 4.615802606097450398e-11 1.638271472823702438e-11 5.244905019155362390e-13
-7.214110671391783551e-11 -3.899056332293902186e-10 -2.361597465552285304e-10 1.696057892793606470e-10 7.304046501510729472e-11 -7.005935346319633697e-11 1.296653499086826182e-11 -2.988937887303778922e-11 3.178965781306205794e-11 6.001088476407235521e-11 2.875986286734451638e-11 1.219154217730606122e-11 -2.851008963747383469e-11 2.971375074146268376e-11 2.290265745359460445e-11 7.106516956089381836e-11 1.696724121119648578e-10 7.332949479650467030e-11 1.880553768708072499e-11 8.301698470663669202e-12
4.037901729706422473e-10 -2.278623952805729769e-11 -1.353071949557070490e-10 1.193990851094942639e-10 -1.225664249983692303e-11 -7.296383500664747843e-11 -7.044651415956055883e-11 -6.276162957738010839e-11 8.328525963266060071e-11 6.325922521246014640e-11 3.708362404313524686e-11 5.604105078597279260e-12 -2.036102709646494315e-11 2.581196159507450207e-11 2.590395067399106835e-11 4.615802606097450398e-11 7.332949479650467030e-11 1.273015399760519835e-10 6.629902221170256762e-11 3.131658641091048188e-11
4.525709506750632481e-10 -4.335165601347769033e-11 6.878566857352691457e-11 -1.737008674222707476e-11 4.143467987639800030e-11 -2.850260416611674597e-11 5.564796280183406935e-11 2.475931007139479821e-11 3.316262483955164892e-11 4.000913034890816338e-11 4.514227757601421309e-11 5.141304126741847159e-12 2.160515727735386243e-12 1.489132313694029740e-11 5.858060585314587325e-12 1.638271472823702438e-11 1.880553768708072499e-11 6.629902221170256762e-11 1.154379005662308950e-10 5.604317716040559109e-11
2.398293815372453408e-10 1.807098739665161751e-10 5.351686619085056188e-11 -3.371817742806359724e-11 -2.683621294720525811e-11 4.619381414451141815e-12 5.259099822537712303e-11 3.892412804261101182e-11 -8.619696447202469601e-12 3.592852706115442726e-11 1.704495163861825744e-12 -2.311599830841033331e-11 -2.110697557868388931e-11 -8.951974381361449034e-12 1.952848595012855086e-12 5.244905019155362390e-13 8.301698470663669202e-12 3.131658641091048188e-11 5.604317716040559109e-11 8.799163066277878444e-11
