4.016061438332568752e-08 -2.531586293638827235e-09 -8.652408286863794689e-10 2.282555564410982643e-10 1.126877627058465846e-09 -6.374347770633072351e-10 -1.557463601434007782e-09 3.366903765840925610e-10 4.501707368176708980e-10 2.372131893911970795e-10 9.193971109080360683e-10 1.506941417601061439e-10 -1.407638344189904486e-11 4.291397319780332925e-10 -2.673109257387771222e-11 -1.203497308048559537e-10 -7.574371503591841235e-11 4.322338985928058921e-10 4.812908898143377957e-10 2.515780895509921928e-10
-2.531586293638827235e-09 2.478266733458850351e-08 2.920771668190087286e-09 -5.555054595761642533e-10 -1.375593148359693787e-09 -6.593871552310166069e-11 8.992752451455041041e-10 8.553605709028258526e-10 -2.451145523697054649e-10 -1.538553793235801573e-10 2.797907421744171836e-10 -3.352406372508401910e-10 1.793762832750193670e-10 -4.586426220630588801e-10 -1.524412553646689059e-10 1.114379154976813292e-10 -4.097903417033532233e-10 -1.888559681222929990e-11 -3.863485087575787476e-11 1.957197868052905601e-10
-8.652408286863794689e-10 2.920771668190087286e-09 1.252223847179705813e-08 4.726858253331519147e-10 1.004756544967867722e-09 6.679273831501405536e-10 1.528378369655543616e-10 -4.389130331905282837e-12 -8.377235887743623970e-10 -1.744151202531665147e-10 -4.220616649745814757e-11 -2.107170007913778031e-10 2.152248476582515333e-10 -1.874566169534023797e-10 -1.123154722670744828e-10 -1.986478784634747353e-10 -2.469037545191690845e-10 -1.416092769669885454e-10 7.208568850097322557e-11 5.557251734552713964e-11
2.282555564410982643e-10 -5.555054595761642533e-10 4.726858253331519147e-10 8.410948854030468388e-09 6.868901924011439265e-10 -5.873899228398498341e-10 8.924149841124325138e-11 -7.201527153901395673e-10 2.222118091240462841e-10 2.699104055885015205e-10 1.442711485917608744e-10 -6.356748120565023161e-12 2.295025228544204756e-10 8.707127882419791942e-11 1.139744798050718219e-10 -2.875957906979574430e-11 1.738667281937579477e-10 1.222847225237213289e-10 -1.833352392385362204e-11 -3.696569172344430224e-11
1.126877627058465846e-09 -1.375593148359693787e-09 1.004756544967867722e-09 6.868901924011439265e-10 6.538486173460215957e-09 -2.404660406739513360e-10 -8.972732609254385948e-11 -5.455749914981652346e-10 -1.898483927409065775e-10 -3.183208884166251685e-10 -1.371235351981488336e-10 1.650291634742049505e-10 8.212629192392729793e-11 -1.787542352687951562e-10 -9.469224384180628430e-11 -8.372907959573153143e-11 7.489066384240673370e-11 -1.229826898124487322e-11 4.320084324684298500e-11 -2.882901936287463962e-11
-6.374347770633072351e-10 -6.593871552310166069e-11 6.679273831501405536e-10 -5.873899228398498341e-10 -2.404660406739513360e-10 4.244438020307569891e-09 8.600542805706817865e-11 -4.154214691948730377e-11 -5.971566439786171071e-10 1.068661152042436642e-10 -2.679796748876904584e-11 -1.848920800830605458e-10 -1.678850267184865849e-10 -2.195357896612229956e-10 -1.493402695805606856e-10 2.657646251386070713e-11 -7.279142132747421394e-11 -7.542821956486093909e-11 -2.863773285608546984e-11 4.322155385674699958e-12
-1.557463601434007782e-09 8.992752451455041041e-10 1.528378369655543616e-10 8.924149841124325138e-11 -8.972732609254385948e-11 8.600542805706817865e-11 2.641781816323473957e-09 4.001391376948330459e-10 2.372595865028893875e-10 4.504497675084019102e-10 4.000915798653585377e-10 1.062542222619673527e-10 3.240736137207840529e-13 1.993192384733415840e-11 3.976169663981254918e-11 -3.327072893225963284e-11 1.306644317579165145e-11 -7.234953948025522142e-11 5.709475969864726686e-11 5.434630722781438036e-11
3.366903765840925610e-10 8.553605709028258526e-10 -4.389130331905282837e-12 -7.201527153901395673e-10 -5.455749914981652346e-10 -4.154214691948730377e-11 4.001391376948330459e-10 1.719304300893883809e-09 2.335940510789633952e-10 -1.379296778362140168e-12 9.870939814309736275e-11 1.116629473447556642e-10 -8.342292160299599430e-12 -3.602623394786267144e-11 -8.947817990398050646e-11 -1.033118533225565402e-10 -3.065796445502918068e-11 -6.409162099770436101e-11 2.545803645814166817e-11 4.019558530506926177e-11
4.501707368176708980e-10 -2.451145523697054649e-10 -8.377235887743623970e-10 2.222118091240462841e-10 -1.898483927409065775e-10 -5.971566439786171071e-10 2.372595865028893875e-10 2.335940510789633952e-10 1.284554335085405417e-09 2.266859057417954392e-10 7.569088626197356080e-11 8.016984973525932967e-11 -2.691054859058462382e-11 6.830698999763548032e-11 6.371163128193363907e-11 2.385183670320768766e-11 3.168437936307076914e-11 8.376550472374187199e-11 3.327510661877273438e-11 -9.063297932614949168e-12
2.372131893911970795e-10 -1.538553793235801573e-10 -1.744151202531665147e-10 2.699104055885015205e-10 -3.183208884166251685e-10 1.068661152042436642e-10 4.504497675084019102e-10 -1.379296778362140168e-12 2.266859057417954392e-10 8.750273891704692453e-10 1.212512243390011075e-10 8.516339808795636672e-11 1.545876210481176562e-12 5.729710281030134534e-11 3.710651960315022272e-11 2.413101628703093586e-11 6.030869610813846512e-11 6.331387075984167126e-11 4.021506330821073167e-11 3.612604780561308797e-11
9.193971109080360683e-10 2.797907421744171836e-10 -4.220616649745814757e-11 1.442711485917608744e-10 -1.371235351981488336e-10 -2.679796748876904584e-11 4.000915798653585377e-10 9.870939814309736275e-11 7.569088626197356080e-11 1.212512243390011075e-10 6.490864516656464344e-10 1.343944497184174419e-10 1.138331636296071077e-10 8.440484107982742389e-11 3.675437673535018917e-11 3.074663108615289401e-11 2.870989366033902928e-11 3.698622519367639008e-11 4.536796461594022470e-11 1.468517232933508138e-12
1.506941417601061439e-10 -3.352406372508401910e-10 -2.107170007913778031e-10 -6.356748120565023161e-12 1.650291634742049505e-10 -1.848920800830605458e-10 1.062542222619673527e-10 1.116629473447556642e-10 8.016984973525932967e-11 8.516339808795636672e-11 1.343944497184174419e-10 4.238269360135105611e-10 6.403016383054950713e-11 3.219793485232350296e-11 4.327797051340556154e-12 -2.163351790172991465e-11 1.211936185052032652e-11 5.374578065662356716e-12 5.145263440654637639e-12 -2.334517271423701661e-11
-1.407638344189904486e-11 1.793762832750193670e-10 2.152248476582515333e-10 2.295025228544204756e-10 8.212629192392729793e-11 -1.678850267184865849e-10 3.240736137207840529e-13 -8.342292160299599430e-12 -2.691054859058462382e-11 1.545876210481176562e-12 1.138331636296071077e-10 6.403016383054950713e-11 3.309244902379706341e-10 9.195117430537601393e-11 7.183594801508157812e-11 7.815300540718605341e-12 -2.872914931554354829e-11 -2.053063158720588947e-11 2.083992664562541951e-12 -2.135501042403964224e-11
4.291397319780332925e-10 -4.586426220630588801e-10 -1.874566169534023797e-10 8.707127882419791942e-11 -1.787542352687951562e-10 -2.195357896612229956e-10 1.993192384733415840e-11 -3.602623394786267144e-11 6.830698999763548032e-11 5.729710281030134534e-11 8.440484107982742389e-11 3.219793485232350296e-11 9.195117430537601393e-11 3.090455863347639809e-10 1.386440050162541287e-10 7.470013815442210932e-11 2.975755976146258197e-11 2.575566458511031435e-11 1.472443460706020254e-11 -9.214762759950560473e-12
-2.673109257387771222e-11 -1.524412553646689059e-10 -1.123154722670744828e-10 1.139744798050718219e-10 -9.469224384180628430e-11 -1.493402695805606856e-10 3.976169663981254918e-11 -8.947817990398050646e-11 6.371163128193363907e-11 3.710651960315022272e-11 3.675437673535018917e-11 4.327797051340556154e-12 7.183594801508157812e-11 1.386440050162541287e-10 2.345208195558507112e-10 9.179320355969800435e-11 2.294808783164947813e-11 2.593348912377331851e-11 5.749116504671305450e-12 1.667401853368356600e-12
-1.203497308048559537e-10 1.114379154976813292e-10 -1.986478784634747353e-10 -2.875957906979574430e-11 -8.372907959573153143e-11 2.657646251386070713e-11 -3.327072893225963284e-11 -1.033118533225565402e-10 2.385183670320768766e-11 2.413101628703093586e-11 3.074663108615289401e-11 -2.163351790172991465e-11 7.815300540718605341e-12 7.470013815442210932e-11 9.179320355969800435e-11 1.780771312946778704e-10 7.113659563783641607e-11 4.618407075533651852e-11 1.629455414939321440e-11 3.258046276111766293e-13
-7.574371503591841235e-11 -4.097903417033532233e-10 -2.469037545191690845e-10 1.738667281937579477e-10 7.489066384240673370e-11 -7.279142132747421394e-11 1.306644317579165145e-11 -3.065796445502918068e-11 3.168437936307076914e-11 6.030869610813846512e-11 2.870989366033902928e-11 1.211936185052032652e-11 -2.872914931554354829e-11 2.975755976146258197e-11 2.294808783164947813e-11 7.113659563783641607e-11 1.696851254026321611e-10 7.324552810715704386e-11 1.868850148156849325e-11 8.120486867079203685e-12
4.322338985928058921e-10 -1.888559681222929990e-11 -1.416092769669885454e-10 1.222847225237213289e-10 -1.229826898124487322e-11 -7.542821956486093909e-11 -7.234953948025522142e-11 -6.409162099770436101e-11 8.376550472374187199e-11 6.331387075984167126e-11 3.698622519367639008e-11 5.374578065662356716e-12 -2.053063158720588947e-11 2.575566458511031435e-11 2.593348912377331851e-11 4.618407075533651852e-11 7.324552810715704386e-11 1.270364434739418981e-10 6.612269915513102968e-11 3.111253998411805694e-11
4.812908898143377957e-10 -3.863485087575787476e-11 7.208568850097322557e-11 -1.833352392385362204e-11 4.320084324684298500e-11 -2.863773285608546984e-11 5.709475969864726686e-11 2.545803645814166817e-11 3.327510661877273438e-11 4.021506330821073167e-11 4.536796461594022470e-11 5.145263440654637639e-12 2.083992664562541951e-12 1.472443460706020254e-11 5.749116504671305450e-12 1.629455414939321440e-11 1.868850148156849325e-11 6.612269915513102968e-11 1.152959224049543113e-10 5.589604837187687598e-11
2.515780895509921928e-10 1.957197868052905601e-10 5.557251734552713964e-11 -3.696569172344430224e-11 -2.882901936287463962e-11 4.322155385674699958e-12 5.434630722781438036e-11 4.019558530506926177e-11 -9.063297932614949168e-12 3.612604780561308797e-11 1.468517232933508138e-12 -2.334517271423701661e-11 -2.135501042403964224e-11 -9.214762759950560473e-12 1.667401853368356600e-12 3.258046276111766293e-13 8.120486867079203685e-12 3.111253998411805694e-11 5.589604837187687598e-11 8.767608139995566279e-11
