2.787021351352412937e-08 2.779979435298363442e-09 -1.610513375310337584e-09 -1.431019255338970940e-09 -7.436898178669251002e-11 -1.814858154526486174e-10 -4.054488565089312390e-10 1.128535948801462301e-09 -4.118350862572434155e-10 4.551418473670320106e-10 2.093552696541185995e-10 2.446741311341837205e-10 -3.496391085998090535e-11 -1.373435020412560011e-10 3.656102601209357956e-11 1.994765517314672192e-11 7.595442556684063205e-11 -1.579673505373427881e-10 -1.394664596906230088e-10 -2.353537230223165355e-10
2.779979435298363442e-09 1.541261066221676901e-08 2.437242267195881021e-10 -4.365318131265412211e-11 3.479388443209133209e-10 -1.112517949864786336e-10 -1.258582231139077560e-09 5.336112647935736333e-11 4.154447140525932640e-10 -1.543650963653670841e-11 -5.270548999476446918e-11 -4.665098179725852812e-10 -4.474397371852087941e-11 -4.864691647470379105e-10 -1.376431294488197145e-10 1.273581466005441004e-10 -7.507613241018641024e-11 5.564674848369492848e-13 -4.348981830150898262e-11 2.744562739307111086e-12
-1.610513375310337584e-09 2.437242267195881021e-10 1.226160533088474441e-08 7.409221477263563860e-10 3.801972871522139318e-10 -3.490015493849278446e-10 8.336531547557432881e-10 1.328345392688190794e-10 -1.720083691540321109e-10 -4.492385124872864233e-10 -1.297891285950679545e-10 7.792024993246781450e-11 -1.780261263192297080e-10 -4.581810259215057030e-10 -2.807191476272465540e-10 9.007700241672158751e-11 9.311813153156568517e-11 -4.857095691991834102e-11 -4.332768833752946284e-11 2.950152542191824330e-12
-1.431019255338970940e-09 -4.365318131265412211e-11 7.409221477263563860e-10 5.299067457621000269e-09 3.273128249418412551e-11 1.513578880171976571e-10 1.983011059971728339e-10 -5.474208543160460634e-10 -2.530592640665662658e-10 2.755865314067234366e-10 2.008365658730315206e-10 7.420671135682642244e-11 5.509509375881987043e-12 9.833748078190457066e-11 -7.513662011080103590e-11 6.073412560203040217e-11 8.296820421989474328e-11 1.256361662445811920e-10 4.342909162676473856e-12 7.487361291251755471e-13
-7.436898178669251002e-11 3.479388443209133209e-10 3.801972871522139318e-10 3.273128249418412551e-11 6.227285244033150069e-09 2.038257957321976258e-10 5.771613179128139214e-10 1.216902559889038772e-10 1.185861732659262968e-10 -4.173191649781160701e-12 -7.760751291614227418e-11 1.829348749930567349e-10 -2.601530724414581801e-11 1.101397373278767434e-11 -1.537469407014167475e-11 6.958516809226840881e-11 -2.468998455350326578e-12 4.785995383450156201e-12 4.089167650906601149e-11 1.059911811303080016e-10
-1.814858154526486174e-10 -1.112517949864786336e-10 -3.490015493849278446e-10 1.513578880171976571e-10 2.038257957321976258e-10 3.779191619034645313e-09 -9.424148417364027382e-11 3.142103026312479691e-10 1.185440890844711803e-10 -5.284630000900002264e-11 1.335095595203946491e-10 2.603765036280414562e-11 4.243422031739506451e-11 -2.830212683355911010e-11 1.938919143090335672e-11 -6.063892031665321494e-13 -6.681585863274593697e-11 -3.694903376639242427e-12 -4.844570772295429941e-11 -5.057829555522031880e-11
-4.054488565089312390e-10 -1.258582231139077560e-09 8.336531547557432881e-10 1.983011059971728339e-10 5.771613179128139214e-10 -9.424148417364027382e-11 2.734387159605062068e-09 -4.208844523496454413e-11 2.189386215746313283e-10 -1.187387544831305142e-10 9.708877472944548551e-12 1.301451917808191624e-10 -1.496190846224225118e-11 -3.872646763557634153e-11 -4.966650518465863038e-11 -9.965151002534476767e-11 -7.499341967574459338e-11 -5.667223495396657254e-11 -7.781235828445477706e-11 -1.974478475275030982e-11
1.128535948801462301e-09 5.336112647935736333e-11 1.328345392688190794e-10 -5.474208543160460634e-10 1.216902559889038772e-10 3.142103026312479691e-10 -4.208844523496454413e-11 1.331366810378305864e-09 3.903124735679328965e-11 -7.991382482463265953e-11 2.034490935496312853e-11 4.229155226327728882e-11 -4.181559000728914579e-11 -3.324303966213026268e-11 9.652225064797489241e-12 4.233805791268446516e-11 1.869461671196593807e-11 7.882657173010485469e-13 7.027663727663874675e-12 -4.188523918534962171e-12
-4.118350862572434155e-10 4.154447140525932640e-10 -1.720083691540321109e-10 -2.530592640665662658e-10 1.185861732659262968e-10 1.185440890844711803e-10 2.189386215746313283e-10 3.903124735679328965e-11 1.231687856043955671e-09 2.189226194950302861e-12 7.525814240579149943e-11 8.203889119858271801e-11 3.094836345215376908e-11 1.719415392602185608e-11 2.416870048523311363e-12 3.583524963334586079e-11 5.215785783485964153e-11 -9.486678184053944451e-12 -6.551604108165630160e-12 -2.860992347888070544e-11
4.551418473670320106e-10 -1.543650963653670841e-11 -4.492385124872864233e-10 2.755865314067234366e-10 -4.173191649781160701e-12 -5.284630000900002264e-11 -1.187387544831305142e-10 -7.991382482463265953e-11 2.189226194950302861e-12 6.310845485606179073e-10 7.918211197894978750e-11 4.057124658141428973e-11 -3.066671354965086549e-11 3.633246524634856412e-12 9.349933972149551964e-12 -2.113165303394920491e-11 3.362147967054280639e-11 3.425700263105775769e-11 8.724683391273398707e-12 -1.289791645113236786e-11
2.093552696541185995e-10 -5.270548999476446918e-11 -1.297891285950679545e-10 2.008365658730315206e-10 -7.760751291614227418e-11 1.335095595203946491e-10 9.708877472944548551e-12 2.034490935496312853e-11 7.525814240579149943e-11 7.918211197894978750e-11 4.424173560639334175e-10 1.280583659516624038e-10 5.699306013450403056e-11 4.196180463064373077e-11 2.946524324874070317e-11 2.880800807594727675e-11 2.362834383835519900e-11 1.997046477542426695e-11 5.678263494284978534e-12 4.228613767963123487e-12
2.446741311341837205e-10 -4.665098179725852812e-10 7.792024993246781450e-11 7.420671135682642244e-11 1.829348749930567349e-10 2.603765036280414562e-11 1.301451917808191624e-10 4.229155226327728882e-11 8.203889119858271801e-11 4.057124658141428973e-11 1.280583659516624038e-10 4.144466491317210408e-10 1.131019677058391043e-10 4.074609210849970500e-11 3.110548569954292911e-11 -4.232130138243137265e-11 -1.252943630087895236e-11 -4.082338287196228393e-12 8.306149029250106440e-13 -2.755086036388807511e-12
-3.496391085998090535e-11 -4.474397371852087941e-11 -1.780261263192297080e-10 5.509509375881987043e-12 -2.601530724414581801e-11 4.243422031739506451e-11 -1.496190846224225118e-11 -4.181559000728914579e-11 3.094836345215376908e-11 -3.066671354965086549e-11 5.699306013450403056e-11 1.131019677058391043e-10 3.239150762852332580e-10 1.162146629090919738e-10 4.612895344290793602e-11 -2.676142364574885324e-11 -1.000701647459050712e-11 1.056788475769515372e-11 1.121691583630887431e-11 1.422744272697955000e-11
-1.373435020412560011e-10 -4.864691647470379105e-10 -4.581810259215057030e-10 9.833748078190457066e-11 1.101397373278767434e-11 -2.830212683355911010e-11 -3.872646763557634153e-11 -3.324303966213026268e-11 1.719415392602185608e-11 3.633246524634856412e-12 4.196180463064373077e-11 4.074609210849970500e-11 1.162146629090919738e-10 2.702835907339793172e-10 1.010517345521043707e-10 4.772834436601749494e-11 1.968538145810772054e-11 -1.128172450006747408e-11 5.885259759722225086e-12 2.168392487848196221e-12
3.656102601209357956e-11 -1.376431294488197145e-10 -2.807191476272465540e-10 -7.513662011080103590e-11 -1.537469407014167475e-11 1.938919143090335672e-11 -4.966650518465863038e-11 9.652225064797489241e-12 2.416870048523311363e-12 9.349933972149551964e-12 2.946524324874070317e-11 3.110548569954292911e-11 4.612895344290793602e-11 1.010517345521043707e-10 1.631037250899122410e-10 5.297819077514324533e-11 4.098672995138863566e-11 8.367647159540560796e-13 1.288471075324112988e-11 -9.274114766494959114e-13
1.994765517314672192e-11 1.273581466005441004e-10 9.007700241672158751e-11 6.073412560203040217e-11 6.958516809226840881e-11 -6.063892031665321494e-13 -9.965151002534476767e-11 4.233805791268446516e-11 3.583524963334586079e-11 -2.113165303394920491e-11 2.880800807594727675e-11 -4.232130138243137265e-11 -2.676142364574885324e-11 4.772834436601749494e-11 5.297819077514324533e-11 1.572929436844384032e-10 9.446146258693496692e-11 2.690106920933435733e-11 1.959447611117058879e-11 6.486183619064527354e-12
7.595442556684063205e-11 -7.507613241018641024e-11 9.311813153156568517e-11 8.296820421989474328e-11 -2.468998455350326578e-12 -6.681585863274593697e-11 -7.499341967574459338e-11 1.869461671196593807e-11 5.215785783485964153e-11 3.362147967054280639e-11 2.362834383835519900e-11 -1.252943630087895236e-11 -1.000701647459050712e-11 1.968538145810772054e-11 4.098672995138863566e-11 9.446146258693496692e-11 1.422507569578358293e-10 5.327509547296726430e-11 2.021205013074145151e-11 5.600389318956229637e-12
-1.579673505373427881e-10 5.564674848369492848e-13 -4.857095691991834102e-11 1.256361662445811920e-10 4.785995383450156201e-12 -3.694903376639242427e-12 -5.667223495396657254e-11 7.882657173010485469e-13 -9.486678184053944451e-12 3.425700263105775769e-11 1.997046477542426695e-11 -4.082338287196228393e-12 1.056788475769515372e-11 -1.128172450006747408e-11 8.367647159540560796e-13 2.690106920933435733e-11 5.327509547296726430e-11 1.024468119988560097e-10 4.474380711980179520e-11 1.338868695253222102e-11
-1.394664596906230088e-10 -4.348981830150898262e-11 -4.332768833752946284e-11 4.342909162676473856e-12 4.089167650906601149e-11 -4.844570772295429941e-11 -7.781235828445477706e-11 7.027663727663874675e-12 -6.551604108165630160e-12 8.724683391273398707e-12 5.678263494284978534e-12 8.306149029250106440e-13 1.121691583630887431e-11 5.885259759722225086e-12 1.288471075324112988e-11 1.959447611117058879e-11 2.021205013074145151e-11 4.474380711980179520e-11 8.619883505278880858e-11 3.257083572253840798e-11
-2.353537230223165355e-10 2.744562739307111086e-12 2.950152542191824330e-12 7.487361291251755471e-13 1.059911811303080016e-10 -5.057829555522031880e-11 -1.974478475275030982e-11 -4.188523918534962171e-12 -2.860992347888070544e-11 -1.289791645113236786e-11 4.228613767963123487e-12 -2.755086036388807511e-12 1.422744272697955000e-11 2.168392487848196221e-12 -9.274114766494959114e-13 6.486183619064527354e-12 5.600389318956229637e-12 1.338868695253222102e-11 3.257083572253840798e-11 5.288451562391779009e-11
