3.026721408321302400e-08 2.986645974396360584e-09 -1.732909766172315988e-09 -1.568656397365049380e-09 -7.765961298917215028e-11 -2.119286207293353470e-10 -4.389702627451548433e-10 1.218429831806637077e-09 -4.383934262086118724e-10 4.882867484469118148e-10 2.340003035859673467e-10 2.714746398003263910e-10 -3.796898988353862850e-11 -1.465126545423742243e-10 4.002529344368002848e-11 2.183595020321434367e-11 8.168154109827254674e-11 -1.703161798531910848e-10 -1.500024993845288411e-10 -2.535720392134543487e-10
2.986645974396360584e-09 1.650866752157629558e-08 2.521291740657962603e-10 -3.254127587800939828e-11 3.692394716255650780e-10 -1.065736896647691053e-10 -1.358107929817049837e-09 5.325855478903120201e-11 4.388224750638904001e-10 -1.533563293958089747e-11 -5.787328590667238428e-11 -5.026569182368260911e-10 -4.682637719267143568e-11 -5.224979229941171707e-10 -1.477446246829166743e-10 1.360042455838362612e-10 -8.150622558541088995e-11 4.350045365345348813e-13 -4.707184439550460013e-11 2.576086157908696436e-12
-1.732909766172315988e-09 2.521291740657962603e-10 1.336163551925686599e-08 8.201854329200767564e-10 4.129649464435099849e-10 -3.799832086849400365e-10 9.041931814559075242e-10 1.461228562989529763e-10 -1.851561436299706345e-10 -4.816071293776763424e-10 -1.398071008865778023e-10 8.636720076436417491e-11 -1.925375377718395491e-10 -4.959885856955083113e-10 -3.031783541813421336e-10 9.632181029728431241e-11 1.001909551157091460e-10 -5.248386842553534954e-11 -4.720876872550225722e-11 2.782768037543984303e-12
-1.568656397365049380e-09 -3.254127587800939828e-11 8.201854329200767564e-10 5.766016538964268752e-09 1.952013368188543006e-11 1.583044721677002275e-10 2.240758277858032207e-10 -5.968678457070624518e-10 -2.729028430185321824e-10 2.927244351884416756e-10 2.151699647916058980e-10 7.769003390932625677e-11 5.332452849708846956e-12 1.044731400051392009e-10 -8.434197383408732313e-11 6.739312867980879194e-11 9.157347832765926039e-11 1.368402048356570465e-10 4.128872589755541630e-12 7.191203328659009200e-13
-7.765961298917215028e-11 3.692394716255650780e-10 4.129649464435099849e-10 1.952013368188543006e-11 6.516104125184064167e-09 2.114952077597700962e-10 6.110165791721651816e-10 1.288251256987171430e-10 1.263343408641414878e-10 -7.390653242645594199e-12 -8.312473349738527094e-11 1.928626324156334820e-10 -2.836915440529898146e-11 1.080441521359819837e-11 -1.671071854627655237e-11 7.494201823093572486e-11 -2.324251492748639880e-12 4.604353899237360573e-12 4.314865162528826644e-11 1.124145993608909541e-10
-2.119286207293353470e-10 -1.065736896647691053e-10 -3.799832086849400365e-10 1.583044721677002275e-10 2.114952077597700962e-10 4.071398217474056507e-09 -1.026274237483943644e-10 3.339638349227815783e-10 1.261834345472296342e-10 -6.223117011161912307e-11 1.412583019942351981e-10 2.577278198069740952e-11 4.497865187507334187e-11 -3.143973495690429623e-11 2.000119212803886238e-11 -2.584368005663824682e-13 -7.167783806767939822e-11 -4.029679914462938571e-12 -5.229765286286772202e-11 -5.434143002355509382e-11
-4.389702627451548433e-10 -1.358107929817049837e-09 9.041931814559075242e-10 2.240758277858032207e-10 6.110165791721651816e-10 -1.026274237483943644e-10 2.946753913019564747e-09 -4.417906066097967409e-11 2.351113821701305915e-10 -1.273277794221432039e-10 1.100317844226260292e-11 1.403551671004468447e-10 -1.636096945796866825e-11 -4.199424119556178270e-11 -5.320187241811637617e-11 -1.072941325654142987e-10 -8.058976167864289884e-11 -6.107974011923303417e-11 -8.365826312529678012e-11 -2.111116826482254606e-11
1.218429831806637077e-09 5.325855478903120201e-11 1.461228562989529763e-10 -5.968678457070624518e-10 1.288251256987171430e-10 3.339638349227815783e-10 -4.417906066097967409e-11 1.429057674255214340e-09 4.338320973297326534e-11 -8.361413504309696146e-11 2.339690423918288100e-11 4.603989392181977436e-11 -4.456996161555421191e-11 -3.474909992935082077e-11 1.090798355911799267e-11 4.531603078797483719e-11 2.017629744105988860e-11 6.118152144456126852e-13 7.499154677154878886e-12 -4.307784218789407259e-12
-4.383934262086118724e-10 4.388224750638904001e-10 -1.851561436299706345e-10 -2.729028430185321824e-10 1.263343408641414878e-10 1.261834345472296342e-10 2.351113821701305915e-10 4.338320973297326534e-11 1.317920855256497043e-09 3.922213402814820550e-12 8.201562108839824956e-11 8.879351407493082510e-11 3.328805896373158715e-11 1.865157812176838357e-11 2.887569799129082485e-12 3.838865523369859032e-11 5.578734897198773213e-11 -1.032368776643931229e-11 -7.070585235005235534e-12 -3.049486084357953643e-11
4.882867484469118148e-10 -1.533563293958089747e-11 -4.816071293776763424e-10 2.927244351884416756e-10 -7.390653242645594199e-12 -6.223117011161912307e-11 -1.273277794221432039e-10 -8.361413504309696146e-11 3.922213402814820550e-12 6.785279701451689433e-10 8.606945145890551512e-11 4.341817978805452945e-11 -3.348720596921394830e-11 3.257746207076235856e-12 9.518964970406135446e-12 -2.215320995872209837e-11 3.647599953892327512e-11 3.698134596839322144e-11 9.595869374887817293e-12 -1.369658542049720284e-11
2.340003035859673467e-10 -5.787328590667238428e-11 -1.398071008865778023e-10 2.151699647916058980e-10 -8.312473349738527094e-11 1.412583019942351981e-10 1.100317844226260292e-11 2.339690423918288100e-11 8.201562108839824956e-11 8.606945145890551512e-11 4.799254937363801888e-10 1.386049688444943462e-10 6.131445887319864195e-11 4.508358997099754740e-11 3.179903618410776220e-11 3.130605947696749482e-11 2.571825125679829666e-11 2.145819072323943117e-11 6.119111841491045901e-12 4.655587008860061840e-12
2.714746398003263910e-10 -5.026569182368260911e-10 8.636720076436417491e-11 7.769003390932625677e-11 1.928626324156334820e-10 2.577278198069740952e-11 1.403551671004468447e-10 4.603989392181977436e-11 8.879351407493082510e-11 4.341817978805452945e-11 1.386049688444943462e-10 4.464228841373043098e-10 1.215197136313718590e-10 4.369818590153385587e-11 3.347236723631523694e-11 -4.530168549134367932e-11 -1.327396395732909849e-11 -4.418217829800011648e-12 8.181825565142354501e-13 -2.954828842080789288e-12
-3.796898988353862850e-11 -4.682637719267143568e-11 -1.925375377718395491e-10 5.332452849708846956e-12 -2.836915440529898146e-11 4.497865187507334187e-11 -1.636096945796866825e-11 -4.456996161555421191e-11 3.328805896373158715e-11 -3.348720596921394830e-11 6.131445887319864195e-11 1.215197136313718590e-10 3.484432338242383694e-10 1.247642646675904049e-10 4.953030767551398924e-11 -2.856939557374215767e-11 -1.059931505766154523e-11 1.138271972610951500e-11 1.199440830122643966e-11 1.527250701003728643e-11
-1.465126545423742243e-10 -5.224979229941171707e-10 -4.959885856955083113e-10 1.044731400051392009e-10 1.080441521359819837e-11 -3.143973495690429623e-11 -4.199424119556178270e-11 -3.474909992935082077e-11 1.865157812176838357e-11 3.257746207076235856e-12 4.508358997099754740e-11 4.369818590153385587e-11 1.247642646675904049e-10 2.905226730214286119e-10 1.087566340912336949e-10 5.156471979207594407e-11 2.139384815011953720e-11 -1.220452729646500483e-11 6.250690018564435789e-12 2.345224753713676527e-12
4.002529344368002848e-11 -1.477446246829166743e-10 -3.031783541813421336e-10 -8.434197383408732313e-11 -1.671071854627655237e-11 2.000119212803886238e-11 -5.320187241811637617e-11 1.090798355911799267e-11 2.887569799129082485e-12 9.518964970406135446e-12 3.179903618410776220e-11 3.347236723631523694e-11 4.953030767551398924e-11 1.087566340912336949e-10 1.758682024319636858e-10 5.711427412166624393e-11 4.422318965934003366e-11 8.040179491923236329e-13 1.373842511702038782e-11 -9.546735614480498652e-13
2.183595020321434367e-11 1.360042455838362612e-10 9.632181029728431241e-11 6.739312867980879194e-11 7.494201823093572486e-11 -2.584368005663824682e-13 -1.072941325654142987e-10 4.531603078797483719e-11 3.838865523369859032e-11 -2.215320995872209837e-11 3.130605947696749482e-11 -4.530168549134367932e-11 -2.856939557374215767e-11 5.156471979207594407e-11 5.711427412166624393e-11 1.689591456028610386e-10 1.013218738673219501e-10 2.878814373779274428e-11 2.092998040718912432e-11 6.944895672639019283e-12
8.168154109827254674e-11 -8.150622558541088995e-11 1.001909551157091460e-10 9.157347832765926039e-11 -2.324251492748639880e-12 -7.167783806767939822e-11 -8.058976167864289884e-11 2.017629744105988860e-11 5.578734897198773213e-11 3.647599953892327512e-11 2.571825125679829666e-11 -1.327396395732909849e-11 -1.059931505766154523e-11 2.139384815011953720e-11 4.422318965934003366e-11 1.013218738673219501e-10 1.523933448201279104e-10 5.697646705465284023e-11 2.159701850107953809e-11 6.001267854279232607e-12
-1.703161798531910848e-10 4.350045365345348813e-13 -5.248386842553534954e-11 1.368402048356570465e-10 4.604353899237360573e-12 -4.029679914462938571e-12 -6.107974011923303417e-11 6.118152144456126852e-13 -1.032368776643931229e-11 3.698134596839322144e-11 2.145819072323943117e-11 -4.418217829800011648e-12 1.138271972610951500e-11 -1.220452729646500483e-11 8.040179491923236329e-13 2.878814373779274428e-11 5.697646705465284023e-11 1.095857754995377488e-10 4.780634002172402596e-11 1.431768844789694708e-11
-1.500024993845288411e-10 -4.707184439550460013e-11 -4.720876872550225722e-11 4.128872589755541630e-12 4.314865162528826644e-11 -5.229765286286772202e-11 -8.365826312529678012e-11 7.499154677154878886e-12 -7.070585235005235534e-12 9.595869374887817293e-12 6.119111841491045901e-12 8.181825565142354501e-13 1.199440830122643966e-11 6.250690018564435789e-12 1.373842511702038782e-11 2.092998040718912432e-11 2.159701850107953809e-11 4.780634002172402596e-11 9.212859918231472521e-11 3.481753062389396353e-11
-2.535720392134543487e-10 2.576086157908696436e-12 2.782768037543984303e-12 7.191203328659009200e-13 1.124145993608909541e-10 -5.434143002355509382e-11 -2.111116826482254606e-11 -4.307784218789407259e-12 -3.049486084357953643e-11 -1.369658542049720284e-11 4.655587008860061840e-12 -2.954828842080789288e-12 1.527250701003728643e-11 2.345224753713676527e-12 -9.546735614480498652e-13 6.944895672639019283e-12 6.001267854279232607e-12 1.431768844789694708e-11 3.481753062389396353e-11 5.646354543984544786e-11
