3.159317747315404574e-05 3.039450761923960181e-05 3.114392873469075233e-05 3.123027703581401183e-05 3.085790385761356410e-05 3.100007479723937388e-05 3.080569221570518025e-05 3.003999047978849390e-05 2.954368536366436192e-05 2.875908566448057193e-05 2.803476995360176379e-05 2.702995097052153872e-05 2.614393201471124084e-05 2.441255468405946615e-05 2.214444688439304990e-05 1.934952775072567267e-05 1.587686740625373561e-05 1.200010120406636780e-05 7.509499128863405317e-06 3.152053937106329263e-06
3.039450761923960181e-05 3.131434116685617139e-05 3.128794169129238862e-05 3.113072117395753558e-05 3.080364728646782979e-05 3.101300843210234306e-05 3.081718270258381538e-05 2.995817599630252662e-05 2.947559501911304347e-05 2.866807303180220469e-05 2.785897965454316633e-05 2.684691100369907300e-05 2.596313142166951519e-05 2.428002865717283763e-05 2.203126020062937674e-05 1.920682579953300199e-05 1.563337992120946999e-05 1.151170622710410212e-05 6.846242649433712851e-06 2.334614319193729156e-06
3.114392873469075233e-05 3.128794169129238862e-05 3.255798663602716439e-05 3.213630324485504039e-05 3.177033150473031908e-05 3.197088384717815170e-05 3.177856153493558149e-05 3.093232104193719014e-05 3.043262916531452243e-05 2.968431025979289628e-05 2.895028489666466240e-05 2.789675352070513400e-05 2.694383716275339195e-05 2.523953290711585586e-05 2.295078092622534314e-05 2.001960608554714991e-05 1.631264810095823132e-05 1.205458149655753526e-05 7.213597089987928179e-06 2.535463614408646864e-06
3.123027703581401183e-05 3.113072117395753558e-05 3.213630324485504039e-05 3.253587359690208585e-05 3.178540183627197476e-05 3.204671031067420908e-05 3.183336348076995601e-05 3.104093744456399971e-05 3.053092865668594757e-05 2.975097308604274492e-05 2.899661018900018966e-05 2.793343476803003748e-05 2.696150012446910224e-05 2.518224279270298596e-05 2.287760163548723308e-05 1.996771823300811947e-05 1.629831282424656390e-05 1.215583892183279410e-05 7.366321113706780308e-06 2.786815391004677077e-06
3.085790385761356410e-05 3.080364728646782979e-05 3.177033150473031908e-05 3.178540183627197476e-05 3.170411743073672486e-05 3.175746870115982780e-05 3.153308042340172775e-05 3.074570748483105946e-05 3.029249751166386212e-05 2.954401934702688011e-05 2.879037372118787736e-05 2.772868383047246836e-05 2.676362992605142951e-05 2.502522028121211304e-05 2.270466930895459143e-05 1.977275793694427880e-05 1.606819707360047990e-05 1.185105704428235372e-05 7.068831094564693480e-06 2.490390914047853320e-06
3.100007479723937388e-05 3.101300843210234306e-05 3.197088384717815170e-05 3.204671031067420908e-05 3.175746870115982780e-05 3.227351171593371965e-05 3.199881010631079690e-05 3.122023593560392191e-05 3.070755882374718719e-05 2.997176767725105408e-05 2.920696046922119303e-05 2.809360971967750104e-05 2.710129229604514605e-05 2.535020597468530879e-05 2.298735173903915227e-05 1.998742007972568779e-05 1.620173942016212262e-05 1.195546754791426221e-05 7.056930724340338051e-06 2.386711164339524054e-06
3.080569221570518025e-05 3.081718270258381538e-05 3.177856153493558149e-05 3.183336348076995601e-05 3.153308042340172775e-05 3.199881010631079690e-05 3.205126313907135944e-05 3.121161401214299260e-05 3.072674548960998170e-05 3.002081927029709470e-05 2.930230244980442010e-05 2.820758541438576312e-05 2.723266968257312122e-05 2.546304737169880470e-05 2.304501066638746840e-05 2.000501321547525926e-05 1.621484610610614881e-05 1.191412384730288436e-05 6.935262810037077061e-06 2.220113898551287527e-06
3.003999047978849390e-05 2.995817599630252662e-05 3.093232104193719014e-05 3.104093744456399971e-05 3.074570748483105946e-05 3.122023593560392191e-05 3.121161401214299260e-05 3.067763746930757658e-05 3.021748876030713821e-05 2.954241138094348336e-05 2.886520530876966875e-05 2.778965952459040505e-05 2.683792620761721515e-05 2.513656724771334098e-05 2.275410514595936550e-05 1.978816565596889658e-05 1.608851695865034522e-05 1.183705426972407738e-05 6.882464884293024117e-06 2.214874088141142145e-06
2.954368536366436192e-05 2.947559501911304347e-05 3.043262916531452243e-05 3.053092865668594757e-05 3.029249751166386212e-05 3.070755882374718719e-05 3.072674548960998170e-05 3.021748876030713821e-05 2.997916196509920199e-05 2.934389693907645783e-05 2.870741672868827135e-05 2.766162609943719299e-05 2.670594000330877901e-05 2.498966527984267723e-05 2.259502712952529693e-05 1.962502598913990981e-05 1.595256742249683918e-05 1.166927235832677697e-05 6.722087586677234235e-06 2.069293854280484135e-06
2.875908566448057193e-05 2.866807303180220469e-05 2.968431025979289628e-05 2.975097308604274492e-05 2.954401934702688011e-05 2.997176767725105408e-05 3.002081927029709470e-05 2.954241138094348336e-05 2.934389693907645783e-05 2.889980562745825078e-05 2.831389539727669708e-05 2.733172020289167137e-05 2.639444089687514278e-05 2.471907318440404438e-05 2.233169286817178248e-05 1.937718229036514963e-05 1.574990931614935995e-05 1.148782400737514570e-05 6.550351066697674936e-06 1.928810278187247089e-06
2.803476995360176379e-05 2.785897965454316633e-05 2.895028489666466240e-05 2.899661018900018966e-05 2.879037372118787736e-05 2.920696046922119303e-05 2.930230244980442010e-05 2.886520530876966875e-05 2.870741672868827135e-05 2.831389539727669708e-05 2.793165921791687455e-05 2.706182476888016622e-05 2.616102731950820326e-05 2.454890276060926104e-05 2.220295934915768926e-05 1.930096774251150756e-05 1.571652382702532494e-05 1.149064836748731875e-05 6.597852379118675368e-06 2.020216177431789732e-06
2.702995097052153872e-05 2.684691100369907300e-05 2.789675352070513400e-05 2.793343476803003748e-05 2.772868383047246836e-05 2.809360971967750104e-05 2.820758541438576312e-05 2.778965952459040505e-05 2.766162609943719299e-05 2.733172020289167137e-05 2.706182476888016622e-05 2.646469762718290918e-05 2.569784189516155786e-05 2.421666316023807463e-05 2.198189787028772066e-05 1.919770001765751735e-05 1.572149161860693896e-05 1.157329818223489090e-05 6.776734431881876409e-06 2.226740112550319452e-06
2.614393201471124084e-05 2.596313142166951519e-05 2.694383716275339195e-05 2.696150012446910224e-05 2.676362992605142951e-05 2.710129229604514605e-05 2.723266968257312122e-05 2.683792620761721515e-05 2.670594000330877901e-05 2.639444089687514278e-05 2.616102731950820326e-05 2.569784189516155786e-05 2.520753890135655432e-05 2.388932752965516255e-05 2.178232697286899971e-05 1.912694892447023353e-05 1.574582966785054413e-05 1.167468429417057316e-05 6.924821586430421825e-06 2.416415945032700967e-06
2.441255468405946615e-05 2.428002865717283763e-05 2.523953290711585586e-05 2.518224279270298596e-05 2.502522028121211304e-05 2.535020597468530879e-05 2.546304737169880470e-05 2.513656724771334098e-05 2.498966527984267723e-05 2.471907318440404438e-05 2.454890276060926104e-05 2.421666316023807463e-05 2.388932752965516255e-05 2.292540890347235610e-05 2.108653274307437407e-05 1.865479273997888688e-05 1.543947299616693498e-05 1.153705284919703553e-05 7.001012545322179624e-06 2.585321297305269521e-06
2.214444688439304990e-05 2.203126020062937674e-05 2.295078092622534314e-05 2.287760163548723308e-05 2.270466930895459143e-05 2.298735173903915227e-05 2.304501066638746840e-05 2.275410514595936550e-05 2.259502712952529693e-05 2.233169286817178248e-05 2.220295934915768926e-05 2.198189787028772066e-05 2.178232697286899971e-05 2.108653274307437407e-05 1.970481386836997860e-05 1.771117666117770145e-05 1.488098403834182547e-05 1.134117624919010010e-05 7.168613890372357010e-06 2.977313350103251409e-06
1.934952775072567267e-05 1.920682579953300199e-05 2.001960608554714991e-05 1.996771823300811947e-05 1.977275793694427880e-05 1.998742007972568779e-05 2.000501321547525926e-05 1.978816565596889658e-05 1.962502598913990981e-05 1.937718229036514963e-05 1.930096774251150756e-05 1.919770001765751735e-05 1.912694892447023353e-05 1.865479273997888688e-05 1.771117666117770145e-05 1.641685632242095172e-05 1.421205616082304418e-05 1.120944593120312575e-05 7.512392120283608296e-06 3.620662852542894590e-06
1.587686740625373561e-05 1.563337992120946999e-05 1.631264810095823132e-05 1.629831282424656390e-05 1.606819707360047990e-05 1.620173942016212262e-05 1.621484610610614881e-05 1.608851695865034522e-05 1.595256742249683918e-05 1.574990931614935995e-05 1.571652382702532494e-05 1.572149161860693896e-05 1.574582966785054413e-05 1.543947299616693498e-05 1.488098403834182547e-05 1.421205616082304418e-05 1.301088678352718339e-05 1.080676282536872504e-05 7.726494344164634695e-06 4.273448244581416667e-06
1.200010120406636780e-05 1.151170622710410212e-05 1.205458149655753526e-05 1.215583892183279410e-05 1.185105704428235372e-05 1.195546754791426221e-05 1.191412384730288436e-05 1.183705426972407738e-05 1.166927235832677697e-05 1.148782400737514570e-05 1.149064836748731875e-05 1.157329818223489090e-05 1.167468429417057316e-05 1.153705284919703553e-05 1.134117624919010010e-05 1.120944593120312575e-05 1.080676282536872504e-05 9.882840960448672493e-06 7.845808270889903879e-06 5.113257539362773254e-06
7.509499128863405317e-06 6.846242649433712851e-06 7.213597089987928179e-06 7.366321113706780308e-06 7.068831094564693480e-06 7.056930724340338051e-06 6.935262810037077061e-06 6.882464884293024117e-06 6.722087586677234235e-06 6.550351066697674936e-06 6.597852379118675368e-06 6.776734431881876409e-06 6.924821586430421825e-06 7.001012545322179624e-06 7.168613890372357010e-06 7.512392120283608296e-06 7.726494344164634695e-06 7.845808270889903879e-06 7.362089375858856990e-06 5.844207803187952717e-06
3.152053937106329263e-06 2.334614319193729156e-06 2.535463614408646864e-06 2.786815391004677077e-06 2.490390914047853320e-06 2.386711164339524054e-06 2.220113898551287527e-06 2.214874088141142145e-06 2.069293854280484135e-06 1.928810278187247089e-06 2.020216177431789732e-06 2.226740112550319452e-06 2.416415945032700967e-06 2.585321297305269521e-06 2.977313350103251409e-06 3.620662852542894590e-06 4.273448244581416667e-06 5.113257539362773254e-06 5.844207803187952717e-06 6.105734227756689692e-06
