1.483093533070131407e-09 1.080230543712605898e-10 1.505905847199460826e-11 8.111247131434156048e-11 -2.409089947741134212e-11 2.417419086706127191e-11 5.172445725755797787e-11 4.632225392228069815e-11 -3.167177466251846810e-11 -8.843983118686553498e-11 -1.014734082995700786e-10 -7.856632932085511400e-11 -5.665867299995218292e-11 -3.132566275492851536e-12 8.393198336788480554e-11 1.503451700549894356e-10 2.257738165958352222e-10 2.879008803988815872e-10 3.425878046124608125e-10 3.569616242892849462e-10
1.080230543712605898e-10 1.019701456860766852e-09 2.903758786898499952e-11 1.063358295416929315e-10 1.641367359183708034e-11 1.126717412952110159e-10 3.173963089229780653e-11 -5.990800879498067796e-13 -9.400884009065270355e-12 -8.539308947986470987e-11 -5.530940554446679678e-11 -6.736551899294343906e-11 -7.590435969443764712e-11 -6.618235642503922351e-11 -7.267134389725935337e-11 -7.213963872303220824e-11 -8.480124524780464373e-11 -5.927801818206099954e-11 -7.526705869309543360e-11 -7.454130613067760511e-11
1.505905847199460826e-11 2.903758786898499952e-11 5.421610550589747336e-10 7.403342509529189951e-11 1.274673021005198510e-11 2.856268181032376643e-11 3.945055688595240030e-13 1.733778347599412170e-11 -2.383182644910668635e-11 -9.763786696636297962e-12 -1.376755673235891426e-11 1.042919482263862985e-11 -6.070177698234806040e-12 1.471551388526555170e-11 2.259635458775021826e-11 2.136606757798066968e-11 2.437571368000825776e-11 8.820683201697519861e-11 1.436067550123710837e-10 1.384638853509103524e-10
8.111247131434156048e-11 1.063358295416929315e-10 7.403342509529189951e-11 5.533875968382026615e-10 1.222419148011132458e-10 1.061168157133949086e-10 9.629975914058909299e-11 4.241042012046496434e-11 2.679358567976427746e-11 3.742409443858962675e-11 3.350166566667205555e-11 3.846416168875317148e-12 5.948918795535118740e-12 1.980615338963734939e-11 1.141077383681200106e-11 5.094776640111333568e-12 5.035866655267978282e-11 3.382938780112974439e-11 -7.227524817452013910e-12 -5.488711047808085422e-12
-2.409089947741134212e-11 1.641367359183708034e-11 1.274673021005198510e-11 1.222419148011132458e-10 3.347377974267446627e-10 1.545557795419073517e-10 1.154406060149374392e-10 1.014550783810333627e-10 7.428219933233754105e-11 7.239384837180108337e-11 6.756674899517050244e-11 3.608217392208986892e-11 1.985961723975034705e-11 9.991655774638233935e-12 1.555313032611862665e-11 4.529997668640045675e-11 8.061418484431937318e-11 8.778977734466960011e-11 1.239220751901552900e-10 1.207811039956540572e-10
2.417419086706127191e-11 1.126717412952110159e-10 2.856268181032376643e-11 1.061168157133949086e-10 1.545557795419073517e-10 3.664277624039344546e-10 1.997403973120576242e-10 1.589272953710838306e-10 1.213851991464728854e-10 1.212674075541504655e-10 8.890767726260770747e-11 5.955941196808457590e-11 6.812034583933019471e-11 7.255422226922660194e-11 3.827649687819807143e-11 2.088931251155547305e-11 6.454747921859402969e-12 2.910302936388927758e-11 7.521385609890495922e-11 5.875645102171582953e-11
5.172445725755797787e-11 3.173963089229780653e-11 3.945055688595240030e-13 9.629975914058909299e-11 1.154406060149374392e-10 1.997403973120576242e-10 3.018781592657161838e-10 1.872533673963607914e-10 1.364742552936746846e-10 1.110502505563268182e-10 8.012653543749606704e-11 5.569972628767801960e-11 5.388873099690875992e-11 5.189712231248724072e-11 3.937973766100180531e-11 4.366976912325899597e-11 5.164961147901827552e-11 6.162986261630304767e-11 9.591283485603792222e-11 1.336666751218071165e-10
4.632225392228069815e-11 -5.990800879498067796e-13 1.733778347599412170e-11 4.241042012046496434e-11 1.014550783810333627e-10 1.589272953710838306e-10 1.872533673963607914e-10 2.778779952818385167e-10 1.857991046086123986e-10 1.613702466670411156e-10 1.203937429714813001e-10 9.839591878542947236e-11 1.040432126658409886e-10 8.255931768106652153e-11 6.443398452884612756e-11 5.707466118755567409e-11 4.175833827430189609e-11 6.199963283500182495e-11 1.197165702040749167e-10 1.456967084708528773e-10
-3.167177466251846810e-11 -9.400884009065270355e-12 -2.383182644910668635e-11 2.679358567976427746e-11 7.428219933233754105e-11 1.213851991464728854e-10 1.364742552936746846e-10 1.857991046086123986e-10 2.496212859317192832e-10 1.947860193871515874e-10 1.651227670877466944e-10 1.140327930170326789e-10 1.163028739314194182e-10 1.002178624140852939e-10 5.877316738386274728e-11 2.194399471582461092e-11 -2.597891528284698934e-11 -2.995731350571653789e-11 3.723613182990080383e-12 -1.878855943005678302e-11
-8.843983118686553498e-11 -8.539308947986470987e-11 -9.763786696636297962e-12 3.742409443858962675e-11 7.239384837180108337e-11 1.212674075541504655e-10 1.110502505563268182e-10 1.613702466670411156e-10 1.947860193871515874e-10 2.811883507289975094e-10 2.387775199346228414e-10 1.953730057770800044e-10 1.798897411048419739e-10 1.580257495732736116e-10 9.849907616891026058e-11 8.463540502917240634e-11 5.783661651353456101e-11 3.586727473537443220e-11 9.965592506375126357e-11 1.067495381951822979e-10
-1.014734082995700786e-10 -5.530940554446679678e-11 -1.376755673235891426e-11 3.350166566667205555e-11 6.756674899517050244e-11 8.890767726260770747e-11 8.012653543749606704e-11 1.203937429714813001e-10 1.651227670877466944e-10 2.387775199346228414e-10 3.223388047914389166e-10 2.835473919017716943e-10 2.667256271243689915e-10 2.429166551816199768e-10 1.658971766664633376e-10 1.517861514291359845e-10 1.428036382453079914e-10 1.213709802463843665e-10 1.857101407325706419e-10 1.871673006054564556e-10
-7.856632932085511400e-11 -6.736551899294343906e-11 1.042919482263862985e-11 3.846416168875317148e-12 3.608217392208986892e-11 5.955941196808457590e-11 5.569972628767801960e-11 9.839591878542947236e-11 1.140327930170326789e-10 1.953730057770800044e-10 2.835473919017716943e-10 3.668443847248152999e-10 3.710499366380828232e-10 3.249462874434970555e-10 2.134238586280279513e-10 1.883574791999605037e-10 1.820207992173015468e-10 1.765248527265354643e-10 2.479278493660591991e-10 2.601770571137289339e-10
-5.665867299995218292e-11 -7.590435969443764712e-11 -6.070177698234806040e-12 5.948918795535118740e-12 1.985961723975034705e-11 6.812034583933019471e-11 5.388873099690875992e-11 1.040432126658409886e-10 1.163028739314194182e-10 1.798897411048419739e-10 2.667256271243689915e-10 3.710499366380828232e-10 5.147826061636052846e-10 5.002087460678565309e-10 3.584737403418317851e-10 3.250594001571628971e-10 2.856005498269358203e-10 2.814049219367414822e-10 3.600192778426786465e-10 3.572142485927743997e-10
-3.132566275492851536e-12 -6.618235642503922351e-11 1.471551388526555170e-11 1.980615338963734939e-11 9.991655774638233935e-12 7.255422226922660194e-11 5.189712231248724072e-11 8.255931768106652153e-11 1.002178624140852939e-10 1.580257495732736116e-10 2.429166551816199768e-10 3.249462874434970555e-10 5.002087460678565309e-10 6.377985475285469357e-10 5.486331470482801903e-10 5.063779875109151056e-10 4.620291980382368071e-10 4.504958533951135718e-10 5.572589078141530017e-10 5.467894416426926206e-10
8.393198336788480554e-11 -7.267134389725935337e-11 2.259635458775021826e-11 1.141077383681200106e-11 1.555313032611862665e-11 3.827649687819807143e-11 3.937973766100180531e-11 6.443398452884612756e-11 5.877316738386274728e-11 9.849907616891026058e-11 1.658971766664633376e-10 2.134238586280279513e-10 3.584737403418317851e-10 5.486331470482801903e-10 6.857416458571219027e-10 7.025640321497694796e-10 6.596888237959490364e-10 6.327414030228239742e-10 7.410521920203395067e-10 7.259524489834362992e-10
1.503451700549894356e-10 -7.213963872303220824e-11 2.136606757798066968e-11 5.094776640111333568e-12 4.529997668640045675e-11 2.088931251155547305e-11 4.366976912325899597e-11 5.707466118755567409e-11 2.194399471582461092e-11 8.463540502917240634e-11 1.517861514291359845e-10 1.883574791999605037e-10 3.250594001571628971e-10 5.063779875109151056e-10 7.025640321497694796e-10 9.450811790475977789e-10 1.026197820118046160e-09 1.047659248400285271e-09 1.158695142101068330e-09 1.063295616520683924e-09
2.257738165958352222e-10 -8.480124524780464373e-11 2.437571368000825776e-11 5.035866655267978282e-11 8.061418484431937318e-11 6.454747921859402969e-12 5.164961147901827552e-11 4.175833827430189609e-11 -2.597891528284698934e-11 5.783661651353456101e-11 1.428036382453079914e-10 1.820207992173015468e-10 2.856005498269358203e-10 4.620291980382368071e-10 6.596888237959490364e-10 1.026197820118046160e-09 1.456303725596311376e-09 1.638915327366334935e-09 1.732683906371532851e-09 1.530196685114951602e-09
2.879008803988815872e-10 -5.927801818206099954e-11 8.820683201697519861e-11 3.382938780112974439e-11 8.778977734466960011e-11 2.910302936388927758e-11 6.162986261630304767e-11 6.199963283500182495e-11 -2.995731350571653789e-11 3.586727473537443220e-11 1.213709802463843665e-10 1.765248527265354643e-10 2.814049219367414822e-10 4.504958533951135718e-10 6.327414030228239742e-10 1.047659248400285271e-09 1.638915327366334935e-09 2.233687598132604640e-09 2.512759229959462358e-09 2.222671059272838660e-09
3.425878046124608125e-10 -7.526705869309543360e-11 1.436067550123710837e-10 -7.227524817452013910e-12 1.239220751901552900e-10 7.521385609890495922e-11 9.591283485603792222e-11 1.197165702040749167e-10 3.723613182990080383e-12 9.965592506375126357e-11 1.857101407325706419e-10 2.479278493660591991e-10 3.600192778426786465e-10 5.572589078141530017e-10 7.410521920203395067e-10 1.158695142101068330e-09 1.732683906371532851e-09 2.512759229959462358e-09 3.314793901207668690e-09 3.198385059236791129e-09
3.569616242892849462e-10 -7.454130613067760511e-11 1.384638853509103524e-10 -5.488711047808085422e-12 1.207811039956540572e-10 5.875645102171582953e-11 1.336666751218071165e-10 1.456967084708528773e-10 -1.878855943005678302e-11 1.067495381951822979e-10 1.871673006054564556e-10 2.601770571137289339e-10 3.572142485927743997e-10 5.467894416426926206e-10 7.259524489834362992e-10 1.063295616520683924e-09 1.530196685114951602e-09 2.222671059272838660e-09 3.198385059236791129e-09 3.791556759827508157e-09
