3.775149735511259099e-05 3.534170886783300950e-05 3.589597698271081779e-05 3.489394033356048790e-05 3.536525995707307050e-05 3.512523377383660597e-05 3.478439454121864271e-05 3.446477042878383308e-05 3.391732137983955050e-05 3.284278313281567096e-05 3.177757170540670690e-05 3.029133271526425667e-05 2.882727236832285236e-05 2.659074853177957712e-05 2.365746926533042826e-05 2.076979251741833648e-05 1.759379448004404518e-05 1.386499282741030080e-05 8.940598234120452056e-06 4.261564004617189992e-06
3.534170886783300950e-05 3.631884678679439109e-05 3.536236233527081409e-05 3.453894162823960149e-05 3.528541729845254601e-05 3.498676629698870672e-05 3.453445440272371242e-05 3.429900797144436447e-05 3.349639412243677304e-05 3.239446702210558058e-05 3.128485594932672376e-05 2.977318280282757396e-05 2.842689204244548367e-05 2.629920653448590458e-05 2.347343853328292968e-05 2.074001187804983831e-05 1.765277286610516955e-05 1.387679936712415533e-05 8.872201451035165227e-06 4.129506022207274097e-06
3.589597698271081779e-05 3.536236233527081409e-05 3.677712984460813244e-05 3.508078363423152986e-05 3.550554520755833972e-05 3.553548931792421014e-05 3.498792361954318133e-05 3.475943157704510124e-05 3.410128995746068155e-05 3.310623766181986188e-05 3.197686784161948360e-05 3.044769674735529479e-05 2.891233115335507025e-05 2.663941624272652526e-05 2.366002993812674961e-05 2.080834500621533980e-05 1.774381035390173436e-05 1.400361576912860161e-05 9.027696672493443892e-06 4.428495245495328396e-06
3.489394033356048790e-05 3.453894162823960149e-05 3.508078363423152986e-05 3.506782362943535288e-05 3.512030513441535704e-05 3.500302666341362733e-05 3.460199372269666168e-05 3.427481847400508044e-05 3.363189511867884873e-05 3.256451381758157634e-05 3.133418616338214959e-05 2.985848911232568838e-05 2.846321500582335475e-05 2.639912980060363454e-05 2.356820353578014418e-05 2.077829961273189199e-05 1.779695718527213479e-05 1.411471442390592975e-05 9.275987295938615813e-06 4.831615765497256567e-06
3.536525995707307050e-05 3.528541729845254601e-05 3.550554520755833972e-05 3.512030513441535704e-05 3.617737358948451223e-05 3.582940237430996990e-05 3.528753561503539986e-05 3.495619333857586400e-05 3.425569043070907489e-05 3.319881285703288695e-05 3.205172430746350265e-05 3.044045941940479836e-05 2.899214571118836754e-05 2.685219582202169722e-05 2.387326202420598240e-05 2.094648775471211029e-05 1.777345416864865353e-05 1.398891209651465452e-05 8.964617031145462824e-06 4.321146530230738581e-06
3.512523377383660597e-05 3.498676629698870672e-05 3.553548931792421014e-05 3.500302666341362733e-05 3.582940237430996990e-05 3.617919099706228258e-05 3.554864696922767489e-05 3.522498764918893436e-05 3.450802158683156099e-05 3.353799320704211045e-05 3.241470443802063633e-05 3.085939533504608899e-05 2.942852295490967909e-05 2.728775203846039687e-05 2.431619188381930840e-05 2.131015555737147577e-05 1.805420932254538801e-05 1.418082676532873797e-05 9.124449274052542363e-06 4.583648296723698497e-06
3.478439454121864271e-05 3.453445440272371242e-05 3.498792361954318133e-05 3.460199372269666168e-05 3.528753561503539986e-05 3.554864696922767489e-05 3.554191992409205895e-05 3.505818653940911820e-05 3.440525285027155682e-05 3.342077949226939204e-05 3.226367482254438753e-05 3.070234283538591965e-05 2.930686611034780595e-05 2.709624498192462824e-05 2.414376586251752445e-05 2.122851518339076746e-05 1.797830182591777083e-05 1.418453206080596978e-05 9.311525692964475062e-06 4.864962269866671658e-06
3.446477042878383308e-05 3.429900797144436447e-05 3.475943157704510124e-05 3.427481847400508044e-05 3.495619333857586400e-05 3.522498764918893436e-05 3.505818653940911820e-05 3.502934396614398524e-05 3.439199653972646099e-05 3.346305059309602524e-05 3.235902412789319843e-05 3.081895036034311734e-05 2.943291360645908285e-05 2.729509465761388563e-05 2.437295996738745530e-05 2.140119190905597231e-05 1.809590455072433390e-05 1.419299157938393584e-05 9.204055450921400393e-06 4.636298521641273410e-06
3.391732137983955050e-05 3.349639412243677304e-05 3.410128995746068155e-05 3.363189511867884873e-05 3.425569043070907489e-05 3.450802158683156099e-05 3.440525285027155682e-05 3.439199653972646099e-05 3.419152124116441228e-05 3.333322075202987012e-05 3.235511184175350071e-05 3.086613055015233892e-05 2.948657923259025230e-05 2.736976330221732595e-05 2.443422743996116544e-05 2.142911051879860869e-05 1.805695609836479746e-05 1.413233818812583037e-05 9.168464699527289368e-06 4.594365928021338955e-06
3.284278313281567096e-05 3.239446702210558058e-05 3.310623766181986188e-05 3.256451381758157634e-05 3.319881285703288695e-05 3.353799320704211045e-05 3.342077949226939204e-05 3.346305059309602524e-05 3.333322075202987012e-05 3.276582658583406313e-05 3.188482970520094896e-05 3.050577924278287623e-05 2.916891992710632923e-05 2.714839638084535410e-05 2.425780385845275551e-05 2.122256338472241328e-05 1.783096316897548152e-05 1.391969455258555180e-05 9.012517181099857631e-06 4.489189916225344214e-06
3.177757170540670690e-05 3.128485594932672376e-05 3.197686784161948360e-05 3.133418616338214959e-05 3.205172430746350265e-05 3.241470443802063633e-05 3.226367482254438753e-05 3.235902412789319843e-05 3.235511184175350071e-05 3.188482970520094896e-05 3.148545264416456927e-05 3.026570512523627860e-05 2.905712808531066133e-05 2.710672627746103447e-05 2.425643398920281687e-05 2.127844623444863191e-05 1.789044892593711424e-05 1.398943909934067486e-05 9.037543772548214379e-06 4.394895688648936163e-06
3.029133271526425667e-05 2.977318280282757396e-05 3.044769674735529479e-05 2.985848911232568838e-05 3.044045941940479836e-05 3.085939533504608899e-05 3.070234283538591965e-05 3.081895036034311734e-05 3.086613055015233892e-05 3.050577924278287623e-05 3.026570512523627860e-05 2.951065463107353142e-05 2.849220413612730429e-05 2.671131614109731176e-05 2.401474269379967998e-05 2.113846168916978815e-05 1.777792482442441848e-05 1.389766094489002128e-05 9.039550413962227138e-06 4.486151446923911965e-06
2.882727236832285236e-05 2.842689204244548367e-05 2.891233115335507025e-05 2.846321500582335475e-05 2.899214571118836754e-05 2.942852295490967909e-05 2.930686611034780595e-05 2.943291360645908285e-05 2.948657923259025230e-05 2.916891992710632923e-05 2.905712808531066133e-05 2.849220413612730429e-05 2.787768335819413901e-05 2.635976211930236190e-05 2.377623882292436526e-05 2.099306446219575086e-05 1.766218814897936899e-05 1.375216853302741794e-05 8.978199366323472879e-06 4.477576292696372989e-06
2.659074853177957712e-05 2.629920653448590458e-05 2.663941624272652526e-05 2.639912980060363454e-05 2.685219582202169722e-05 2.728775203846039687e-05 2.709624498192462824e-05 2.729509465761388563e-05 2.736976330221732595e-05 2.714839638084535410e-05 2.710672627746103447e-05 2.671131614109731176e-05 2.635976211930236190e-05 2.534874559841755219e-05 2.306183719616997562e-05 2.045292237908148653e-05 1.727412636290589839e-05 1.347857064178717876e-05 8.943848011663815080e-06 4.664567949652321967e-06
2.365746926533042826e-05 2.347343853328292968e-05 2.366002993812674961e-05 2.356820353578014418e-05 2.387326202420598240e-05 2.431619188381930840e-05 2.414376586251752445e-05 2.437295996738745530e-05 2.443422743996116544e-05 2.425780385845275551e-05 2.425643398920281687e-05 2.401474269379967998e-05 2.377623882292436526e-05 2.306183719616997562e-05 2.143162420166668178e-05 1.920087651117054867e-05 1.635740360695269526e-05 1.288370258470338807e-05 8.772503683693496569e-06 4.957682204717090697e-06
2.076979251741833648e-05 2.074001187804983831e-05 2.080834500621533980e-05 2.077829961273189199e-05 2.094648775471211029e-05 2.131015555737147577e-05 2.122851518339076746e-05 2.140119190905597231e-05 2.142911051879860869e-05 2.122256338472241328e-05 2.127844623444863191e-05 2.113846168916978815e-05 2.099306446219575086e-05 2.045292237908148653e-05 1.920087651117054867e-05 1.771693435387135395e-05 1.543640093660267001e-05 1.244494784816905252e-05 8.796925856534001110e-06 5.310066402037228878e-06
1.759379448004404518e-05 1.765277286610516955e-05 1.774381035390173436e-05 1.779695718527213479e-05 1.777345416864865353e-05 1.805420932254538801e-05 1.797830182591777083e-05 1.809590455072433390e-05 1.805695609836479746e-05 1.783096316897548152e-05 1.789044892593711424e-05 1.777792482442441848e-05 1.766218814897936899e-05 1.727412636290589839e-05 1.635740360695269526e-05 1.543640093660267001e-05 1.408943100867660143e-05 1.187423488810943590e-05 8.880910407573848855e-06 5.905867464285881450e-06
1.386499282741030080e-05 1.387679936712415533e-05 1.400361576912860161e-05 1.411471442390592975e-05 1.398891209651465452e-05 1.418082676532873797e-05 1.418453206080596978e-05 1.419299157938393584e-05 1.413233818812583037e-05 1.391969455258555180e-05 1.398943909934067486e-05 1.389766094489002128e-05 1.375216853302741794e-05 1.347857064178717876e-05 1.288370258470338807e-05 1.244494784816905252e-05 1.187423488810943590e-05 1.102846873023297071e-05 9.068839849376303199e-06 6.706431873437274583e-06
8.940598234120452056e-06 8.872201451035165227e-06 9.027696672493443892e-06 9.275987295938615813e-06 8.964617031145462824e-06 9.124449274052542363e-06 9.311525692964475062e-06 9.204055450921400393e-06 9.168464699527289368e-06 9.012517181099857631e-06 9.037543772548214379e-06 9.039550413962227138e-06 8.978199366323472879e-06 8.943848011663815080e-06 8.772503683693496569e-06 8.796925856534001110e-06 8.880910407573848855e-06 9.068839849376303199e-06 8.844419301124083552e-06 7.592319240147325760e-06
4.261564004617189992e-06 4.129506022207274097e-06 4.428495245495328396e-06 4.831615765497256567e-06 4.321146530230738581e-06 4.583648296723698497e-06 4.864962269866671658e-06 4.636298521641273410e-06 4.594365928021338955e-06 4.489189916225344214e-06 4.394895688648936163e-06 4.486151446923911965e-06 4.477576292696372989e-06 4.664567949652321967e-06 4.957682204717090697e-06 5.310066402037228878e-06 5.905867464285881450e-06 6.706431873437274583e-06 7.592319240147325760e-06 8.043036623919900949e-06
