3.742852901723652086e-08 -1.893877967576776808e-09 -1.004966770610013627e-09 9.557670314879996719e-11 1.055891703339825770e-09 -6.267897663516069700e-10 -1.431090297592487684e-09 3.352317397648643837e-10 4.517637106469728362e-10 2.191882014249251719e-10 8.714382766301533810e-10 1.350101620322788985e-10 -1.483033439410045012e-12 4.050762248293771938e-10 -1.528252457868323696e-11 -9.501317729914911440e-11 -6.749981444405573863e-11 4.101009016911989256e-10 4.551271439966415066e-10 2.419189406033206316e-10
-1.893877967576776808e-09 2.325364830599439893e-08 2.704708615317288278e-09 -5.067521977085569962e-10 -1.280863551363195464e-09 -4.186703834830907920e-11 7.935903863086989962e-10 7.853044526573964439e-10 -2.300891978102957614e-10 -1.259013751397345336e-10 2.518419324976336500e-10 -3.116127850575016370e-10 1.801881175004158804e-10 -4.122342636779940070e-10 -1.222698833799660074e-10 1.293348862667468490e-10 -3.727938972418246302e-10 -2.469454444611836658e-11 -4.320439614560761577e-11 1.824515673750309271e-10
-1.004966770610013627e-09 2.704708615317288278e-09 1.149008628050338939e-08 4.068629031004542675e-10 9.261012044699247018e-10 6.028285434395248158e-10 1.228886201530325814e-10 -1.833705856012950655e-11 -7.896205421825579588e-10 -1.730792367119259803e-10 -4.598719595016697362e-11 -1.999565690505333460e-10 1.945514773713210757e-10 -1.750493922207046769e-10 -1.047581862689194109e-10 -1.834524644377398939e-10 -2.284219163948146431e-10 -1.316162781947209176e-10 6.551636016060803986e-11 5.106115735829034033e-11
9.557670314879996719e-11 -5.067521977085569962e-10 4.068629031004542675e-10 7.640267443494812751e-09 6.391155725090234409e-10 -5.272733186030453704e-10 7.863839684803492545e-11 -6.627966059549843596e-10 2.127218144752311239e-10 2.549404946859355306e-10 1.312105370630417334e-10 -7.000305476336344509e-12 2.145283122108869986e-10 7.972519908496525878e-11 1.065107436974125163e-10 -2.463740351419732617e-11 1.589781476761932930e-10 1.087028924070794892e-10 -1.902358780951515801e-11 -3.389740350380478943e-11
1.055891703339825770e-09 -1.280863551363195464e-09 9.261012044699247018e-10 6.391155725090234409e-10 6.268144818770242778e-09 -2.088570876670025881e-10 -8.350313345456932654e-11 -5.095154018518937092e-10 -1.666611616081341787e-10 -2.911808328556969259e-10 -1.196610685148545578e-10 1.604809835049386046e-10 8.524393597811690306e-11 -1.657092695428002350e-10 -8.410616783572939327e-11 -7.301067025206813175e-11 7.093487434173126867e-11 -1.520853831059173227e-11 3.828279945372714790e-11 -3.071761142531442398e-11
-6.267897663516069700e-10 -4.186703834830907920e-11 6.028285434395248158e-10 -5.272733186030453704e-10 -2.088570876670025881e-10 3.965231753374152959e-09 8.194265802996538003e-11 -2.877650412189919753e-11 -5.442356328985296302e-10 1.060525930340021532e-10 -1.763137722804321762e-11 -1.699912830234766491e-10 -1.503453635334995921e-10 -2.007853179896428819e-10 -1.341185909103713800e-10 2.935713254888181660e-11 -6.626688603348479453e-11 -7.207386672282409964e-11 -2.821185845807130573e-11 2.147071924409605047e-12
-1.431090297592487684e-09 7.935903863086989962e-10 1.228886201530325814e-10 7.863839684803492545e-11 -8.350313345456932654e-11 8.194265802996538003e-11 2.438308257290442655e-09 3.693362574827814753e-10 2.199416446385059729e-10 4.186532641787916970e-10 3.695541267235495093e-10 9.738815045894395120e-11 1.467480832439920716e-12 2.110734851616912528e-11 3.966781416157289367e-11 -2.846004919029011173e-11 1.223408556373847708e-11 -6.799924349032573879e-11 5.221823242598285689e-11 4.970469975196601515e-11
3.352317397648643837e-10 7.853044526573964439e-10 -1.833705856012950655e-11 -6.627966059549843596e-10 -5.095154018518937092e-10 -2.877650412189919753e-11 3.693362574827814753e-10 1.607863086705245509e-09 2.221822787341420372e-10 2.608726579585999554e-12 9.444628899416851003e-11 1.045624507387770976e-10 -5.767319042176694558e-12 -3.192933118229130538e-11 -8.138030338515561871e-11 -9.334079990404979612e-11 -2.734953366577620369e-11 -6.022096504458165638e-11 2.349960802703205515e-11 3.673374250728412417e-11
4.517637106469728362e-10 -2.300891978102957614e-10 -7.896205421825579588e-10 2.127218144752311239e-10 -1.666611616081341787e-10 -5.442356328985296302e-10 2.199416446385059729e-10 2.221822787341420372e-10 1.205298398288525956e-09 2.141846292091845748e-10 7.421351907136600622e-11 7.558803401206880754e-11 -2.252937076977206485e-11 6.448095561514299091e-11 6.044162759722483110e-11 2.432651769361800220e-11 3.097249959330957511e-11 7.784086646754849500e-11 3.095241184530909271e-11 -9.175189041518856657e-12
2.191882014249251719e-10 -1.259013751397345336e-10 -1.730792367119259803e-10 2.549404946859355306e-10 -2.911808328556969259e-10 1.060525930340021532e-10 4.186532641787916970e-10 2.608726579585999554e-12 2.141846292091845748e-10 8.156940957306208679e-10 1.140247430238991498e-10 8.002634840582068183e-11 3.183582471432075039e-12 5.421715690971405834e-11 3.543758092975244451e-11 2.389497120879207506e-11 5.704053557469014400e-11 5.871109437165520401e-11 3.707803198844516979e-11 3.313669903529899134e-11
8.714382766301533810e-10 2.518419324976336500e-10 -4.598719595016697362e-11 1.312105370630417334e-10 -1.196610685148545578e-10 -1.763137722804321762e-11 3.695541267235495093e-10 9.444628899416851003e-11 7.421351907136600622e-11 1.140247430238991498e-10 6.013603678489440868e-10 1.246487939993568080e-10 1.071916550668558124e-10 7.945005006908283938e-11 3.527564780776100411e-11 2.974834183142092719e-11 2.725849108905770865e-11 3.398343102793599449e-11 4.160909682907721551e-11 9.846464457396963446e-13
1.350101620322788985e-10 -3.116127850575016370e-10 -1.999565690505333460e-10 -7.000305476336344509e-12 1.604809835049386046e-10 -1.699912830234766491e-10 9.738815045894395120e-11 1.045624507387770976e-10 7.558803401206880754e-11 8.002634840582068183e-11 1.246487939993568080e-10 3.933656034628999216e-10 6.013351755897255717e-11 3.054433178579321660e-11 4.719565571555553411e-12 -1.940703053960911938e-11 1.152530044106427726e-11 4.690192993593257899e-12 4.359604252537857320e-12 -2.211683863910169765e-11
-1.483033439410045012e-12 1.801881175004158804e-10 1.945514773713210757e-10 2.145283122108869986e-10 8.524393597811690306e-11 -1.503453635334995921e-10 1.467480832439920716e-12 -5.767319042176694558e-12 -2.252937076977206485e-11 3.183582471432075039e-12 1.071916550668558124e-10 6.013351755897255717e-11 3.087441016092206607e-10 8.623318296669374512e-11 6.750879659732040468e-11 8.114004255399186774e-12 -2.667092856816167578e-11 -1.943937572974257246e-11 1.611188173180321479e-12 -2.004356191395763619e-11
4.050762248293771938e-10 -4.122342636779940070e-10 -1.750493922207046769e-10 7.972519908496525878e-11 -1.657092695428002350e-10 -2.007853179896428819e-10 2.110734851616912528e-11 -3.192933118229130538e-11 6.448095561514299091e-11 5.421715690971405834e-11 7.945005006908283938e-11 3.054433178579321660e-11 8.623318296669374512e-11 2.877480024284075781e-10 1.290875284435950534e-10 6.966542931815818959e-11 2.781187174548796414e-11 2.390457011655575607e-11 1.350443346820196440e-11 -8.451675227108446890e-12
-1.528252457868323696e-11 -1.222698833799660074e-10 -1.047581862689194109e-10 1.065107436974125163e-10 -8.410616783572939327e-11 -1.341185909103713800e-10 3.966781416157289367e-11 -8.138030338515561871e-11 6.044162759722483110e-11 3.543758092975244451e-11 3.527564780776100411e-11 4.719565571555553411e-12 6.750879659732040468e-11 1.290875284435950534e-10 2.179624711020612672e-10 8.560902945869672743e-11 2.145081246674553132e-11 2.397595159996376880e-11 5.208147910312872850e-12 1.677314998453828493e-12
-9.501317729914911440e-11 1.293348862667468490e-10 -1.834524644377398939e-10 -2.463740351419732617e-11 -7.301067025206813175e-11 2.935713254888181660e-11 -2.846004919029011173e-11 -9.334079990404979612e-11 2.432651769361800220e-11 2.389497120879207506e-11 2.974834183142092719e-11 -1.940703053960911938e-11 8.114004255399186774e-12 6.966542931815818959e-11 8.560902945869672743e-11 1.659180338137163895e-10 6.641269302209066316e-11 4.285885113831776571e-11 1.509096399563045117e-11 3.672858228875121398e-13
-6.749981444405573863e-11 -3.727938972418246302e-10 -2.284219163948146431e-10 1.589781476761932930e-10 7.093487434173126867e-11 -6.626688603348479453e-11 1.223408556373847708e-11 -2.734953366577620369e-11 3.097249959330957511e-11 5.704053557469014400e-11 2.725849108905770865e-11 1.152530044106427726e-11 -2.667092856816167578e-11 2.781187174548796414e-11 2.145081246674553132e-11 6.641269302209066316e-11 1.584831704943540365e-10 6.837733130934466721e-11 1.733538330492427311e-11 7.619109530476931628e-12
4.101009016911989256e-10 -2.469454444611836658e-11 -1.316162781947209176e-10 1.087028924070794892e-10 -1.520853831059173227e-11 -7.207386672282409964e-11 -6.799924349032573879e-11 -6.022096504458165638e-11 7.784086646754849500e-11 5.871109437165520401e-11 3.398343102793599449e-11 4.690192993593257899e-12 -1.943937572974257246e-11 2.390457011655575607e-11 2.397595159996376880e-11 4.285885113831776571e-11 6.837733130934466721e-11 1.186924161671985647e-10 6.183324194054108659e-11 2.903640425183798015e-11
4.551271439966415066e-10 -4.320439614560761577e-11 6.551636016060803986e-11 -1.902358780951515801e-11 3.828279945372714790e-11 -2.821185845807130573e-11 5.221823242598285689e-11 2.349960802703205515e-11 3.095241184530909271e-11 3.707803198844516979e-11 4.160909682907721551e-11 4.359604252537857320e-12 1.611188173180321479e-12 1.350443346820196440e-11 5.208147910312872850e-12 1.509096399563045117e-11 1.733538330492427311e-11 6.183324194054108659e-11 1.078946290974199479e-10 5.236765210465068175e-11
2.419189406033206316e-10 1.824515673750309271e-10 5.106115735829034033e-11 -3.389740350380478943e-11 -3.071761142531442398e-11 2.147071924409605047e-12 4.970469975196601515e-11 3.673374250728412417e-11 -9.175189041518856657e-12 3.313669903529899134e-11 9.846464457396963446e-13 -2.211683863910169765e-11 -2.004356191395763619e-11 -8.451675227108446890e-12 1.677314998453828493e-12 3.672858228875121398e-13 7.619109530476931628e-12 2.903640425183798015e-11 5.236765210465068175e-11 8.213945297145684156e-11
