6.396219340565678711e-05 4.252800977267706938e-05 3.967329856664099917e-05 3.582976468069174489e-05 3.491617211971176913e-05 3.342517400313451179e-05 3.549327289406575055e-05 3.493957397072094642e-05 3.389487605947273180e-05 3.209103874639638562e-05 3.168221699347874027e-05 3.041357650779135332e-05 2.897230876184669362e-05 2.729743998172068679e-05 2.378136602959363645e-05 2.140940623206557909e-05 1.744426705334694620e-05 1.271466019600961174e-05 7.438253579896418208e-06 2.238301035292359213e-06
4.252800977267706938e-05 6.573983269989174829e-05 4.387933109447430424e-05 4.127866602852235255e-05 4.229485329430331732e-05 3.841504527408654002e-05 3.906665604672346511e-05 4.012529899016578904e-05 3.832399713128501731e-05 3.612746052539161972e-05 3.557223085205045882e-05 3.438813536814218195e-05 3.278332446575265413e-05 3.038086996884462425e-05 2.642220921998242580e-05 2.234770909921632079e-05 1.711283013373826102e-05 1.110366439584690399e-05 4.924767102642012158e-06 -5.655948309920222457e-07
3.967329856664099917e-05 4.387933109447430424e-05 5.495833139238410640e-05 4.022389028949441335e-05 3.804838834492082209e-05 3.588899870632400614e-05 3.760090160004444566e-05 3.645596133904646999e-05 3.541119718700963748e-05 3.401400414762073354e-05 3.306150376589952035e-05 3.185255532706575095e-05 3.034576861761750484e-05 2.838380383734759213e-05 2.481645121978029404e-05 2.126832865015535230e-05 1.708779519347520235e-05 1.228123460954530363e-05 7.534503346900481246e-06 3.177321489677394668e-06
3.582976468069174489e-05 4.127866602852235255e-05 4.022389028949441335e-05 4.528853275136056843e-05 3.758422041850256013e-05 3.526104291467136896e-05 3.597744091139270091e-05 3.565531269197100658e-05 3.516143213723320105e-05 3.395256802456748924e-05 3.287140091284588775e-05 3.171879186815366027e-05 3.055269430541720409e-05 2.874645035776385367e-05 2.535650629459592452e-05 2.186491749439819761e-05 1.771377037790376058e-05 1.303850767788606801e-05 7.966441453737714023e-06 3.029726407952175307e-06
3.491617211971176913e-05 4.229485329430331732e-05 3.804838834492082209e-05 3.758422041850256013e-05 4.371608891966239746e-05 3.442826365290781794e-05 3.715429313933577314e-05 3.621534769961712942e-05 3.554457678287391439e-05 3.345533618168548720e-05 3.231094330130468998e-05 3.079571780990588087e-05 2.940072843535881535e-05 2.747565021037952647e-05 2.429342340455473964e-05 2.083788980329985598e-05 1.666480796935849705e-05 1.197236659720905598e-05 6.527871032565413715e-06 1.756868194575042298e-06
3.342517400313451179e-05 3.841504527408654002e-05 3.588899870632400614e-05 3.526104291467136896e-05 3.442826365290781794e-05 3.522513039650937493e-05 3.389757111733774573e-05 3.344546472685898072e-05 3.252456500527927974e-05 3.086638212295971792e-05 2.981729115405458688e-05 2.887720340094962547e-05 2.810234594420618992e-05 2.632113689318853108e-05 2.333731629059100174e-05 2.008313088353394792e-05 1.635750768668974212e-05 1.185007019714998798e-05 6.805001864329866870e-06 2.370518835395762840e-06
3.549327289406575055e-05 3.906665604672346511e-05 3.760090160004444566e-05 3.597744091139270091e-05 3.715429313933577314e-05 3.389757111733774573e-05 3.761180456077238484e-05 3.545164147821322303e-05 3.448451357914905424e-05 3.310079896268990345e-05 3.197278526322217538e-05 3.060685712731613556e-05 2.950378343901612335e-05 2.768456005203091624e-05 2.465284017170083742e-05 2.124222560497562675e-05 1.724224348956572436e-05 1.246806370619628502e-05 7.151123722637925390e-06 2.351852721959585206e-06
3.493957397072094642e-05 4.012529899016578904e-05 3.645596133904646999e-05 3.565531269197100658e-05 3.621534769961712942e-05 3.344546472685898072e-05 3.545164147821322303e-05 3.746832219728371961e-05 3.508291520822165422e-05 3.352512021660690071e-05 3.271687630582470095e-05 3.150451444017791117e-05 3.028065235167526746e-05 2.852398927520336937e-05 2.527786834335078164e-05 2.152150246029503993e-05 1.723858198350214482e-05 1.228189235128311482e-05 6.515215252657481114e-06 1.556303012896429103e-06
3.389487605947273180e-05 3.832399713128501731e-05 3.541119718700963748e-05 3.516143213723320105e-05 3.554457678287391439e-05 3.252456500527927974e-05 3.448451357914905424e-05 3.508291520822165422e-05 3.523568040994494319e-05 3.282597637667564124e-05 3.167179020195520930e-05 3.045099780528300377e-05 2.932166119157036268e-05 2.748251987610693831e-05 2.436552899182590682e-05 2.076055341834242421e-05 1.673461677992137939e-05 1.201501187752913803e-05 6.596038559675117277e-06 1.797967280725792336e-06
3.209103874639638562e-05 3.612746052539161972e-05 3.401400414762073354e-05 3.395256802456748924e-05 3.345533618168548720e-05 3.086638212295971792e-05 3.310079896268990345e-05 3.352512021660690071e-05 3.282597637667564124e-05 3.286316709151322662e-05 3.127810115394166925e-05 3.012130353426963709e-05 2.916892217291733574e-05 2.737615023842812672e-05 2.433109279259793747e-05 2.102949535993343602e-05 1.688341558645062619e-05 1.223111463769451125e-05 6.694971555778412801e-06 1.810498556364531345e-06
3.168221699347874027e-05 3.557223085205045882e-05 3.306150376589952035e-05 3.287140091284588775e-05 3.231094330130468998e-05 2.981729115405458688e-05 3.197278526322217538e-05 3.271687630582470095e-05 3.167179020195520930e-05 3.127810115394166925e-05 3.089365465912774050e-05 2.957964023479397198e-05 2.849389954096320825e-05 2.670438127405096694e-05 2.362309022797772531e-05 2.020410245451886955e-05 1.626696461141611671e-05 1.180431701365562763e-05 6.569730329806423834e-06 1.826574541195490213e-06
3.041357650779135332e-05 3.438813536814218195e-05 3.185255532706575095e-05 3.171879186815366027e-05 3.079571780990588087e-05 2.887720340094962547e-05 3.060685712731613556e-05 3.150451444017791117e-05 3.045099780528300377e-05 3.012130353426963709e-05 2.957964023479397198e-05 2.922423225623900790e-05 2.824125454060054464e-05 2.652079773362439074e-05 2.355424063505880342e-05 2.030790968194574856e-05 1.650932877309842071e-05 1.221446217954450394e-05 7.055422616863380806e-06 2.329301184129903871e-06
2.897230876184669362e-05 3.278332446575265413e-05 3.034576861761750484e-05 3.055269430541720409e-05 2.940072843535881535e-05 2.810234594420618992e-05 2.950378343901612335e-05 3.028065235167526746e-05 2.932166119157036268e-05 2.916892217291733574e-05 2.849389954096320825e-05 2.824125454060054464e-05 2.820312146308033414e-05 2.654712039982027634e-05 2.370315851639829711e-05 2.056145385631439650e-05 1.676175138880119282e-05 1.243923028778909475e-05 7.158041331840860634e-06 2.188602983442844089e-06
2.729743998172068679e-05 3.038086996884462425e-05 2.838380383734759213e-05 2.874645035776385367e-05 2.747565021037952647e-05 2.632113689318853108e-05 2.768456005203091624e-05 2.852398927520336937e-05 2.748251987610693831e-05 2.737615023842812672e-05 2.670438127405096694e-05 2.652079773362439074e-05 2.654712039982027634e-05 2.558818151380420721e-05 2.299805811823996951e-05 2.016500115174644746e-05 1.649090512198144034e-05 1.241293950713154553e-05 7.432470918620871077e-06 2.538074877324675483e-06
2.378136602959363645e-05 2.642220921998242580e-05 2.481645121978029404e-05 2.535650629459592452e-05 2.429342340455473964e-05 2.333731629059100174e-05 2.465284017170083742e-05 2.527786834335078164e-05 2.436552899182590682e-05 2.433109279259793747e-05 2.362309022797772531e-05 2.355424063505880342e-05 2.370315851639829711e-05 2.299805811823996951e-05 2.127090773366196717e-05 1.877601144190123691e-05 1.541757001403053581e-05 1.167376084630868548e-05 7.196524589612323281e-06 2.686113044873807117e-06
2.140940623206557909e-05 2.234770909921632079e-05 2.126832865015535230e-05 2.186491749439819761e-05 2.083788980329985598e-05 2.008313088353394792e-05 2.124222560497562675e-05 2.152150246029503993e-05 2.076055341834242421e-05 2.102949535993343602e-05 2.020410245451886955e-05 2.030790968194574856e-05 2.056145385631439650e-05 2.016500115174644746e-05 1.877601144190123691e-05 1.747973782436487437e-05 1.477438752746437874e-05 1.165928893097994405e-05 7.683592937934714102e-06 3.484840400846648908e-06
1.744426705334694620e-05 1.711283013373826102e-05 1.708779519347520235e-05 1.771377037790376058e-05 1.666480796935849705e-05 1.635750768668974212e-05 1.724224348956572436e-05 1.723858198350214482e-05 1.673461677992137939e-05 1.688341558645062619e-05 1.626696461141611671e-05 1.650932877309842071e-05 1.676175138880119282e-05 1.649090512198144034e-05 1.541757001403053581e-05 1.477438752746437874e-05 1.330147103399112923e-05 1.102662162197392949e-05 7.811617341143217179e-06 4.192032561600509629e-06
1.271466019600961174e-05 1.110366439584690399e-05 1.228123460954530363e-05 1.303850767788606801e-05 1.197236659720905598e-05 1.185007019714998798e-05 1.246806370619628502e-05 1.228189235128311482e-05 1.201501187752913803e-05 1.223111463769451125e-05 1.180431701365562763e-05 1.221446217954450394e-05 1.243923028778909475e-05 1.241293950713154553e-05 1.167376084630868548e-05 1.165928893097994405e-05 1.102662162197392949e-05 1.014958586819288483e-05 7.966397357148720477e-06 5.096961572889173273e-06
7.438253579896418208e-06 4.924767102642012158e-06 7.534503346900481246e-06 7.966441453737714023e-06 6.527871032565413715e-06 6.805001864329866870e-06 7.151123722637925390e-06 6.515215252657481114e-06 6.596038559675117277e-06 6.694971555778412801e-06 6.569730329806423834e-06 7.055422616863380806e-06 7.158041331840860634e-06 7.432470918620871077e-06 7.196524589612323281e-06 7.683592937934714102e-06 7.811617341143217179e-06 7.966397357148720477e-06 7.655037290174212587e-06 6.033658399250680149e-06
2.238301035292359213e-06 -5.655948309920222457e-07 3.177321489677394668e-06 3.029726407952175307e-06 1.756868194575042298e-06 2.370518835395762840e-06 2.351852721959585206e-06 1.556303012896429103e-06 1.797967280725792336e-06 1.810498556364531345e-06 1.826574541195490213e-06 2.329301184129903871e-06 2.188602983442844089e-06 2.538074877324675483e-06 2.686113044873807117e-06 3.484840400846648908e-06 4.192032561600509629e-06 5.096961572889173273e-06 6.033658399250680149e-06 6.340006390706403415e-06
