2.995740242928991049e-06 2.311727293692338092e-06 2.067021921767894311e-06 1.772565704625282134e-06 1.587813083501768119e-06 1.464466115933085274e-06 1.414737142099099291e-06 1.203009217129174472e-06 1.101513115715979155e-06 1.082626576980367865e-06 9.804412105324497333e-07 8.988328937576417171e-07 7.775301932977662933e-07 7.176831741475374470e-07 6.214525595419133241e-07 4.660177903298852038e-07 2.598544849016033104e-07 1.208585026222610324e-07 6.558131869879251889e-08 -4.310733317049261845e-08
2.311727293692338092e-06 2.394310703040460712e-06 1.971189521512310375e-06 1.640740320405512109e-06 1.480949422295926634e-06 1.339690118559813186e-06 1.312502673855496701e-06 1.106151232495880415e-06 1.013360312262056042e-06 9.770408557792207573e-07 8.711548993960778988e-07 8.048968415072775401e-07 7.039341174114645014e-07 6.254866833549746298e-07 5.223335227015633074e-07 3.572510496027763257e-07 1.740493462698822035e-07 5.691050808972516235e-08 5.833558515662620275e-08 6.802456256633153705e-08
2.067021921767894311e-06 1.971189521512310375e-06 2.152406962845913149e-06 1.687664965196028647e-06 1.468514271953307836e-06 1.401500285330157691e-06 1.364461236351966344e-06 1.180479954855049358e-06 1.077433933769965449e-06 1.020572333263800079e-06 9.037467093124231818e-07 8.220066731865995467e-07 7.142599749637591197e-07 6.250508527360795412e-07 5.157945726709592588e-07 3.312906488903125907e-07 1.311383811515458129e-07 -4.173891272221569330e-08 -8.652667766635148646e-08 -6.702893716598140722e-08
1.772565704625282134e-06 1.640740320405512109e-06 1.687664965196028647e-06 1.736877936592554448e-06 1.409566360360022003e-06 1.294732409625822462e-06 1.258780503673926966e-06 1.124236883764879681e-06 1.047758121572285919e-06 1.020462605262876457e-06 9.106337784335920782e-07 7.987708165091084057e-07 6.771591204887899914e-07 5.722690528503555174e-07 4.525870842597747496e-07 2.651438905523933635e-07 6.560641948199735863e-08 -6.892608268402963332e-08 -1.004696461673710224e-07 -1.052663610284340725e-07
1.587813083501768119e-06 1.480949422295926634e-06 1.468514271953307836e-06 1.409566360360022003e-06 1.445786851821867218e-06 1.263784267710792434e-06 1.221906704639295863e-06 1.069664819750447337e-06 9.927530609508106051e-07 9.805013184988794187e-07 8.983838238004798306e-07 8.103808893159908588e-07 6.919675891903196847e-07 5.863853319525775430e-07 4.575138374970167724e-07 2.706688609903134622e-07 8.657263787517520381e-08 -3.568031816320499272e-08 -3.276023555669893378e-08 -4.063908650149210834e-08
1.464466115933085274e-06 1.339690118559813186e-06 1.401500285330157691e-06 1.294732409625822462e-06 1.263784267710792434e-06 1.310827129208453810e-06 1.242231006064111259e-06 1.077131823026551472e-06 1.024847517935546634e-06 1.021561909500398782e-06 9.052909604077687186e-07 8.127809227432706822e-07 6.845522690993760733e-07 5.741033033651696180e-07 4.516537494156672757e-07 2.832750362777129589e-07 9.357767754954319598e-08 -4.285667378053802486e-08 -5.738723746976575210e-08 -3.780315138254103932e-08
1.414737142099099291e-06 1.312502673855496701e-06 1.364461236351966344e-06 1.258780503673926966e-06 1.221906704639295863e-06 1.242231006064111259e-06 1.330113480609048203e-06 1.128444184664755529e-06 1.071329818889779074e-06 1.060411515237217712e-06 9.439452595604098486e-07 8.619071711523363624e-07 7.372365302275545162e-07 6.137280191430669793e-07 4.738603323896264432e-07 3.000123820480865462e-07 7.789659405436478041e-08 -4.497980234570109815e-08 -3.761545300426133521e-08 -2.793941931571410153e-08
1.203009217129174472e-06 1.106151232495880415e-06 1.180479954855049358e-06 1.124236883764879681e-06 1.069664819750447337e-06 1.077131823026551472e-06 1.128444184664755529e-06 1.089054904904947742e-06 1.027567065735473814e-06 9.944697627413143093e-07 8.994228416376067762e-07 8.183958554433584008e-07 7.016970431833514621e-07 5.847658889213675271e-07 4.570803418793823335e-07 3.051916011606779473e-07 1.051703701207632213e-07 -2.201648855514098985e-08 -4.762544391676822704e-08 -6.203942586408497483e-08
1.101513115715979155e-06 1.013360312262056042e-06 1.077433933769965449e-06 1.047758121572285919e-06 9.927530609508106051e-07 1.024847517935546634e-06 1.071329818889779074e-06 1.027567065735473814e-06 1.090966865405134156e-06 1.047856819229898416e-06 9.384800243050776081e-07 8.531746078636330381e-07 7.338934949368845988e-07 6.051515438504495883e-07 4.716562908849792472e-07 3.075293956093264159e-07 1.062179795538162353e-07 -8.743943367939656274e-09 -4.522375167060277239e-08 -8.549929364501977909e-08
1.082626576980367865e-06 9.770408557792207573e-07 1.020572333263800079e-06 1.020462605262876457e-06 9.805013184988794187e-07 1.021561909500398782e-06 1.060411515237217712e-06 9.944697627413143093e-07 1.047856819229898416e-06 1.091323609365641488e-06 9.857366715591659202e-07 9.227361952607432945e-07 8.105030215646192041e-07 6.814310309034980283e-07 5.390485889241250283e-07 3.707722096605634583e-07 1.630793009980315821e-07 3.520785108022994383e-08 -1.510958503028360934e-08 -8.137487731508302439e-08
9.804412105324497333e-07 8.711548993960778988e-07 9.037467093124231818e-07 9.106337784335920782e-07 8.983838238004798306e-07 9.052909604077687186e-07 9.439452595604098486e-07 8.994228416376067762e-07 9.384800243050776081e-07 9.857366715591659202e-07 9.819484654780059099e-07 9.376576112340789408e-07 8.348857754766221639e-07 7.236561762889460280e-07 5.829690134717802039e-07 4.209835518780890053e-07 2.133940361214751223e-07 8.340824031261638072e-08 2.022177487334402211e-08 -6.758632212876544298e-08
8.988328937576417171e-07 8.048968415072775401e-07 8.220066731865995467e-07 7.987708165091084057e-07 8.103808893159908588e-07 8.127809227432706822e-07 8.619071711523363624e-07 8.183958554433584008e-07 8.531746078636330381e-07 9.227361952607432945e-07 9.376576112340789408e-07 9.884399935117419992e-07 9.154855525759323884e-07 8.174154131970026121e-07 6.772345964986011593e-07 5.032884101244606968e-07 2.904422189889099049e-07 1.429052811369599420e-07 5.216977574920626109e-08 -4.364842751925036272e-08
7.775301932977662933e-07 7.039341174114645014e-07 7.142599749637591197e-07 6.771591204887899914e-07 6.919675891903196847e-07 6.845522690993760733e-07 7.372365302275545162e-07 7.016970431833514621e-07 7.338934949368845988e-07 8.105030215646192041e-07 8.348857754766221639e-07 9.154855525759323884e-07 9.270567263434747450e-07 8.529291117434320889e-07 7.360499293278325454e-07 5.709402669332826739e-07 3.597459488925285633e-07 1.995929556007591516e-07 9.003238768377977033e-08 -2.027939534230112011e-09
7.176831741475374470e-07 6.254866833549746298e-07 6.250508527360795412e-07 5.722690528503555174e-07 5.863853319525775430e-07 5.741033033651696180e-07 6.137280191430669793e-07 5.847658889213675271e-07 6.051515438504495883e-07 6.814310309034980283e-07 7.236561762889460280e-07 8.174154131970026121e-07 8.529291117434320889e-07 8.772003572611891387e-07 8.006630318300919252e-07 6.512419779972838057e-07 4.434739264207073293e-07 2.799222350274781613e-07 1.620309250475697370e-07 6.812929937024782904e-08
6.214525595419133241e-07 5.223335227015633074e-07 5.157945726709592588e-07 4.525870842597747496e-07 4.575138374970167724e-07 4.516537494156672757e-07 4.738603323896264432e-07 4.570803418793823335e-07 4.716562908849792472e-07 5.390485889241250283e-07 5.829690134717802039e-07 6.772345964986011593e-07 7.360499293278325454e-07 8.006630318300919252e-07 8.408561594012190360e-07 7.510166449490492909e-07 5.764463869864748160e-07 3.962216121105886825e-07 2.418819659402240684e-07 1.284546379655985558e-07
4.660177903298852038e-07 3.572510496027763257e-07 3.312906488903125907e-07 2.651438905523933635e-07 2.706688609903134622e-07 2.832750362777129589e-07 3.000123820480865462e-07 3.051916011606779473e-07 3.075293956093264159e-07 3.707722096605634583e-07 4.209835518780890053e-07 5.032884101244606968e-07 5.709402669332826739e-07 6.512419779972838057e-07 7.510166449490492909e-07 7.758543159457791331e-07 6.759091941697201603e-07 5.083024491588443618e-07 3.262161698597334042e-07 1.805966530055861270e-07
2.598544849016033104e-07 1.740493462698822035e-07 1.311383811515458129e-07 6.560641948199735863e-08 8.657263787517520381e-08 9.357767754954319598e-08 7.789659405436478041e-08 1.051703701207632213e-07 1.062179795538162353e-07 1.630793009980315821e-07 2.133940361214751223e-07 2.904422189889099049e-07 3.597459488925285633e-07 4.434739264207073293e-07 5.764463869864748160e-07 6.759091941697201603e-07 7.350746394655883588e-07 6.380514704572436427e-07 4.597598348970773103e-07 2.859870784459103541e-07
1.208585026222610324e-07 5.691050808972516235e-08 -4.173891272221569330e-08 -6.892608268402963332e-08 -3.568031816320499272e-08 -4.285667378053802486e-08 -4.497980234570109815e-08 -2.201648855514098985e-08 -8.743943367939656274e-09 3.520785108022994383e-08 8.340824031261638072e-08 1.429052811369599420e-07 1.995929556007591516e-07 2.799222350274781613e-07 3.962216121105886825e-07 5.083024491588443618e-07 6.380514704572436427e-07 7.192277176278456945e-07 6.381892423680205978e-07 4.311655304928026042e-07
6.558131869879251889e-08 5.833558515662620275e-08 -8.652667766635148646e-08 -1.004696461673710224e-07 -3.276023555669893378e-08 -5.738723746976575210e-08 -3.761545300426133521e-08 -4.762544391676822704e-08 -4.522375167060277239e-08 -1.510958503028360934e-08 2.022177487334402211e-08 5.216977574920626109e-08 9.003238768377977033e-08 1.620309250475697370e-07 2.418819659402240684e-07 3.262161698597334042e-07 4.597598348970773103e-07 6.381892423680205978e-07 7.424330617345341054e-07 6.182975913223589492e-07
-4.310733317049261845e-08 6.802456256633153705e-08 -6.702893716598140722e-08 -1.052663610284340725e-07 -4.063908650149210834e-08 -3.780315138254103932e-08 -2.793941931571410153e-08 -6.203942586408497483e-08 -8.549929364501977909e-08 -8.137487731508302439e-08 -6.758632212876544298e-08 -4.364842751925036272e-08 -2.027939534230112011e-09 6.812929937024782904e-08 1.284546379655985558e-07 1.805966530055861270e-07 2.859870784459103541e-07 4.311655304928026042e-07 6.182975913223589492e-07 8.490564372687711773e-07
