3.315267763034994053e-08 -1.766875073827661200e-09 -8.972830360504467959e-10 8.445035691568996092e-11 9.365488348709584989e-10 -6.074966463604665040e-10 -1.310066516141527124e-09 3.213550378925776800e-10 4.286251216223813607e-10 2.162701432863369492e-10 8.152087305992434973e-10 1.216958619963239895e-10 -2.435088036654709418e-12 3.751740515250092610e-10 -1.492587185128592693e-11 -9.321090344479473028e-11 -6.430659622119419137e-11 3.831756560150839373e-10 4.280472915985669725e-10 2.306775524575993980e-10
-1.766875073827661200e-09 2.103188667126590739e-08 2.450913867645304904e-09 -4.861821605851747343e-10 -1.191437267723899439e-09 -4.753632600036557846e-11 7.430349755888251082e-10 7.386899566490987704e-10 -2.152125255203357699e-10 -1.165286491590911812e-10 2.385486916906263994e-10 -2.956623261086151234e-10 1.713466856389391989e-10 -3.901855112714056351e-10 -1.138238522566114608e-10 1.238920255645030217e-10 -3.546947047913410672e-10 -2.794399170345997345e-11 -4.719029046045550994e-11 1.685983586936275336e-10
-8.972830360504467959e-10 2.450913867645304904e-09 1.058527681284771704e-08 3.858237338247547713e-10 8.571973761847144271e-10 5.660475590876848341e-10 1.177721780962135141e-10 -9.942445902690238501e-12 -7.497026971145155102e-10 -1.631815367229049130e-10 -4.418835335468447157e-11 -1.920081381016333448e-10 1.856345019802311950e-10 -1.685651015972531744e-10 -1.020062769028960220e-10 -1.769864029554699197e-10 -2.184818884588152000e-10 -1.257588513941337028e-10 6.252269168050925370e-11 4.919383111724222287e-11
8.445035691568996092e-11 -4.861821605851747343e-10 3.858237338247547713e-10 7.133507216681842037e-09 5.945441162813140650e-10 -5.120842892446901499e-10 7.877708311734136128e-11 -6.339462169513645195e-10 1.998047755422492238e-10 2.454551289301955438e-10 1.283620879010885341e-10 -6.846424115459741264e-12 2.050010250993496197e-10 7.695337271792075330e-11 1.035371510614056772e-10 -2.394395234469144131e-11 1.551002940833772349e-10 1.061898258387377277e-10 -1.807485951694971199e-11 -3.089998512097564505e-11
9.365488348709584989e-10 -1.191437267723899439e-09 8.571973761847144271e-10 5.945441162813140650e-10 5.890515617803493406e-09 -2.043945816441191124e-10 -7.874736438109146860e-11 -4.918007417083920275e-10 -1.613188999461348289e-10 -2.809172204738214323e-10 -1.163912000231491207e-10 1.535907513287087382e-10 8.191723672522225971e-11 -1.604411030951396394e-10 -8.080472903813505964e-11 -6.990193151207319789e-11 6.917515252894212266e-11 -1.505913549801828792e-11 3.669519771024327164e-11 -2.873585923420700394e-11
-6.074966463604665040e-10 -4.753632600036557846e-11 5.660475590876848341e-10 -5.120842892446901499e-10 -2.043945816441191124e-10 3.771777778904966324e-09 8.073448235830436310e-11 -2.796984737977991296e-11 -5.218760327566248419e-10 1.042782625661252732e-10 -1.649055599651749255e-11 -1.660951873076422159e-10 -1.473452179890560703e-10 -1.954579400224818283e-10 -1.299409370727199911e-10 2.908123366862151353e-11 -6.375981599710648844e-11 -6.973134892665462974e-11 -2.804099303183114970e-11 2.492809602336452752e-12
-1.310066516141527124e-09 7.430349755888251082e-10 1.177721780962135141e-10 7.877708311734136128e-11 -7.874736438109146860e-11 8.073448235830436310e-11 2.342153165414743974e-09 3.554803426015356161e-10 2.130794234101323154e-10 4.058847580085635603e-10 3.609635386293846936e-10 9.617834028680703719e-11 2.072022742723783959e-12 2.059443709312808961e-11 3.918610187475451020e-11 -2.782445488552221988e-11 1.214103413203014297e-11 -6.621341952870789417e-11 5.089367574340517540e-11 4.809813082440340570e-11
3.213550378925776800e-10 7.386899566490987704e-10 -9.942445902690238501e-12 -6.339462169513645195e-10 -4.918007417083920275e-10 -2.796984737977991296e-11 3.554803426015356161e-10 1.556285160446898964e-09 2.158137638995409088e-10 2.208811359913631331e-12 9.137912671472663443e-11 1.017978952853029618e-10 -5.539134767228382050e-12 -3.145353484839055406e-11 -7.921412450085676837e-11 -9.164091309890131684e-11 -2.665406874007190467e-11 -5.896992853773697321e-11 2.285680503889155385e-11 3.557166435297638244e-11
4.286251216223813607e-10 -2.152125255203357699e-10 -7.497026971145155102e-10 1.998047755422492238e-10 -1.613188999461348289e-10 -5.218760327566248419e-10 2.130794234101323154e-10 2.158137638995409088e-10 1.173814370451400453e-09 2.089958167418145043e-10 7.312454357488745677e-11 7.408318202474205065e-11 -2.226343731428151193e-11 6.333997224972807048e-11 5.966332982744756552e-11 2.392234680101185910e-11 3.105293145789679227e-11 7.739965779174795750e-11 3.085385846893911910e-11 -8.740758884597949277e-12
2.162701432863369492e-10 -1.165286491590911812e-10 -1.631815367229049130e-10 2.454551289301955438e-10 -2.809172204738214323e-10 1.042782625661252732e-10 4.058847580085635603e-10 2.208811359913631331e-12 2.089958167418145043e-10 7.986294983995647549e-10 1.121024559981083690e-10 7.867910043168460172e-11 3.212512032996037083e-12 5.368395783956841011e-11 3.531674151438347217e-11 2.355647267871325014e-11 5.675266495364590827e-11 5.866516693706107888e-11 3.689360297415791512e-11 3.296297096216981014e-11
8.152087305992434973e-10 2.385486916906263994e-10 -4.418835335468447157e-11 1.283620879010885341e-10 -1.163912000231491207e-10 -1.649055599651749255e-11 3.609635386293846936e-10 9.137912671472663443e-11 7.312454357488745677e-11 1.121024559981083690e-10 5.916973660300010403e-10 1.229209282787941878e-10 1.061293181626932369e-10 7.885599132111787808e-11 3.527399286807556454e-11 2.947297176735862504e-11 2.729948824357096066e-11 3.408064865498293421e-11 4.140753015406504326e-11 1.213481931057468360e-12
1.216958619963239895e-10 -2.956623261086151234e-10 -1.920081381016333448e-10 -6.846424115459741264e-12 1.535907513287087382e-10 -1.660951873076422159e-10 9.617834028680703719e-11 1.017978952853029618e-10 7.408318202474205065e-11 7.867910043168460172e-11 1.229209282787941878e-10 3.890397361125925528e-10 5.977202442534705935e-11 3.046511056148229032e-11 4.887407629096224964e-12 -1.926845983909078623e-11 1.158961393918821038e-11 4.907674077941833678e-12 4.359856539492695851e-12 -2.189895429544276207e-11
-2.435088036654709418e-12 1.713466856389391989e-10 1.856345019802311950e-10 2.050010250993496197e-10 8.191723672522225971e-11 -1.473452179890560703e-10 2.072022742723783959e-12 -5.539134767228382050e-12 -2.226343731428151193e-11 3.212512032996037083e-12 1.061293181626932369e-10 5.977202442534705935e-11 3.066223084171790144e-10 8.578221590671510678e-11 6.735427281324724897e-11 8.129133165490671833e-12 -2.646816248976321907e-11 -1.927935901472346127e-11 1.684836828131689949e-12 -1.980894464682300330e-11
3.751740515250092610e-10 -3.901855112714056351e-10 -1.685651015972531744e-10 7.695337271792075330e-11 -1.604411030951396394e-10 -1.954579400224818283e-10 2.059443709312808961e-11 -3.145353484839055406e-11 6.333997224972807048e-11 5.368395783956841011e-11 7.885599132111787808e-11 3.046511056148229032e-11 8.578221590671510678e-11 2.863870033806828783e-10 1.285870155436692990e-10 6.936892716421450239e-11 2.776981454519128183e-11 2.395810680765527198e-11 1.366125170634502778e-11 -8.205739048324116718e-12
-1.492587185128592693e-11 -1.138238522566114608e-10 -1.020062769028960220e-10 1.035371510614056772e-10 -8.080472903813505964e-11 -1.299409370727199911e-10 3.918610187475451020e-11 -7.921412450085676837e-11 5.966332982744756552e-11 3.531674151438347217e-11 3.527399286807556454e-11 4.887407629096224964e-12 6.735427281324724897e-11 1.285870155436692990e-10 2.173138703349296904e-10 8.538059919986930896e-11 2.140798825455223072e-11 2.394900514528217980e-11 5.310247472915683048e-12 1.942918655927023328e-12
-9.321090344479473028e-11 1.238920255645030217e-10 -1.769864029554699197e-10 -2.394395234469144131e-11 -6.990193151207319789e-11 2.908123366862151353e-11 -2.782445488552221988e-11 -9.164091309890131684e-11 2.392234680101185910e-11 2.355647267871325014e-11 2.947297176735862504e-11 -1.926845983909078623e-11 8.129133165490671833e-12 6.936892716421450239e-11 8.538059919986930896e-11 1.655986501049058223e-10 6.634577391529903073e-11 4.283484809162724502e-11 1.517322203228765083e-11 5.516033547119906451e-13
-6.430659622119419137e-11 -3.546947047913410672e-10 -2.184818884588152000e-10 1.551002940833772349e-10 6.917515252894212266e-11 -6.375981599710648844e-11 1.214103413203014297e-11 -2.665406874007190467e-11 3.105293145789679227e-11 5.675266495364590827e-11 2.729948824357096066e-11 1.158961393918821038e-11 -2.646816248976321907e-11 2.776981454519128183e-11 2.140798825455223072e-11 6.634577391529903073e-11 1.584712748793866906e-10 6.845638454183788312e-11 1.744557579052298573e-11 7.790193690251212872e-12
3.831756560150839373e-10 -2.794399170345997345e-11 -1.257588513941337028e-10 1.061898258387377277e-10 -1.505913549801828792e-11 -6.973134892665462974e-11 -6.621341952870789417e-11 -5.896992853773697321e-11 7.739965779174795750e-11 5.866516693706107888e-11 3.408064865498293421e-11 4.907674077941833678e-12 -1.927935901472346127e-11 2.395810680765527198e-11 2.394900514528217980e-11 4.283484809162724502e-11 6.845638454183788312e-11 1.189391092871514856e-10 6.199644631528974814e-11 2.922507473960752322e-11
4.280472915985669725e-10 -4.719029046045550994e-11 6.252269168050925370e-11 -1.807485951694971199e-11 3.669519771024327164e-11 -2.804099303183114970e-11 5.089367574340517540e-11 2.285680503889155385e-11 3.085385846893911910e-11 3.689360297415791512e-11 4.140753015406504326e-11 4.359856539492695851e-12 1.684836828131689949e-12 1.366125170634502778e-11 5.310247472915683048e-12 1.517322203228765083e-11 1.744557579052298573e-11 6.199644631528974814e-11 1.080245311939973416e-10 5.250321497650031019e-11
2.306775524575993980e-10 1.685983586936275336e-10 4.919383111724222287e-11 -3.089998512097564505e-11 -2.873585923420700394e-11 2.492809602336452752e-12 4.809813082440340570e-11 3.557166435297638244e-11 -8.740758884597949277e-12 3.296297096216981014e-11 1.213481931057468360e-12 -2.189895429544276207e-11 -1.980894464682300330e-11 -8.205739048324116718e-12 1.942918655927023328e-12 5.516033547119906451e-13 7.790193690251212872e-12 2.922507473960752322e-11 5.250321497650031019e-11 8.243750011472627355e-11
