1.345915250462436952e-09 1.002084651617086219e-10 1.358399192908045577e-11 7.376375921329103252e-11 -2.247673469863210659e-11 2.221793673661227069e-11 4.767241754829140345e-11 4.268410445581549733e-11 -2.919811909722648590e-11 -8.131306841105726138e-11 -9.370234392023682767e-11 -7.280791708181822901e-11 -5.265881110274837634e-11 -3.113361433629851727e-12 7.754517401182373173e-11 1.385371288640756502e-10 2.079560527539084052e-10 2.654072515672438749e-10 3.156583506225074518e-10 3.285960003982333357e-10
1.002084651617086219e-10 9.696171150827317907e-10 2.754441938248329492e-11 1.006051796608869019e-10 1.542010890236430351e-11 1.064799469890449286e-10 2.979282629532208146e-11 -7.550013605863860052e-13 -8.902855920261052749e-12 -8.071678136954458320e-11 -5.232868762259243538e-11 -6.376391058647108325e-11 -7.215282897278380850e-11 -6.375569470089536568e-11 -7.089577820338666607e-11 -7.050701794137490034e-11 -8.286329961921506020e-11 -5.868001800721768910e-11 -7.427403007852758277e-11 -7.458524018936501306e-11
1.358399192908045577e-11 2.754441938248329492e-11 5.037436836629733155e-10 6.898626177174917731e-11 1.196350019207880797e-11 2.696139336070167624e-11 3.737413511498774340e-13 1.621877429888447265e-11 -2.214905223331532084e-11 -8.990644862137684924e-12 -1.284249231145171807e-11 9.711396274773629049e-12 -5.875160918556638559e-12 1.315763113341873387e-11 2.017477650032946768e-11 1.913951820117821638e-11 2.185149236181794997e-11 8.160126478834015370e-11 1.330087135423597498e-10 1.276678851602254250e-10
7.376375921329103252e-11 1.006051796608869019e-10 6.898626177174917731e-11 5.158780476270047106e-10 1.145484315913625224e-10 9.971426727546834519e-11 8.951153171485899284e-11 3.954409307285317383e-11 2.497462592164021152e-11 3.511150895702272049e-11 3.124604805907489532e-11 3.234776617819995690e-12 4.986963296922307594e-12 1.709443414221347572e-11 8.100791584596387605e-12 2.289754002938760569e-12 4.384068600927020261e-11 2.892007054292140422e-11 -9.313110104979567656e-12 -8.948943452093808606e-12
-2.247673469863210659e-11 1.542010890236430351e-11 1.196350019207880797e-11 1.145484315913625224e-10 3.192826690999017733e-10 1.461822680513790023e-10 1.091917127473541091e-10 9.572033081831373068e-11 7.007754354432262398e-11 6.834251969884695921e-11 6.376178296129100712e-11 3.402311770950242067e-11 1.857157418939629842e-11 9.162750637546014217e-12 1.433876234682340221e-11 4.240151620299084587e-11 7.568363789211479783e-11 8.256874463116610849e-11 1.165306576646104076e-10 1.132085506159448234e-10
2.221793673661227069e-11 1.064799469890449286e-10 2.696139336070167624e-11 9.971426727546834519e-11 1.461822680513790023e-10 3.440023585494252847e-10 1.876454623103114014e-10 1.486291999474950839e-10 1.134962076138256815e-10 1.134118140338068711e-10 8.328923153137831113e-11 5.593342203192769714e-11 6.391987882210362808e-11 6.768384239119074688e-11 3.491359568989661256e-11 1.872543152539318684e-11 5.047433881905702649e-12 2.629289113706151926e-11 6.934913226930355192e-11 5.357140994048768488e-11
4.767241754829140345e-11 2.979282629532208146e-11 3.737413511498774340e-13 8.951153171485899284e-11 1.091917127473541091e-10 1.876454623103114014e-10 2.836027121787164524e-10 1.753137003227337217e-10 1.276876553908961901e-10 1.039718724017238564e-10 7.505359743833597399e-11 5.218660678817891260e-11 5.033073898410731012e-11 4.818466442460442886e-11 3.597389628358687217e-11 4.004680050201687116e-11 4.747157098377276577e-11 5.699356943533582525e-11 8.902948845997759033e-11 1.240071223805175828e-10
4.268410445581549733e-11 -7.550013605863860052e-13 1.621877429888447265e-11 3.954409307285317383e-11 9.572033081831373068e-11 1.486291999474950839e-10 1.753137003227337217e-10 2.592501358775480441e-10 1.731899188605056156e-10 1.504895895315622662e-10 1.124063413927887725e-10 9.205116005685536005e-11 9.750176690003251358e-11 7.762574691816182787e-11 6.069889992566240864e-11 5.397290148261035003e-11 3.980233453654496333e-11 5.881743790108603104e-11 1.127371803860076881e-10 1.368679438212617958e-10
-2.919811909722648590e-11 -8.902855920261052749e-12 -2.214905223331532084e-11 2.497462592164021152e-11 7.007754354432262398e-11 1.134962076138256815e-10 1.276876553908961901e-10 1.731899188605056156e-10 2.325324014736774625e-10 1.815484972752455775e-10 1.541430544322412798e-10 1.066873529398272366e-10 1.088594518688163342e-10 9.382712184437668889e-11 5.492011194278939980e-11 2.067100009083679077e-11 -2.398668747408186588e-11 -2.772572221447417759e-11 3.723829128363012435e-12 -1.727997180746103721e-11
-8.131306841105726138e-11 -8.071678136954458320e-11 -8.990644862137684924e-12 3.511150895702272049e-11 6.834251969884695921e-11 1.134118140338068711e-10 1.039718724017238564e-10 1.504895895315622662e-10 1.815484972752455775e-10 2.622102389205020567e-10 2.229699721764445944e-10 1.827335343701359075e-10 1.682889678741514427e-10 1.478472101884377831e-10 9.212188476101642852e-11 7.925259936857173048e-11 5.424861436990449545e-11 3.376440703701339790e-11 9.330333767790732540e-11 9.987844298920181100e-11
-9.370234392023682767e-11 -5.232868762259243538e-11 -1.284249231145171807e-11 3.124604805907489532e-11 6.376178296129100712e-11 8.328923153137831113e-11 7.505359743833597399e-11 1.124063413927887725e-10 1.541430544322412798e-10 2.229699721764445944e-10 3.013254983937837319e-10 2.654410401971423650e-10 2.496106664236832939e-10 2.271047773247434129e-10 1.546520706917550387e-10 1.414774263226695208e-10 1.329901462140166383e-10 1.130048871994410726e-10 1.728868902442078196e-10 1.739747055167229168e-10
-7.280791708181822901e-11 -6.376391058647108325e-11 9.711396274773629049e-12 3.234776617819995690e-12 3.402311770950242067e-11 5.593342203192769714e-11 5.218660678817891260e-11 9.205116005685536005e-11 1.066873529398272366e-10 1.827335343701359075e-10 2.654410401971423650e-10 3.437979437763553783e-10 3.475808937277966409e-10 3.039944846452338928e-10 1.990107848608775013e-10 1.754872249492253021e-10 1.693425858358300715e-10 1.643470250656907954e-10 2.307915314514932183e-10 2.418043858844849188e-10
-5.265881110274837634e-11 -7.215282897278380850e-11 -5.875160918556638559e-12 4.986963296922307594e-12 1.857157418939629842e-11 6.391987882210362808e-11 5.033073898410731012e-11 9.750176690003251358e-11 1.088594518688163342e-10 1.682889678741514427e-10 2.496106664236832939e-10 3.475808937277966409e-10 4.821592377597032615e-10 4.680910521289714121e-10 3.346683033763146549e-10 3.033299762599382634e-10 2.660819318544619439e-10 2.623325080502125909e-10 3.353896075910630996e-10 3.321761677616625840e-10
-3.113361433629851727e-12 -6.375569470089536568e-11 1.315763113341873387e-11 1.709443414221347572e-11 9.162750637546014217e-12 6.768384239119074688e-11 4.818466442460442886e-11 7.762574691816182787e-11 9.382712184437668889e-11 1.478472101884377831e-10 2.271047773247434129e-10 3.039944846452338928e-10 4.680910521289714121e-10 5.968076398077343386e-10 5.128026247908808174e-10 4.732117571803953864e-10 4.313078973377219748e-10 4.208363998648320256e-10 5.202766436771318521e-10 5.098528428106595166e-10
7.754517401182373173e-11 -7.089577820338666607e-11 2.017477650032946768e-11 8.100791584596387605e-12 1.433876234682340221e-11 3.491359568989661256e-11 3.597389628358687217e-11 6.069889992566240864e-11 5.492011194278939980e-11 9.212188476101642852e-11 1.546520706917550387e-10 1.990107848608775013e-10 3.346683033763146549e-10 5.128026247908808174e-10 6.409299745127340305e-10 6.566302149682533895e-10 6.162817488503213176e-10 5.917181044721506521e-10 6.927172159459637112e-10 6.782236260337194208e-10
1.385371288640756502e-10 -7.050701794137490034e-11 1.913951820117821638e-11 2.289754002938760569e-12 4.240151620299084587e-11 1.872543152539318684e-11 4.004680050201687116e-11 5.397290148261035003e-11 2.067100009083679077e-11 7.925259936857173048e-11 1.414774263226695208e-10 1.754872249492253021e-10 3.033299762599382634e-10 4.732117571803953864e-10 6.566302149682533895e-10 8.834148799236048837e-10 9.590051470763606116e-10 9.799217453452470737e-10 1.083050597217110354e-09 9.930259927010949657e-10
2.079560527539084052e-10 -8.286329961921506020e-11 2.185149236181794997e-11 4.384068600927020261e-11 7.568363789211479783e-11 5.047433881905702649e-12 4.747157098377276577e-11 3.980233453654496333e-11 -2.398668747408186588e-11 5.424861436990449545e-11 1.329901462140166383e-10 1.693425858358300715e-10 2.660819318544619439e-10 4.313078973377219748e-10 6.162817488503213176e-10 9.590051470763606116e-10 1.361022155477543057e-09 1.532990079591781655e-09 1.619306804790505343e-09 1.428537529249985278e-09
2.654072515672438749e-10 -5.868001800721768910e-11 8.160126478834015370e-11 2.892007054292140422e-11 8.256874463116610849e-11 2.629289113706151926e-11 5.699356943533582525e-11 5.881743790108603104e-11 -2.772572221447417759e-11 3.376440703701339790e-11 1.130048871994410726e-10 1.643470250656907954e-10 2.623325080502125909e-10 4.208363998648320256e-10 5.917181044721506521e-10 9.799217453452470737e-10 1.532990079591781655e-09 2.091156899984500174e-09 2.350502342866597495e-09 2.076949837010850155e-09
3.156583506225074518e-10 -7.427403007852758277e-11 1.330087135423597498e-10 -9.313110104979567656e-12 1.165306576646104076e-10 6.934913226930355192e-11 8.902948845997759033e-11 1.127371803860076881e-10 3.723829128363012435e-12 9.330333767790732540e-11 1.728868902442078196e-10 2.307915314514932183e-10 3.353896075910630996e-10 5.202766436771318521e-10 6.927172159459637112e-10 1.083050597217110354e-09 1.619306804790505343e-09 2.350502342866597495e-09 3.098324073094189687e-09 2.986232432737637167e-09
3.285960003982333357e-10 -7.458524018936501306e-11 1.276678851602254250e-10 -8.948943452093808606e-12 1.132085506159448234e-10 5.357140994048768488e-11 1.240071223805175828e-10 1.368679438212617958e-10 -1.727997180746103721e-11 9.987844298920181100e-11 1.739747055167229168e-10 2.418043858844849188e-10 3.321761677616625840e-10 5.098528428106595166e-10 6.782236260337194208e-10 9.930259927010949657e-10 1.428537529249985278e-09 2.076949837010850155e-09 2.986232432737637167e-09 3.535934826161810840e-09
