1.314401261467722229e-08 1.046646021590367589e-09 8.035673099918624897e-11 1.151071977291257127e-11 -9.214172635842332328e-11 3.566330339150001293e-10 9.685111636405238217e-10 1.454911027653807174e-10 1.012571916291250572e-10 -1.372922956751646280e-10 2.723466290738468926e-10 1.292783817856550675e-10 -2.797943956712122003e-10 -5.742348563228342749e-10 -6.718580559018284046e-10 -4.655930480322924008e-10 -3.622075680311729482e-10 -2.411493448415484021e-10 -8.561852234641182533e-11 8.588796975097907758e-11
1.046646021590367589e-09 1.201116746580122800e-08 5.866912822362857920e-11 1.203223485931848141e-09 5.661434882044835127e-10 1.432425809002882351e-10 -2.276226421540328415e-10 1.847340728041605023e-10 3.893021427059400245e-10 1.833377600648944223e-10 1.610643713309470601e-10 -1.560226333240355804e-10 -1.092705289207279630e-10 2.508232376797232547e-10 2.331022514601995642e-11 -3.573982188251843093e-11 -8.115292060546837294e-11 1.031333185057984422e-10 1.711664064231109693e-10 -6.647607307851845318e-11
8.035673099918624897e-11 5.866912822362857920e-11 7.664936775440406270e-09 -3.414104642063614746e-10 3.634026673789394794e-10 -2.120122458233219671e-10 -6.220755158062358449e-11 8.202351217639082724e-11 -3.060012254121919440e-12 5.046147011718899883e-11 6.096001885031765506e-11 2.468554355449549071e-10 2.661276002825600895e-10 -8.198720393489440501e-11 -2.303176766236779891e-10 -1.825092108564950610e-10 -1.899719624882855163e-10 -2.527864498536109191e-10 -1.590936208609426993e-10 -1.673619427461132944e-10
1.151071977291257127e-11 1.203223485931848141e-09 -3.414104642063614746e-10 4.341055753306482641e-09 5.378989887450236212e-10 2.115417049106300068e-10 -3.539388316195587167e-10 1.447588778328494533e-10 1.660321758072492460e-10 -7.660837750469305256e-11 -4.561444697592055877e-11 -1.478206456504122875e-10 -1.284051141211287191e-10 -1.599628403922053939e-11 1.239688896233695404e-11 6.402740667022403424e-11 9.597973226667307884e-11 2.246225890166289514e-10 3.352037150126451574e-10 2.586364839106063950e-10
-9.214172635842332328e-11 5.661434882044835127e-10 3.634026673789394794e-10 5.378989887450236212e-10 2.906989191336718512e-09 -6.743651975854876720e-11 1.857758066307955076e-11 1.168008741292192864e-10 6.746045595351230459e-11 9.569159364337730957e-11 -5.306862383830003057e-11 2.065224710577280556e-11 -5.488556131666604365e-12 2.397675897919474429e-11 1.156732343292895825e-10 1.138007877340815567e-10 2.395690332071286463e-10 3.114100688273932248e-10 2.962394580727515560e-10 2.944688335177801769e-10
3.566330339150001293e-10 1.432425809002882351e-10 -2.120122458233219671e-10 2.115417049106300068e-10 -6.743651975854876720e-11 2.202433295421459802e-09 4.697664086019639705e-11 1.980808371622209694e-11 8.814941828369971219e-11 8.267925735547649639e-11 8.184603778319459884e-11 -2.671908689624220130e-11 7.464516865229668951e-12 -1.066900388442779363e-10 -1.671752569474879189e-10 -4.102466858164043986e-11 9.304338272704432162e-11 3.249686172034614987e-10 4.165471667682084811e-10 5.039952134182705076e-10
9.685111636405238217e-10 -2.276226421540328415e-10 -6.220755158062358449e-11 -3.539388316195587167e-10 1.857758066307955076e-11 4.697664086019639705e-11 1.550002960221700096e-09 2.286154315911104522e-11 -5.889390717116270975e-11 1.010693470483084439e-10 -9.657608820101101391e-13 1.419281657828380079e-10 -1.022932957971485492e-11 -3.164371534193993366e-11 -5.748864139703469088e-11 1.374125972095962196e-11 1.584035400793464393e-10 2.291936787538678301e-10 1.354721582704284163e-10 1.040105344593453069e-10
1.454911027653807174e-10 1.847340728041605023e-10 8.202351217639082724e-11 1.447588778328494533e-10 1.168008741292192864e-10 1.980808371622209694e-11 2.286154315911104522e-11 1.042429771350129879e-09 2.058096697464890090e-10 2.263964905196957793e-10 2.123484803265890234e-10 5.264035002513198334e-11 9.494725726874417511e-11 6.006182323198115767e-11 8.016464308671525255e-11 1.175256632383267264e-10 1.072846259264577353e-10 1.035578352146691884e-10 1.184544738734259081e-10 1.208191047443614566e-10
1.012571916291250572e-10 3.893021427059400245e-10 -3.060012254121919440e-12 1.660321758072492460e-10 6.746045595351230459e-11 8.814941828369971219e-11 -5.889390717116270975e-11 2.058096697464890090e-10 6.372990140621251658e-10 1.514158132346685408e-10 5.039638740796027287e-11 1.993805508647205518e-11 1.769705286213404896e-11 5.661452452632177561e-11 3.685145535979071886e-11 3.736349729685209323e-11 2.834286530262769965e-11 1.254596716207413374e-11 4.054591780397739509e-11 5.924600221618379014e-11
-1.372922956751646280e-10 1.833377600648944223e-10 5.046147011718899883e-11 -7.660837750469305256e-11 9.569159364337730957e-11 8.267925735547649639e-11 1.010693470483084439e-10 2.263964905196957793e-10 1.514158132346685408e-10 4.956270463199491048e-10 1.033028197028572665e-10 1.266543918782627846e-11 1.071505550964600678e-10 9.609784293891003485e-11 7.115318207709282868e-11 1.197485190544354683e-10 1.278736019176640625e-10 1.131168449831013210e-10 1.264391951623885684e-10 1.232350989255612934e-10
2.723466290738468926e-10 1.610643713309470601e-10 6.096001885031765506e-11 -4.561444697592055877e-11 -5.306862383830003057e-11 8.184603778319459884e-11 -9.657608820101101391e-13 2.123484803265890234e-10 5.039638740796027287e-11 1.033028197028572665e-10 4.988155325317864238e-10 2.374174267126959656e-10 1.715328012147258855e-10 1.338445381036536366e-10 1.135351938630139478e-10 1.948061336697982381e-10 1.858322204607861640e-10 2.303171519853353252e-10 2.002051178147025847e-10 2.035954348619013258e-10
1.292783817856550675e-10 -1.560226333240355804e-10 2.468554355449549071e-10 -1.478206456504122875e-10 2.065224710577280556e-11 -2.671908689624220130e-11 1.419281657828380079e-10 5.264035002513198334e-11 1.993805508647205518e-11 1.266543918782627846e-11 2.374174267126959656e-10 4.877413836388348869e-10 2.088831578314728659e-10 1.079775231429537378e-10 8.691324634247394422e-11 1.055328264611068945e-10 1.165303883784336066e-10 1.030588530172303735e-10 2.632702300209349553e-11 2.891525889675784165e-11
-2.797943956712122003e-10 -1.092705289207279630e-10 2.661276002825600895e-10 -1.284051141211287191e-10 -5.488556131666604365e-12 7.464516865229668951e-12 -1.022932957971485492e-11 9.494725726874417511e-11 1.769705286213404896e-11 1.071505550964600678e-10 1.715328012147258855e-10 2.088831578314728659e-10 4.130920930608748627e-10 2.745345311090724936e-10 2.194885483990166746e-10 2.437088782598767446e-10 2.387895535453373825e-10 2.387596109559879682e-10 1.503904910458473541e-10 1.196657859614374046e-10
-5.742348563228342749e-10 2.508232376797232547e-10 -8.198720393489440501e-11 -1.599628403922053939e-11 2.397675897919474429e-11 -1.066900388442779363e-10 -3.164371534193993366e-11 6.006182323198115767e-11 5.661452452632177561e-11 9.609784293891003485e-11 1.338445381036536366e-10 1.079775231429537378e-10 2.745345311090724936e-10 4.946973054496043511e-10 4.171028181638151564e-10 3.777958689053484529e-10 3.250907018057238281e-10 3.086020230985692562e-10 1.989208064506028483e-10 1.053809939059967855e-10
-6.718580559018284046e-10 2.331022514601995642e-11 -2.303176766236779891e-10 1.239688896233695404e-11 1.156732343292895825e-10 -1.671752569474879189e-10 -5.748864139703469088e-11 8.016464308671525255e-11 3.685145535979071886e-11 7.115318207709282868e-11 1.135351938630139478e-10 8.691324634247394422e-11 2.194885483990166746e-10 4.171028181638151564e-10 6.076248029507781311e-10 4.716051078407167899e-10 4.204060615925152305e-10 4.572670609424262046e-10 3.681528367209311486e-10 2.836669416448944844e-10
-4.655930480322924008e-10 -3.573982188251843093e-11 -1.825092108564950610e-10 6.402740667022403424e-11 1.138007877340815567e-10 -4.102466858164043986e-11 1.374125972095962196e-11 1.175256632383267264e-10 3.736349729685209323e-11 1.197485190544354683e-10 1.948061336697982381e-10 1.055328264611068945e-10 2.437088782598767446e-10 3.777958689053484529e-10 4.716051078407167899e-10 5.884924839909327185e-10 5.839767851258252683e-10 6.554119965587830997e-10 6.149730635527359545e-10 5.360017437944356746e-10
-3.622075680311729482e-10 -8.115292060546837294e-11 -1.899719624882855163e-10 9.597973226667307884e-11 2.395690332071286463e-10 9.304338272704432162e-11 1.584035400793464393e-10 1.072846259264577353e-10 2.834286530262769965e-11 1.278736019176640625e-10 1.858322204607861640e-10 1.165303883784336066e-10 2.387895535453373825e-10 3.250907018057238281e-10 4.204060615925152305e-10 5.839767851258252683e-10 8.185664914282644070e-10 9.642220449307127837e-10 9.547028838769426219e-10 8.727713549600133798e-10
-2.411493448415484021e-10 1.031333185057984422e-10 -2.527864498536109191e-10 2.246225890166289514e-10 3.114100688273932248e-10 3.249686172034614987e-10 2.291936787538678301e-10 1.035578352146691884e-10 1.254596716207413374e-11 1.131168449831013210e-10 2.303171519853353252e-10 1.030588530172303735e-10 2.387596109559879682e-10 3.086020230985692562e-10 4.572670609424262046e-10 6.554119965587830997e-10 9.642220449307127837e-10 1.385501966199918111e-09 1.482103292926519982e-09 1.445746676110190400e-09
-8.561852234641182533e-11 1.711664064231109693e-10 -1.590936208609426993e-10 3.352037150126451574e-10 2.962394580727515560e-10 4.165471667682084811e-10 1.354721582704284163e-10 1.184544738734259081e-10 4.054591780397739509e-11 1.264391951623885684e-10 2.002051178147025847e-10 2.632702300209349553e-11 1.503904910458473541e-10 1.989208064506028483e-10 3.681528367209311486e-10 6.149730635527359545e-10 9.547028838769426219e-10 1.482103292926519982e-09 1.919620662126016796e-09 1.988689639751987817e-09
8.588796975097907758e-11 -6.647607307851845318e-11 -1.673619427461132944e-10 2.586364839106063950e-10 2.944688335177801769e-10 5.039952134182705076e-10 1.040105344593453069e-10 1.208191047443614566e-10 5.924600221618379014e-11 1.232350989255612934e-10 2.035954348619013258e-10 2.891525889675784165e-11 1.196657859614374046e-10 1.053809939059967855e-10 2.836669416448944844e-10 5.360017437944356746e-10 8.727713549600133798e-10 1.445746676110190400e-09 1.988689639751987817e-09 2.452317835257201511e-09
