7.573234400389439189e-10 5.006945551219986756e-11 5.617663661000899253e-11 2.008385161787279174e-11 -1.520331752804585801e-11 -3.880923473988612620e-11 6.732098044949689206e-12 5.858210995021460596e-11 2.723107793809007537e-11 5.309925556764706586e-11 4.788224310933295558e-11 3.237352188405775558e-11 2.510073751159168431e-11 5.184859346669792150e-11 4.405948212760130047e-11 3.036961440109956658e-11 3.518763742476751603e-11 2.107944826192990213e-11 -7.339043594590637295e-12 -1.154411986042468564e-11
5.006945551219986756e-11 4.921329464666114127e-10 1.285612873771016663e-11 2.533167819324618413e-11 5.434332587252756167e-11 1.542419713870672082e-11 3.821832794246373274e-12 3.356480583730901241e-11 1.107806452854439172e-11 7.321958198953773040e-12 -1.182916018185311196e-12 7.017099619029873855e-12 2.628337942875753609e-11 3.360873757228063066e-11 7.085822560328318139e-11 5.766111189203719425e-11 4.992302203956074665e-11 1.058423581491292235e-11 -3.138723389685486258e-11 -2.451564537891955717e-11
5.617663661000899253e-11 1.285612873771016663e-11 3.185782533655946954e-10 5.424581701092705818e-11 5.449938844820817169e-11 -2.058469400044808177e-12 2.431016425386715248e-12 5.435965493769825206e-12 2.947033841310495954e-12 -7.604561528388217954e-12 -5.699147639689260976e-12 -4.872472958662847908e-12 -3.720229701176100198e-12 2.015486562988059465e-11 1.601495871063657444e-11 3.763777735066725373e-11 4.767134365040939664e-11 6.058538857623007470e-11 4.695363671200673254e-11 2.716344404052046084e-11
2.008385161787279174e-11 2.533167819324618413e-11 5.424581701092705818e-11 2.106293457880347849e-10 6.208391721097861884e-11 2.709173718286437991e-11 8.937772507831172932e-12 2.315078388648836887e-12 -9.645244510262941314e-12 -7.151905167081133836e-12 -1.497196340872851998e-11 -2.765114405538859617e-11 -1.734924366707504165e-11 -1.419721952211193614e-11 -2.820508980749275185e-11 -3.570228921878145900e-11 -3.450778003415862717e-11 -3.754864957251999833e-11 -3.153993331543414855e-11 3.358247826145443715e-12
-1.520331752804585801e-11 5.434332587252756167e-11 5.449938844820817169e-11 6.208391721097861884e-11 1.867409289148791659e-10 7.527999326257565115e-11 3.218476216993432565e-11 3.863210673999977050e-11 4.836899077096408877e-11 4.271849576926967134e-11 2.132156249047491276e-11 2.047838883699223801e-11 2.386555690279832755e-11 2.197023323043232533e-11 2.738211535679249194e-11 2.277793281197293860e-11 2.066621978380080856e-11 -2.028922825841862884e-12 -2.806612651138939784e-11 -2.480633510445787695e-11
-3.880923473988612620e-11 1.542419713870672082e-11 -2.058469400044808177e-12 2.709173718286437991e-11 7.527999326257565115e-11 1.452290121998899501e-10 6.008996318749914331e-11 4.360608320105658041e-11 3.004519766243640273e-11 3.671765118651228843e-11 3.367629284912250769e-11 3.711096658133683820e-11 4.001396749403680202e-11 3.234647765738785133e-11 4.120823953068756772e-11 4.096582633934628010e-11 5.642628848925962744e-11 7.653401466675402188e-11 8.055851320262161854e-11 8.832918592155860680e-11
6.732098044949689206e-12 3.821832794246373274e-12 2.431016425386715248e-12 8.937772507831172932e-12 3.218476216993432565e-11 6.008996318749914331e-11 1.146182827143521731e-10 5.786793934878987750e-11 4.902370125655167589e-11 4.563653209659546194e-11 3.582512475146012145e-11 3.866446359349310355e-11 2.890949954648787563e-11 3.298942179529814024e-11 3.214850759759605616e-11 2.236622546527565414e-11 2.889214610528024726e-11 4.100139894272032791e-11 3.920638751011366420e-11 2.434188556857208332e-11
5.858210995021460596e-11 3.356480583730901241e-11 5.435965493769825206e-12 2.315078388648836887e-12 3.863210673999977050e-11 4.360608320105658041e-11 5.786793934878987750e-11 1.200567032999178412e-10 6.624523766965805027e-11 5.927225362528466370e-11 3.563073935942154126e-11 3.986972526691970324e-11 3.133552745341371624e-11 3.670355137047148890e-11 3.332603029565627638e-11 1.469477515254243831e-11 6.352202285018015130e-12 1.883021033836472059e-11 2.387462679711058965e-11 -9.954222377576900784e-12
2.723107793809007537e-11 1.107806452854439172e-11 2.947033841310495954e-12 -9.645244510262941314e-12 4.836899077096408877e-11 3.004519766243640273e-11 4.902370125655167589e-11 6.624523766965805027e-11 1.166075194363943261e-10 8.590603434005167701e-11 6.488695544329582414e-11 5.774633487706716228e-11 5.059129400513374187e-11 5.320564583338394645e-11 5.103675739669977678e-11 4.322464315349912311e-11 3.729762305425137160e-11 2.485120783573984352e-11 1.865757936865487139e-11 1.797371433872482128e-11
5.309925556764706586e-11 7.321958198953773040e-12 -7.604561528388217954e-12 -7.151905167081133836e-12 4.271849576926967134e-11 3.671765118651228843e-11 4.563653209659546194e-11 5.927225362528466370e-11 8.590603434005167701e-11 1.237045273042082388e-10 8.594415918235391062e-11 8.000880315332748177e-11 7.604329972372042990e-11 7.902249134313964272e-11 7.366563940831585267e-11 7.485071622364822633e-11 7.461180472005043102e-11 5.887013936357689409e-11 6.246456354755895385e-11 7.120652312150839388e-11
4.788224310933295558e-11 -1.182916018185311196e-12 -5.699147639689260976e-12 -1.497196340872851998e-11 2.132156249047491276e-11 3.367629284912250769e-11 3.582512475146012145e-11 3.563073935942154126e-11 6.488695544329582414e-11 8.594415918235391062e-11 1.140432323736456181e-10 9.998774283932433214e-11 8.438410002410431313e-11 7.893135560203363617e-11 7.411249368370722209e-11 7.265934913008462357e-11 7.093667036106024640e-11 5.656641307778778895e-11 6.956272159623814816e-11 8.892166719193353611e-11
3.237352188405775558e-11 7.017099619029873855e-12 -4.872472958662847908e-12 -2.765114405538859617e-11 2.047838883699223801e-11 3.711096658133683820e-11 3.866446359349310355e-11 3.986972526691970324e-11 5.774633487706716228e-11 8.000880315332748177e-11 9.998774283932433214e-11 1.363643983996302639e-10 1.267650926042565257e-10 1.222942643519242544e-10 1.186797891443721477e-10 1.089325462536940079e-10 1.072004184309817894e-10 1.038745060012054501e-10 9.794102746540654596e-11 9.672660382611036560e-11
2.510073751159168431e-11 2.628337942875753609e-11 -3.720229701176100198e-12 -1.734924366707504165e-11 2.386555690279832755e-11 4.001396749403680202e-11 2.890949954648787563e-11 3.133552745341371624e-11 5.059129400513374187e-11 7.604329972372042990e-11 8.438410002410431313e-11 1.267650926042565257e-10 1.763215261064450202e-10 1.922786288146813870e-10 1.950179997773988709e-10 1.733730978093888259e-10 1.671027533861632230e-10 1.542400319499682079e-10 1.276603999414509930e-10 1.055646694387956585e-10
5.184859346669792150e-11 3.360873757228063066e-11 2.015486562988059465e-11 -1.419721952211193614e-11 2.197023323043232533e-11 3.234647765738785133e-11 3.298942179529814024e-11 3.670355137047148890e-11 5.320564583338394645e-11 7.902249134313964272e-11 7.893135560203363617e-11 1.222942643519242544e-10 1.922786288146813870e-10 2.743955307931036618e-10 2.935399545919354750e-10 2.695123556514597698e-10 2.603145785832473216e-10 2.450277405066989905e-10 2.133201419253000696e-10 1.560744286875863950e-10
4.405948212760130047e-11 7.085822560328318139e-11 1.601495871063657444e-11 -2.820508980749275185e-11 2.738211535679249194e-11 4.120823953068756772e-11 3.214850759759605616e-11 3.332603029565627638e-11 5.103675739669977678e-11 7.366563940831585267e-11 7.411249368370722209e-11 1.186797891443721477e-10 1.950179997773988709e-10 2.935399545919354750e-10 3.808093464613562370e-10 3.826935546426648150e-10 3.808860254806009206e-10 3.691798421581259245e-10 3.310759760668244700e-10 2.719358041563412470e-10
3.036961440109956658e-11 5.766111189203719425e-11 3.763777735066725373e-11 -3.570228921878145900e-11 2.277793281197293860e-11 4.096582633934628010e-11 2.236622546527565414e-11 1.469477515254243831e-11 4.322464315349912311e-11 7.485071622364822633e-11 7.265934913008462357e-11 1.089325462536940079e-10 1.733730978093888259e-10 2.695123556514597698e-10 3.826935546426648150e-10 4.895974501097983608e-10 5.492797319663717114e-10 5.770931383012674086e-10 5.815602018092030948e-10 5.172646290218594198e-10
3.518763742476751603e-11 4.992302203956074665e-11 4.767134365040939664e-11 -3.450778003415862717e-11 2.066621978380080856e-11 5.642628848925962744e-11 2.889214610528024726e-11 6.352202285018015130e-12 3.729762305425137160e-11 7.461180472005043102e-11 7.093667036106024640e-11 1.072004184309817894e-10 1.671027533861632230e-10 2.603145785832473216e-10 3.808860254806009206e-10 5.492797319663717114e-10 7.367422289141956707e-10 8.489776207254068379e-10 8.925797889826023072e-10 8.325314459128790511e-10
2.107944826192990213e-11 1.058423581491292235e-11 6.058538857623007470e-11 -3.754864957251999833e-11 -2.028922825841862884e-12 7.653401466675402188e-11 4.100139894272032791e-11 1.883021033836472059e-11 2.485120783573984352e-11 5.887013936357689409e-11 5.656641307778778895e-11 1.038745060012054501e-10 1.542400319499682079e-10 2.450277405066989905e-10 3.691798421581259245e-10 5.770931383012674086e-10 8.489776207254068379e-10 1.149380807852901868e-09 1.326876770673867398e-09 1.292248218077024579e-09
-7.339043594590637295e-12 -3.138723389685486258e-11 4.695363671200673254e-11 -3.153993331543414855e-11 -2.806612651138939784e-11 8.055851320262161854e-11 3.920638751011366420e-11 2.387462679711058965e-11 1.865757936865487139e-11 6.246456354755895385e-11 6.956272159623814816e-11 9.794102746540654596e-11 1.276603999414509930e-10 2.133201419253000696e-10 3.310759760668244700e-10 5.815602018092030948e-10 8.925797889826023072e-10 1.326876770673867398e-09 1.775261164883167199e-09 1.869131794052147767e-09
-1.154411986042468564e-11 -2.451564537891955717e-11 2.716344404052046084e-11 3.358247826145443715e-12 -2.480633510445787695e-11 8.832918592155860680e-11 2.434188556857208332e-11 -9.954222377576900784e-12 1.797371433872482128e-11 7.120652312150839388e-11 8.892166719193353611e-11 9.672660382611036560e-11 1.055646694387956585e-10 1.560744286875863950e-10 2.719358041563412470e-10 5.172646290218594198e-10 8.325314459128790511e-10 1.292248218077024579e-09 1.869131794052147767e-09 2.295825971484890487e-09
