2.989271907115813464e-05 2.598516787673659317e-05 2.772724317501011428e-05 2.834384818547594885e-05 2.727176096271257492e-05 2.700442338455353547e-05 2.680296790450743997e-05 2.610982266070279416e-05 2.611602945571543636e-05 2.497684161599412971e-05 2.409972910098832476e-05 2.291606327554847558e-05 2.176110109624970919e-05 2.035257964236077951e-05 1.858550397883948504e-05 1.659567852892325683e-05 1.403841309536239615e-05 1.069601757032732969e-05 6.995937380770124766e-06 2.964936982878836794e-06
2.598516787673659317e-05 2.725040030268560334e-05 2.711395666621439597e-05 2.752737122547043721e-05 2.675199417012544693e-05 2.675389257418263485e-05 2.661783617989018036e-05 2.583860438912816707e-05 2.603907949627609422e-05 2.517186243164581955e-05 2.447531704303478869e-05 2.354997956409010803e-05 2.251134986137952695e-05 2.141432410701278553e-05 1.985039211066107713e-05 1.777871237983451617e-05 1.471390481564601176e-05 1.108272779060165768e-05 7.046772752884260329e-06 3.008005305635525342e-06
2.772724317501011428e-05 2.711395666621439597e-05 2.964043275087800683e-05 2.892969811850117280e-05 2.808941273411263566e-05 2.786824325742358165e-05 2.781286286212896700e-05 2.705457824101255925e-05 2.724952852609168971e-05 2.627620303200658237e-05 2.551694889367541033e-05 2.452255507949901745e-05 2.333832677439430967e-05 2.210501690511613407e-05 2.044378590371484164e-05 1.840542937355854595e-05 1.544719651391951657e-05 1.156028493476715421e-05 7.006684281333184033e-06 2.756657299882031513e-06
2.834384818547594885e-05 2.752737122547043721e-05 2.892969811850117280e-05 3.045490804225731225e-05 2.882928543460562998e-05 2.872663536706453928e-05 2.859103426596262376e-05 2.782414385240269340e-05 2.796500271711262439e-05 2.694832568451119325e-05 2.608199050499944189e-05 2.508039412709452042e-05 2.386063437547475324e-05 2.257900786550130903e-05 2.076824962747161543e-05 1.855985476661977187e-05 1.539677222520421886e-05 1.155086188798201627e-05 7.453483430862997941e-06 3.452051115556336923e-06
2.727176096271257492e-05 2.675199417012544693e-05 2.808941273411263566e-05 2.882928543460562998e-05 2.846420993577142454e-05 2.796514373619890490e-05 2.785423615977138321e-05 2.702172228923602811e-05 2.719779676908924118e-05 2.629947682939957684e-05 2.545173437757777246e-05 2.446287071618015384e-05 2.329225763605610811e-05 2.205622012387954640e-05 2.029444140131914738e-05 1.821124773893006374e-05 1.521918682489829239e-05 1.150639263706172492e-05 7.502747318825498920e-06 3.416510760860911042e-06
2.700442338455353547e-05 2.675389257418263485e-05 2.786824325742358165e-05 2.872663536706453928e-05 2.796514373619890490e-05 2.842160916210991937e-05 2.805727208084820716e-05 2.720052077472619951e-05 2.732887800761048093e-05 2.645439347455095022e-05 2.567852716146238473e-05 2.466042769527808305e-05 2.350148895773349482e-05 2.226535138202268558e-05 2.056906485705873498e-05 1.831917128871070205e-05 1.520886852590167446e-05 1.151008123961780079e-05 7.436187988302188425e-06 3.398949512149988156e-06
2.680296790450743997e-05 2.661783617989018036e-05 2.781286286212896700e-05 2.859103426596262376e-05 2.785423615977138321e-05 2.805727208084820716e-05 2.830218791267015641e-05 2.733961980644100432e-05 2.745086543926199887e-05 2.661684082383981476e-05 2.579727937554861196e-05 2.481742321344054946e-05 2.371609281583139726e-05 2.255130513026033405e-05 2.082885864700184927e-05 1.857272726043627137e-05 1.538669408304306255e-05 1.153902948245155240e-05 7.384257455301204183e-06 3.252249822419813310e-06
2.610982266070279416e-05 2.583860438912816707e-05 2.705457824101255925e-05 2.782414385240269340e-05 2.702172228923602811e-05 2.720052077472619951e-05 2.733961980644100432e-05 2.679176726367872349e-05 2.688737438492158169e-05 2.610930637733264656e-05 2.533660767374428701e-05 2.440494133028495936e-05 2.328221177379164025e-05 2.208248591751412821e-05 2.033907110624168287e-05 1.810743652671482825e-05 1.498437173427539859e-05 1.125578640797454720e-05 7.177518494882448938e-06 3.078883311081669215e-06
2.611602945571543636e-05 2.603907949627609422e-05 2.724952852609168971e-05 2.796500271711262439e-05 2.719779676908924118e-05 2.732887800761048093e-05 2.745086543926199887e-05 2.688737438492158169e-05 2.724645418677982297e-05 2.641064247523188972e-05 2.562388811001994833e-05 2.467516166341000803e-05 2.351395674786776281e-05 2.232022222855065181e-05 2.056691649799229104e-05 1.827822145616025067e-05 1.514671768735692493e-05 1.133687479762139755e-05 7.146804982788085792e-06 2.996739363569296136e-06
2.497684161599412971e-05 2.517186243164581955e-05 2.627620303200658237e-05 2.694832568451119325e-05 2.629947682939957684e-05 2.645439347455095022e-05 2.661684082383981476e-05 2.610930637733264656e-05 2.641064247523188972e-05 2.597015901966362117e-05 2.527941136586926861e-05 2.446858871184972656e-05 2.335855614383323150e-05 2.226403356492906723e-05 2.059790370785630602e-05 1.828901544897103165e-05 1.505842988203729939e-05 1.120735755774951969e-05 7.026763702337726481e-06 2.884849990432219490e-06
2.409972910098832476e-05 2.447531704303478869e-05 2.551694889367541033e-05 2.608199050499944189e-05 2.545173437757777246e-05 2.567852716146238473e-05 2.579727937554861196e-05 2.533660767374428701e-05 2.562388811001994833e-05 2.527941136586926861e-05 2.493394602641588230e-05 2.427640109740956102e-05 2.326843536053893849e-05 2.220726751136135226e-05 2.056871221370424208e-05 1.834512314512169864e-05 1.507725408032419161e-05 1.125390169909394555e-05 7.138524968206006323e-06 3.043041631265808525e-06
2.291606327554847558e-05 2.354997956409010803e-05 2.452255507949901745e-05 2.508039412709452042e-05 2.446287071618015384e-05 2.466042769527808305e-05 2.481742321344054946e-05 2.440494133028495936e-05 2.467516166341000803e-05 2.446858871184972656e-05 2.427640109740956102e-05 2.404832230329878993e-05 2.312877601476485040e-05 2.215052911432315269e-05 2.052152427715989592e-05 1.828119421815241127e-05 1.487993069565689745e-05 1.099641094502144145e-05 7.009756926541912221e-06 3.159313017739938837e-06
2.176110109624970919e-05 2.251134986137952695e-05 2.333832677439430967e-05 2.386063437547475324e-05 2.329225763605610811e-05 2.350148895773349482e-05 2.371609281583139726e-05 2.328221177379164025e-05 2.351395674786776281e-05 2.335855614383323150e-05 2.326843536053893849e-05 2.312877601476485040e-05 2.251261799905319451e-05 2.166605451844910062e-05 2.013965671140232101e-05 1.792887341088500997e-05 1.451762839843234639e-05 1.073127649329087644e-05 6.871182680888851199e-06 3.161999026922377407e-06
2.035257964236077951e-05 2.141432410701278553e-05 2.210501690511613407e-05 2.257900786550130903e-05 2.205622012387954640e-05 2.226535138202268558e-05 2.255130513026033405e-05 2.208248591751412821e-05 2.232022222855065181e-05 2.226403356492906723e-05 2.220726751136135226e-05 2.215052911432315269e-05 2.166605451844910062e-05 2.120589851470998643e-05 1.988010682528630065e-05 1.773817607241643472e-05 1.433013812342155108e-05 1.060806960992728625e-05 6.857669272031852597e-06 3.265395981366282706e-06
1.858550397883948504e-05 1.985039211066107713e-05 2.044378590371484164e-05 2.076824962747161543e-05 2.029444140131914738e-05 2.056906485705873498e-05 2.082885864700184927e-05 2.033907110624168287e-05 2.056691649799229104e-05 2.059790370785630602e-05 2.056871221370424208e-05 2.052152427715989592e-05 2.013965671140232101e-05 1.988010682528630065e-05 1.901214329336287640e-05 1.721409039019889788e-05 1.408050154501694755e-05 1.064686817096792405e-05 7.068420778299633396e-06 3.608502311978893813e-06
1.659567852892325683e-05 1.777871237983451617e-05 1.840542937355854595e-05 1.855985476661977187e-05 1.821124773893006374e-05 1.831917128871070205e-05 1.857272726043627137e-05 1.810743652671482825e-05 1.827822145616025067e-05 1.828901544897103165e-05 1.834512314512169864e-05 1.828119421815241127e-05 1.792887341088500997e-05 1.773817607241643472e-05 1.721409039019889788e-05 1.626952181284511333e-05 1.381112784881164815e-05 1.089825136783420780e-05 7.628953777185386363e-06 4.363945505819323168e-06
1.403841309536239615e-05 1.471390481564601176e-05 1.544719651391951657e-05 1.539677222520421886e-05 1.521918682489829239e-05 1.520886852590167446e-05 1.538669408304306255e-05 1.498437173427539859e-05 1.514671768735692493e-05 1.505842988203729939e-05 1.507725408032419161e-05 1.487993069565689745e-05 1.451762839843234639e-05 1.433013812342155108e-05 1.408050154501694755e-05 1.381112784881164815e-05 1.255058425748770857e-05 1.051821315322319245e-05 7.783875400342871994e-06 4.874523418953358995e-06
1.069601757032732969e-05 1.108272779060165768e-05 1.156028493476715421e-05 1.155086188798201627e-05 1.150639263706172492e-05 1.151008123961780079e-05 1.153902948245155240e-05 1.125578640797454720e-05 1.133687479762139755e-05 1.120735755774951969e-05 1.125390169909394555e-05 1.099641094502144145e-05 1.073127649329087644e-05 1.060806960992728625e-05 1.064686817096792405e-05 1.089825136783420780e-05 1.051821315322319245e-05 9.647280937845031975e-06 7.736993299519530346e-06 5.365000715780986014e-06
6.995937380770124766e-06 7.046772752884260329e-06 7.006684281333184033e-06 7.453483430862997941e-06 7.502747318825498920e-06 7.436187988302188425e-06 7.384257455301204183e-06 7.177518494882448938e-06 7.146804982788085792e-06 7.026763702337726481e-06 7.138524968206006323e-06 7.009756926541912221e-06 6.871182680888851199e-06 6.857669272031852597e-06 7.068420778299633396e-06 7.628953777185386363e-06 7.783875400342871994e-06 7.736993299519530346e-06 7.333569534789178261e-06 6.152502656846722366e-06
2.964936982878836794e-06 3.008005305635525342e-06 2.756657299882031513e-06 3.452051115556336923e-06 3.416510760860911042e-06 3.398949512149988156e-06 3.252249822419813310e-06 3.078883311081669215e-06 2.996739363569296136e-06 2.884849990432219490e-06 3.043041631265808525e-06 3.159313017739938837e-06 3.161999026922377407e-06 3.265395981366282706e-06 3.608502311978893813e-06 4.363945505819323168e-06 4.874523418953358995e-06 5.365000715780986014e-06 6.152502656846722366e-06 6.737917933482872353e-06
