1.279720424662910844e-08 1.443514776264848476e-09 3.052072617672853053e-10 1.696242284123119348e-09 5.930912740547742613e-10 5.317402754235290374e-10 5.854374398850939294e-10 -1.346727448006860105e-10 8.723071676262754603e-11 -1.937169945793459152e-11 2.288614575737126524e-10 -1.951030806410380117e-10 3.459218166677341122e-11 1.276460129300066509e-10 -4.523601645095147390e-11 9.445952772124170225e-12 -3.757128620088482978e-11 -3.321188792420191063e-11 -1.258771390513092270e-11 -8.775278287517462443e-11
1.443514776264848476e-09 1.348558804273814765e-08 -6.175460659816734968e-10 5.413052686841605659e-10 -3.277087382151109875e-10 1.326849965579975229e-10 -4.474617798731539648e-10 -9.161029777678348768e-11 -1.191557563005211382e-10 5.530674095517802301e-11 -1.184345989764546371e-10 -1.615605296697623233e-10 5.916473144092768509e-11 2.042735956787764138e-11 -2.435501382203395350e-11 4.569602377812670794e-11 7.116993064886135541e-11 -2.420816228949272881e-12 2.320784633212939196e-11 -1.152008900027382234e-10
3.052072617672853053e-10 -6.175460659816734968e-10 6.205022780860288640e-09 1.443644153279032942e-09 -1.709268156242257759e-10 -1.509638323863658052e-10 3.379399407076090337e-10 -4.459296275585559345e-10 -1.507415509940806549e-10 1.228324450162360174e-10 -1.803343946093875528e-10 2.356622321665219986e-12 4.578365684842586744e-11 9.830558658366685293e-11 -5.551130568110115091e-11 -3.542321177495609065e-11 -1.325463822524042273e-11 -5.999091790164382215e-11 -5.292245884727367005e-11 -6.629462155782175382e-11
1.696242284123119348e-09 5.413052686841605659e-10 1.443644153279032942e-09 4.983205827175233251e-09 6.414612133242505832e-10 2.999987295132938826e-10 2.244292118378369066e-10 8.744579298856453867e-11 1.843141620729581247e-10 -9.047200250878924763e-11 2.820555421513743218e-11 5.395644323804992900e-12 -1.827195618142152693e-11 1.327858154238081926e-10 3.905348909496477523e-11 1.315595344862932896e-10 9.919960522741370464e-11 2.775088553607855692e-11 3.474695567345910220e-11 2.722740434098690693e-12
5.930912740547742613e-10 -3.277087382151109875e-10 -1.709268156242257759e-10 6.414612133242505832e-10 2.285284034241504408e-09 5.623446322800967764e-10 4.025202739333341278e-11 -8.254204942027632991e-12 6.505713280359675446e-11 -1.197346760149375839e-10 -1.281179021147040078e-10 -2.530334657527017106e-11 1.007208737661141836e-11 1.332637227015990378e-10 1.311293162292448800e-11 9.923547658101445123e-11 2.288527211641310097e-11 4.336719437256072961e-11 4.948889527445007816e-11 2.817697551330449777e-11
5.317402754235290374e-10 1.326849965579975229e-10 -1.509638323863658052e-10 2.999987295132938826e-10 5.623446322800967764e-10 2.584539900525475396e-09 3.141652457657116588e-10 4.264731575755696493e-10 3.845246205585699277e-11 4.817372641092302429e-12 1.919317423608628807e-11 3.305300801991226288e-11 3.184138792655700181e-11 1.944044575184866789e-11 -1.466805195981804035e-11 6.008164310216077289e-11 2.197987957842290932e-11 -6.094801504160785021e-12 1.067931158300746675e-12 1.958753613725471848e-11
5.854374398850939294e-10 -4.474617798731539648e-10 3.379399407076090337e-10 2.244292118378369066e-10 4.025202739333341278e-11 3.141652457657116588e-10 1.403010263508173912e-09 1.400538543106157927e-10 9.939291020441966330e-11 2.038392745880223782e-11 7.999860173596645826e-11 -4.825696127115048351e-11 1.953617696438341990e-11 6.334885668434690791e-11 5.787075416393545396e-12 2.778739981535039130e-11 -5.960733943548981946e-11 -5.304190065029248142e-11 -1.671816572151188113e-11 -1.136483385714203771e-11
-1.346727448006860105e-10 -9.161029777678348768e-11 -4.459296275585559345e-10 8.744579298856453867e-11 -8.254204942027632991e-12 4.264731575755696493e-10 1.400538543106157927e-10 1.028761607240612133e-09 -1.728363026387297652e-11 -3.583645883167206092e-11 -2.418231786889950611e-11 2.472927372168567614e-11 -3.479021165310942482e-11 -2.259374109660275715e-11 7.492052890822935800e-12 -4.661111351730629953e-12 4.728089218099245758e-11 1.448040238749332817e-12 1.922035934523392580e-11 6.776597387107412054e-13
8.723071676262754603e-11 -1.191557563005211382e-10 -1.507415509940806549e-10 1.843141620729581247e-10 6.505713280359675446e-11 3.845246205585699277e-11 9.939291020441966330e-11 -1.728363026387297652e-11 4.616034160654399597e-10 3.346522808395107092e-11 6.891158173751118317e-11 1.897726952234941454e-11 -1.865981367582878725e-12 2.634921586157920976e-11 -1.593597316295872356e-11 9.523698684508922529e-12 -2.612517110889254264e-11 -2.750188942028410088e-11 -2.811848384642036071e-11 -6.146872899657609929e-12
-1.937169945793459152e-11 5.530674095517802301e-11 1.228324450162360174e-10 -9.047200250878924763e-11 -1.197346760149375839e-10 4.817372641092302429e-12 2.038392745880223782e-11 -3.583645883167206092e-11 3.346522808395107092e-11 2.988802450125008304e-10 3.716664246512175163e-11 -2.952058076365586601e-11 -3.051546458253166519e-11 5.476581962029667847e-12 1.040091359381019618e-11 -1.273467103506145509e-11 -9.364022500766714990e-12 -9.035267507486789411e-12 -8.949260030658182559e-12 2.579305868129437715e-12
2.288614575737126524e-10 -1.184345989764546371e-10 -1.803343946093875528e-10 2.820555421513743218e-11 -1.281179021147040078e-10 1.919317423608628807e-11 7.999860173596645826e-11 -2.418231786889950611e-11 6.891158173751118317e-11 3.716664246512175163e-11 2.534340579948333530e-10 1.159600348421187251e-11 -2.334969908833242323e-11 9.233241532164117194e-12 1.846697337791174396e-11 -1.576956367926495799e-11 -1.255985989702862962e-11 -1.095287254068374650e-11 -2.405384295890784714e-11 -7.119512740254117023e-12
-1.951030806410380117e-10 -1.615605296697623233e-10 2.356622321665219986e-12 5.395644323804992900e-12 -2.530334657527017106e-11 3.305300801991226288e-11 -4.825696127115048351e-11 2.472927372168567614e-11 1.897726952234941454e-11 -2.952058076365586601e-11 1.159600348421187251e-11 1.664347377704659060e-10 3.682346062860211171e-11 1.539805375012103570e-11 4.613298935622868630e-12 1.764697661469880688e-11 1.966026974667005081e-11 1.696853363088439149e-11 4.532316448378805757e-12 1.590615164489480259e-11
3.459218166677341122e-11 5.916473144092768509e-11 4.578365684842586744e-11 -1.827195618142152693e-11 1.007208737661141836e-11 3.184138792655700181e-11 1.953617696438341990e-11 -3.479021165310942482e-11 -1.865981367582878725e-12 -3.051546458253166519e-11 -2.334969908833242323e-11 3.682346062860211171e-11 1.281561410571553775e-10 4.274496462498850822e-11 1.889048328778431302e-11 7.672283065919497050e-12 -5.904728025225948842e-12 -9.202867650763370374e-12 -8.858377240895527629e-12 2.557825543683643969e-13
1.276460129300066509e-10 2.042735956787764138e-11 9.830558658366685293e-11 1.327858154238081926e-10 1.332637227015990378e-10 1.944044575184866789e-11 6.334885668434690791e-11 -2.259374109660275715e-11 2.634921586157920976e-11 5.476581962029667847e-12 9.233241532164117194e-12 1.539805375012103570e-11 4.274496462498850822e-11 1.391021710657129430e-10 3.786265977526432340e-11 2.918390117448463775e-11 1.756806452537062130e-12 -1.791522045510133586e-11 -1.621741399771195698e-11 -5.668398875460014724e-12
-4.523601645095147390e-11 -2.435501382203395350e-11 -5.551130568110115091e-11 3.905348909496477523e-11 1.311293162292448800e-11 -1.466805195981804035e-11 5.787075416393545396e-12 7.492052890822935800e-12 -1.593597316295872356e-11 1.040091359381019618e-11 1.846697337791174396e-11 4.613298935622868630e-12 1.889048328778431302e-11 3.786265977526432340e-11 6.673477023888440927e-11 1.933504199533634795e-11 9.893892180922511005e-12 2.047925161186514507e-12 4.784964416962045235e-12 5.771622680019844429e-12
9.445952772124170225e-12 4.569602377812670794e-11 -3.542321177495609065e-11 1.315595344862932896e-10 9.923547658101445123e-11 6.008164310216077289e-11 2.778739981535039130e-11 -4.661111351730629953e-12 9.523698684508922529e-12 -1.273467103506145509e-11 -1.576956367926495799e-11 1.764697661469880688e-11 7.672283065919497050e-12 2.918390117448463775e-11 1.933504199533634795e-11 7.853104658211827038e-11 3.539485749603372982e-11 1.116258385239216804e-11 4.732855139698071030e-12 6.165862862321861101e-12
-3.757128620088482978e-11 7.116993064886135541e-11 -1.325463822524042273e-11 9.919960522741370464e-11 2.288527211641310097e-11 2.197987957842290932e-11 -5.960733943548981946e-11 4.728089218099245758e-11 -2.612517110889254264e-11 -9.364022500766714990e-12 -1.255985989702862962e-11 1.966026974667005081e-11 -5.904728025225948842e-12 1.756806452537062130e-12 9.893892180922511005e-12 3.539485749603372982e-11 7.562403049446355405e-11 3.232562212299966256e-11 1.614423517197600370e-11 -4.586282429072027502e-13
-3.321188792420191063e-11 -2.420816228949272881e-12 -5.999091790164382215e-11 2.775088553607855692e-11 4.336719437256072961e-11 -6.094801504160785021e-12 -5.304190065029248142e-11 1.448040238749332817e-12 -2.750188942028410088e-11 -9.035267507486789411e-12 -1.095287254068374650e-11 1.696853363088439149e-11 -9.202867650763370374e-12 -1.791522045510133586e-11 2.047925161186514507e-12 1.116258385239216804e-11 3.232562212299966256e-11 4.780632934779554746e-11 2.257116836577780466e-11 6.966924451033220184e-12
-1.258771390513092270e-11 2.320784633212939196e-11 -5.292245884727367005e-11 3.474695567345910220e-11 4.948889527445007816e-11 1.067931158300746675e-12 -1.671816572151188113e-11 1.922035934523392580e-11 -2.811848384642036071e-11 -8.949260030658182559e-12 -2.405384295890784714e-11 4.532316448378805757e-12 -8.858377240895527629e-12 -1.621741399771195698e-11 4.784964416962045235e-12 4.732855139698071030e-12 1.614423517197600370e-11 2.257116836577780466e-11 4.097041023406833121e-11 1.487601266797283985e-11
-8.775278287517462443e-11 -1.152008900027382234e-10 -6.629462155782175382e-11 2.722740434098690693e-12 2.817697551330449777e-11 1.958753613725471848e-11 -1.136483385714203771e-11 6.776597387107412054e-13 -6.146872899657609929e-12 2.579305868129437715e-12 -7.119512740254117023e-12 1.590615164489480259e-11 2.557825543683643969e-13 -5.668398875460014724e-12 5.771622680019844429e-12 6.165862862321861101e-12 -4.586282429072027502e-13 6.966924451033220184e-12 1.487601266797283985e-11 3.200741516694843009e-11
