1.297374197720250003e-08 3.427708741162278941e-10 -2.157920912432476430e-09 1.207863508563707910e-09 -1.061285488092261030e-10 4.050347672498964990e-10 4.990217611168151971e-10 3.998459384248272336e-10 4.078465599520782966e-10 -2.938138091733192050e-11 2.583748065557095037e-10 1.322156393348251664e-10 2.243872983928975732e-10 1.729711976003258491e-10 2.887246366757073634e-11 -4.083666576721777806e-11 -4.135409490161205863e-11 -4.703340793617261871e-11 1.788492667827318913e-12 -6.172640327974577617e-11
3.427708741162278941e-10 8.111233849648552368e-09 6.339082915063831307e-10 -7.260385331685998112e-11 1.155590777493366645e-10 8.165236895863591702e-11 4.948920359768076608e-10 -1.442684681853350935e-10 -5.455890709530445367e-11 -2.233077163960491680e-10 7.366862717307621304e-12 -2.754401179415689546e-10 1.072225124755806124e-10 3.920856814839866412e-11 1.260067090920680906e-10 2.251452229037568712e-11 -1.225519138730761782e-10 1.818882873415415806e-11 -2.814276563845825638e-11 -5.578963315153858042e-11
-2.157920912432476430e-09 6.339082915063831307e-10 7.945926319141434322e-09 -5.570909300298914051e-10 9.261840329718114126e-11 -5.888084267082216131e-10 1.622791428443372398e-11 -9.222663462287170248e-11 -6.364687034646253933e-10 -1.670390773345625847e-11 -2.073866856367909194e-10 1.462611933292854844e-10 1.533380162211949223e-10 7.341154457540488456e-11 1.114810477791239935e-10 -8.812884752854514407e-11 -5.969373375636568602e-11 6.189345370012472888e-11 -8.798967177486211291e-12 3.809722063516885304e-12
1.207863508563707910e-09 -7.260385331685998112e-11 -5.570909300298914051e-10 4.742491237767010189e-09 -1.028478159959540189e-10 -2.928285731585392799e-10 1.967709860548522043e-10 -1.632962445592291509e-10 1.249593338723878394e-10 1.021242968483326066e-10 8.454464115099305473e-11 1.750167244997858374e-10 -2.057609473998979916e-10 -5.231753367901905615e-11 -1.562727385009856450e-10 -7.482652495438754747e-11 2.465975593801368280e-11 1.707670037605461968e-11 9.515750288417502721e-11 7.253085403538494722e-11
-1.061285488092261030e-10 1.155590777493366645e-10 9.261840329718114126e-11 -1.028478159959540189e-10 3.521883466844403355e-09 2.719950184805318078e-10 3.919960895566397172e-10 1.923885173233121092e-10 -2.281288925720705621e-10 1.592764613748231789e-10 2.637646347098899319e-11 -6.662724600241790727e-11 6.158882814978568384e-11 -3.684609416611733932e-12 -2.699562045918580909e-11 1.795778908190936154e-11 -4.216801691857068026e-11 -5.709388956178981630e-11 -2.329711353209259220e-11 1.345012236085162085e-10
4.050347672498964990e-10 8.165236895863591702e-11 -5.888084267082216131e-10 -2.928285731585392799e-10 2.719950184805318078e-10 1.703717060451483781e-09 4.709890176198530280e-11 2.378152084381402890e-10 -2.673556213506268855e-12 1.404971210371315609e-10 2.101326766678692416e-11 -1.181034604833073034e-10 1.953785298627948986e-11 -9.923683440678987920e-11 -8.487219079229998058e-11 -2.425525045578893499e-11 -6.049918985218742131e-11 -4.861103179906535229e-11 3.961945185839179884e-11 1.128604237286587523e-11
4.990217611168151971e-10 4.948920359768076608e-10 1.622791428443372398e-11 1.967709860548522043e-10 3.919960895566397172e-10 4.709890176198530280e-11 1.209488056927197080e-09 3.238041323423182435e-11 -5.850481513658178704e-11 8.190378462522179996e-11 1.238987931077650913e-10 5.983870102258359789e-11 5.928179990013022565e-11 1.363659841716733471e-10 6.000590715125062509e-11 1.353925461153562753e-10 7.618621785895682481e-11 8.132770615228687087e-11 3.902679421429738790e-11 5.855980908271696476e-11
3.998459384248272336e-10 -1.442684681853350935e-10 -9.222663462287170248e-11 -1.632962445592291509e-10 1.923885173233121092e-10 2.378152084381402890e-10 3.238041323423182435e-11 8.815419962261103139e-10 1.238975036810767346e-11 1.053916126176178527e-10 -2.247455755550567549e-11 -3.086024515738440362e-12 -4.945093618552221190e-11 -3.451353753497323724e-11 -4.551860879888774557e-11 -8.218100252975262795e-11 -7.966692997848060525e-11 -2.473063523423432992e-11 -4.378489526823253073e-12 5.504686364558446188e-12
4.078465599520782966e-10 -5.455890709530445367e-11 -6.364687034646253933e-10 1.249593338723878394e-10 -2.281288925720705621e-10 -2.673556213506268855e-12 -5.850481513658178704e-11 1.238975036810767346e-11 6.241724453655655029e-10 1.126950511618199493e-10 5.771472643465547002e-11 7.310729918763509584e-11 8.252569772621154690e-12 1.535011478138303597e-11 -1.090828248296186367e-12 4.640133062266792351e-11 2.848738523224290524e-11 9.903283444259203130e-12 2.640346375207337506e-11 6.405241476641180378e-13
-2.938138091733192050e-11 -2.233077163960491680e-10 -1.670390773345625847e-11 1.021242968483326066e-10 1.592764613748231789e-10 1.404971210371315609e-10 8.190378462522179996e-11 1.053916126176178527e-10 1.126950511618199493e-10 3.311960544593917759e-10 9.437858373003271270e-11 7.968534691229500316e-11 2.685947771888638854e-11 4.701749589873607610e-11 1.741259745890669601e-11 5.070008765371579281e-11 8.438714300626781321e-12 -6.469705812644066662e-12 8.154534592856380402e-12 2.292562646076749313e-11
2.583748065557095037e-10 7.366862717307621304e-12 -2.073866856367909194e-10 8.454464115099305473e-11 2.637646347098899319e-11 2.101326766678692416e-11 1.238987931077650913e-10 -2.247455755550567549e-11 5.771472643465547002e-11 9.437858373003271270e-11 3.127832782624735301e-10 5.308418635571391217e-11 1.349042026457979695e-11 3.577351778743673357e-12 9.300550692613281156e-12 5.970771085096827461e-11 4.526197944288695542e-11 4.186747249426693209e-11 3.364571827931670580e-11 4.533026662033546525e-11
1.322156393348251664e-10 -2.754401179415689546e-10 1.462611933292854844e-10 1.750167244997858374e-10 -6.662724600241790727e-11 -1.181034604833073034e-10 5.983870102258359789e-11 -3.086024515738440362e-12 7.310729918763509584e-11 7.968534691229500316e-11 5.308418635571391217e-11 3.196085982577210707e-10 1.120832964697737626e-10 7.360069815049013091e-11 5.189931995139608034e-11 3.533210591343425310e-11 3.113081724379424391e-12 -1.155146557434064832e-12 1.766825751312497278e-11 1.585402498313377034e-11
2.243872983928975732e-10 1.072225124755806124e-10 1.533380162211949223e-10 -2.057609473998979916e-10 6.158882814978568384e-11 1.953785298627948986e-11 5.928179990013022565e-11 -4.945093618552221190e-11 8.252569772621154690e-12 2.685947771888638854e-11 1.349042026457979695e-11 1.120832964697737626e-10 2.064386174271424293e-10 7.991435846330726719e-11 6.863946056929524991e-11 5.076823161309712845e-11 1.967960807255568219e-11 1.614470655311511998e-11 1.405494972999969878e-11 -5.461121445728135675e-12
1.729711976003258491e-10 3.920856814839866412e-11 7.341154457540488456e-11 -5.231753367901905615e-11 -3.684609416611733932e-12 -9.923683440678987920e-11 1.363659841716733471e-10 -3.451353753497323724e-11 1.535011478138303597e-11 4.701749589873607610e-11 3.577351778743673357e-12 7.360069815049013091e-11 7.991435846330726719e-11 2.146750463046383398e-10 1.192756400695081331e-10 7.633132325750289266e-11 7.509890234491575775e-13 4.508321701975525095e-12 -4.054380341892953911e-13 -1.578938570555105599e-11
2.887246366757073634e-11 1.260067090920680906e-10 1.114810477791239935e-10 -1.562727385009856450e-10 -2.699562045918580909e-11 -8.487219079229998058e-11 6.000590715125062509e-11 -4.551860879888774557e-11 -1.090828248296186367e-12 1.741259745890669601e-11 9.300550692613281156e-12 5.189931995139608034e-11 6.863946056929524991e-11 1.192756400695081331e-10 1.725989469202627326e-10 9.253933545021800124e-11 1.857404606548290311e-11 2.660493208154636007e-12 -8.738621674603362388e-12 -1.892758808228112873e-11
-4.083666576721777806e-11 2.251452229037568712e-11 -8.812884752854514407e-11 -7.482652495438754747e-11 1.795778908190936154e-11 -2.425525045578893499e-11 1.353925461153562753e-10 -8.218100252975262795e-11 4.640133062266792351e-11 5.070008765371579281e-11 5.970771085096827461e-11 3.533210591343425310e-11 5.076823161309712845e-11 7.633132325750289266e-11 9.253933545021800124e-11 1.479610240387516235e-10 7.914506847862844397e-11 4.339706554458187090e-11 1.822016693942131049e-11 9.692627359704095765e-12
-4.135409490161205863e-11 -1.225519138730761782e-10 -5.969373375636568602e-11 2.465975593801368280e-11 -4.216801691857068026e-11 -6.049918985218742131e-11 7.618621785895682481e-11 -7.966692997848060525e-11 2.848738523224290524e-11 8.438714300626781321e-12 4.526197944288695542e-11 3.113081724379424391e-12 1.967960807255568219e-11 7.509890234491575775e-13 1.857404606548290311e-11 7.914506847862844397e-11 1.228842215423671995e-10 7.161053814064283039e-11 3.141228862308091195e-11 9.355447120583409718e-12
-4.703340793617261871e-11 1.818882873415415806e-11 6.189345370012472888e-11 1.707670037605461968e-11 -5.709388956178981630e-11 -4.861103179906535229e-11 8.132770615228687087e-11 -2.473063523423432992e-11 9.903283444259203130e-12 -6.469705812644066662e-12 4.186747249426693209e-11 -1.155146557434064832e-12 1.614470655311511998e-11 4.508321701975525095e-12 2.660493208154636007e-12 4.339706554458187090e-11 7.161053814064283039e-11 1.002058016512209512e-10 4.973162076496022631e-11 1.788412325995936544e-11
1.788492667827318913e-12 -2.814276563845825638e-11 -8.798967177486211291e-12 9.515750288417502721e-11 -2.329711353209259220e-11 3.961945185839179884e-11 3.902679421429738790e-11 -4.378489526823253073e-12 2.640346375207337506e-11 8.154534592856380402e-12 3.364571827931670580e-11 1.766825751312497278e-11 1.405494972999969878e-11 -4.054380341892953911e-13 -8.738621674603362388e-12 1.822016693942131049e-11 3.141228862308091195e-11 4.973162076496022631e-11 7.581789756814251288e-11 4.706418453535093236e-11
-6.172640327974577617e-11 -5.578963315153858042e-11 3.809722063516885304e-12 7.253085403538494722e-11 1.345012236085162085e-10 1.128604237286587523e-11 5.855980908271696476e-11 5.504686364558446188e-12 6.405241476641180378e-13 2.292562646076749313e-11 4.533026662033546525e-11 1.585402498313377034e-11 -5.461121445728135675e-12 -1.578938570555105599e-11 -1.892758808228112873e-11 9.692627359704095765e-12 9.355447120583409718e-12 1.788412325995936544e-11 4.706418453535093236e-11 7.954110408495895321e-11
