2.977588755830948275e-06 2.810953845443855461e-06 2.676038134268772799e-06 2.531181373685616514e-06 2.389261723217939352e-06 2.462289620564261750e-06 2.279122263608562143e-06 2.269884916167443153e-06 2.148297079015808102e-06 1.951086437907589532e-06 1.706427903121203405e-06 1.632392040240323744e-06 1.542410359866060309e-06 1.374919300167554216e-06 1.093473022874534798e-06 7.285748544102913750e-07 6.331892290729738238e-07 4.072773963108893698e-07 2.674744333285578193e-07 1.406048326976095195e-08
2.810953845443855461e-06 3.179753890124070267e-06 2.951297413259386744e-06 2.867781756767432799e-06 2.718956837683614196e-06 2.864420346669956429e-06 2.646722059817963283e-06 2.621864723250932961e-06 2.538364085894963758e-06 2.278768599256251411e-06 2.018545583255602883e-06 1.938982793261816755e-06 1.799879669539770857e-06 1.584522475702660557e-06 1.259817288981499663e-06 9.370833746951498095e-07 7.723289370323086324e-07 5.406087985099658231e-07 3.895453383225601191e-07 8.724089536971562395e-08
2.676038134268772799e-06 2.951297413259386744e-06 3.188655027239997977e-06 3.072126436858554246e-06 2.901418417451855733e-06 2.998054141536444305e-06 2.757736334123577196e-06 2.747300284073443806e-06 2.628393127331583177e-06 2.340900181729885775e-06 2.044671160860372529e-06 1.949794789902054936e-06 1.797098286402192255e-06 1.624063907159980473e-06 1.303724848229570321e-06 9.381126498664990364e-07 7.494457134755744741e-07 4.088929298268043591e-07 2.159252133477796857e-07 8.234786373438707778e-08
2.531181373685616514e-06 2.867781756767432799e-06 3.072126436858554246e-06 3.430953811534796388e-06 3.154072109275163258e-06 3.190695921670141687e-06 2.985092953662786098e-06 3.007562290464981292e-06 2.858201809750018990e-06 2.569413481489923861e-06 2.310116859445972141e-06 2.220435987851728207e-06 2.041608117106472651e-06 1.751753791735307277e-06 1.321408461038657155e-06 8.859802401736145104e-07 6.498584275790944911e-07 2.632527091182998621e-07 2.137410610551113294e-08 -1.378734398389123737e-07
2.389261723217939352e-06 2.718956837683614196e-06 2.901418417451855733e-06 3.154072109275163258e-06 3.271767896920512809e-06 3.317633694951943320e-06 3.062065201248904607e-06 3.048814032528575674e-06 2.852180658155197101e-06 2.549533915867366186e-06 2.291400587863173480e-06 2.167821725681477555e-06 1.963987372216273447e-06 1.698993035044365038e-06 1.228037861186806499e-06 8.229938727146707115e-07 5.910687930758248282e-07 2.090305004273131402e-07 3.490056295220609462e-09 -2.328660657742244962e-07
2.462289620564261750e-06 2.864420346669956429e-06 2.998054141536444305e-06 3.190695921670141687e-06 3.317633694951943320e-06 3.703129474730211160e-06 3.492526427670556448e-06 3.465097786152481483e-06 3.286964520021432982e-06 2.995877664478891100e-06 2.698013244392814513e-06 2.592157649376584006e-06 2.331624915284326625e-06 1.993777361265273579e-06 1.448451689229947173e-06 1.008521378283817027e-06 6.465252943086567232e-07 1.453516150836576820e-07 -1.354943278000967379e-07 -3.653086590858261290e-07
2.279122263608562143e-06 2.646722059817963283e-06 2.757736334123577196e-06 2.985092953662786098e-06 3.062065201248904607e-06 3.492526427670556448e-06 3.557235157454825733e-06 3.555970699562354953e-06 3.421211879828257570e-06 3.167601744253848510e-06 2.853082100184715568e-06 2.766009237937468764e-06 2.492629504709501003e-06 2.087786980971403152e-06 1.473186801497823300e-06 9.658823132675963859e-07 4.955691519915186368e-07 -3.174707671611144276e-08 -2.722672941397156162e-07 -4.195907061230661917e-07
2.269884916167443153e-06 2.621864723250932961e-06 2.747300284073443806e-06 3.007562290464981292e-06 3.048814032528575674e-06 3.465097786152481483e-06 3.555970699562354953e-06 3.836761622342965507e-06 3.733161444523980089e-06 3.448954312669946100e-06 3.120155632125026079e-06 3.070992830547561426e-06 2.795399077087282819e-06 2.390593585778426616e-06 1.719704680532128607e-06 1.133127292733196914e-06 6.155004734906570640e-07 -1.910081783478589773e-08 -2.971888990963168107e-07 -3.848849794729248038e-07
2.148297079015808102e-06 2.538364085894963758e-06 2.628393127331583177e-06 2.858201809750018990e-06 2.852180658155197101e-06 3.286964520021432982e-06 3.421211879828257570e-06 3.733161444523980089e-06 3.947898509364643792e-06 3.653681806472406075e-06 3.289900507351912839e-06 3.290118544187306926e-06 3.044747196564058235e-06 2.627362592102454004e-06 1.965891779137268073e-06 1.312471175893948064e-06 6.706312563198528432e-07 -1.788907993332660022e-08 -2.716036819825792711e-07 -2.878579811126076501e-07
1.951086437907589532e-06 2.278768599256251411e-06 2.340900181729885775e-06 2.569413481489923861e-06 2.549533915867366186e-06 2.995877664478891100e-06 3.167601744253848510e-06 3.448954312669946100e-06 3.653681806472406075e-06 3.635052645907373240e-06 3.337346924943840947e-06 3.351975059619876180e-06 3.139896561419288844e-06 2.725055411522865498e-06 2.113042828686369288e-06 1.505562974870863562e-06 8.436134774158207904e-07 1.226990477849007157e-07 -1.558215208014114448e-07 -1.396689984175021402e-07
1.706427903121203405e-06 2.018545583255602883e-06 2.044671160860372529e-06 2.310116859445972141e-06 2.291400587863173480e-06 2.698013244392814513e-06 2.853082100184715568e-06 3.120155632125026079e-06 3.289900507351912839e-06 3.337346924943840947e-06 3.319164130582322899e-06 3.388330346582533349e-06 3.207504047982421593e-06 2.822851069877184318e-06 2.263149465740630949e-06 1.711182935108707209e-06 1.012054127246517241e-06 2.747527394298975746e-07 -2.724352910879493110e-08 -6.797139469161322112e-08
1.632392040240323744e-06 1.938982793261816755e-06 1.949794789902054936e-06 2.220435987851728207e-06 2.167821725681477555e-06 2.592157649376584006e-06 2.766009237937468764e-06 3.070992830547561426e-06 3.290118544187306926e-06 3.351975059619876180e-06 3.388330346582533349e-06 3.685766260708650145e-06 3.567133567084580490e-06 3.204950479655762167e-06 2.629455540498932538e-06 2.011170976874561593e-06 1.186237292442299995e-06 2.982302983255510915e-07 -4.749928431894017980e-09 -7.438714005226842583e-08
1.542410359866060309e-06 1.799879669539770857e-06 1.797098286402192255e-06 2.041608117106472651e-06 1.963987372216273447e-06 2.331624915284326625e-06 2.492629504709501003e-06 2.795399077087282819e-06 3.044747196564058235e-06 3.139896561419288844e-06 3.207504047982421593e-06 3.567133567084580490e-06 3.674355255234012255e-06 3.405528442000789317e-06 2.859600490900216863e-06 2.178136132980737673e-06 1.321118116945536323e-06 3.586938221934626281e-07 4.756702936740473403e-08 -1.793231584618536426e-08
1.374919300167554216e-06 1.584522475702660557e-06 1.624063907159980473e-06 1.751753791735307277e-06 1.698993035044365038e-06 1.993777361265273579e-06 2.087786980971403152e-06 2.390593585778426616e-06 2.627362592102454004e-06 2.725055411522865498e-06 2.822851069877184318e-06 3.204950479655762167e-06 3.405528442000789317e-06 3.479390291813604924e-06 3.089732673939151250e-06 2.471163006148188420e-06 1.688269440278896711e-06 7.239757970237524469e-07 3.628774070759300400e-07 1.643024895875573590e-07
1.093473022874534798e-06 1.259817288981499663e-06 1.303724848229570321e-06 1.321408461038657155e-06 1.228037861186806499e-06 1.448451689229947173e-06 1.473186801497823300e-06 1.719704680532128607e-06 1.965891779137268073e-06 2.113042828686369288e-06 2.263149465740630949e-06 2.629455540498932538e-06 2.859600490900216863e-06 3.089732673939151250e-06 3.123373598658081679e-06 2.748774032304727810e-06 2.098999035310606699e-06 1.176161153744653417e-06 6.880231280456794882e-07 3.398878109268508784e-07
7.285748544102913750e-07 9.370833746951498095e-07 9.381126498664990364e-07 8.859802401736145104e-07 8.229938727146707115e-07 1.008521378283817027e-06 9.658823132675963859e-07 1.133127292733196914e-06 1.312471175893948064e-06 1.505562974870863562e-06 1.711182935108707209e-06 2.011170976874561593e-06 2.178136132980737673e-06 2.471163006148188420e-06 2.748774032304727810e-06 2.847362107404826183e-06 2.476800190703551705e-06 1.705204516481026907e-06 1.093394637957669755e-06 5.341165706556483603e-07
6.331892290729738238e-07 7.723289370323086324e-07 7.494457134755744741e-07 6.498584275790944911e-07 5.910687930758248282e-07 6.465252943086567232e-07 4.955691519915186368e-07 6.155004734906570640e-07 6.706312563198528432e-07 8.436134774158207904e-07 1.012054127246517241e-06 1.186237292442299995e-06 1.321118116945536323e-06 1.688269440278896711e-06 2.098999035310606699e-06 2.476800190703551705e-06 2.788604965283667503e-06 2.315471310357722350e-06 1.541262666137477743e-06 7.018272999919488772e-07
4.072773963108893698e-07 5.406087985099658231e-07 4.088929298268043591e-07 2.632527091182998621e-07 2.090305004273131402e-07 1.453516150836576820e-07 -3.174707671611144276e-08 -1.910081783478589773e-08 -1.788907993332660022e-08 1.226990477849007157e-07 2.747527394298975746e-07 2.982302983255510915e-07 3.586938221934626281e-07 7.239757970237524469e-07 1.176161153744653417e-06 1.705204516481026907e-06 2.315471310357722350e-06 2.507392981934071692e-06 1.956762292752457122e-06 1.032104834016279970e-06
2.674744333285578193e-07 3.895453383225601191e-07 2.159252133477796857e-07 2.137410610551113294e-08 3.490056295220609462e-09 -1.354943278000967379e-07 -2.722672941397156162e-07 -2.971888990963168107e-07 -2.716036819825792711e-07 -1.558215208014114448e-07 -2.724352910879493110e-08 -4.749928431894017980e-09 4.756702936740473403e-08 3.628774070759300400e-07 6.880231280456794882e-07 1.093394637957669755e-06 1.541262666137477743e-06 1.956762292752457122e-06 2.066901077774014103e-06 1.492542564955775176e-06
1.406048326976095195e-08 8.724089536971562395e-08 8.234786373438707778e-08 -1.378734398389123737e-07 -2.328660657742244962e-07 -3.653086590858261290e-07 -4.195907061230661917e-07 -3.848849794729248038e-07 -2.878579811126076501e-07 -1.396689984175021402e-07 -6.797139469161322112e-08 -7.438714005226842583e-08 -1.793231584618536426e-08 1.643024895875573590e-07 3.398878109268508784e-07 5.341165706556483603e-07 7.018272999919488772e-07 1.032104834016279970e-06 1.492542564955775176e-06 2.153457318781067054e-06
