6.048270511549084491e-05 3.994546326036740218e-05 3.203335519406049392e-05 3.056369442890515871e-05 2.903500809369638334e-05 2.932690961341251901e-05 2.953055312179898024e-05 2.699249958870622145e-05 2.688321461913211442e-05 2.741440370533577810e-05 2.641033579866949638e-05 2.374214083419033908e-05 2.268322202951013333e-05 2.130251455114944766e-05 1.949279727763355367e-05 1.883524929198346102e-05 1.579376178993322413e-05 1.133149905280242163e-05 7.381917469864749647e-06 3.543275452374909403e-06
3.994546326036740218e-05 5.830595463433546741e-05 3.687283153458737736e-05 3.729914717020496064e-05 3.410368061088341627e-05 3.551382173371363661e-05 3.351253389317888719e-05 3.245187945089565083e-05 3.214679036332220724e-05 3.140421531541103515e-05 2.972756876658854663e-05 2.724953090579764958e-05 2.571926451639432518e-05 2.482675327117009909e-05 2.280177628738343573e-05 2.004520918702442793e-05 1.666874617509725936e-05 1.133765523640350249e-05 6.417160144923961747e-06 1.155661516085374522e-06
3.203335519406049392e-05 3.687283153458737736e-05 4.670641359614043927e-05 3.418620752972692479e-05 3.224812052984528030e-05 3.041608705790490308e-05 3.164296474645585865e-05 2.925604353852033921e-05 2.952613213303525826e-05 2.815486249310013517e-05 2.788205363876267693e-05 2.571562661803525489e-05 2.436631453492028220e-05 2.395347588953742501e-05 2.196052500847379480e-05 2.019116049563505900e-05 1.683211514457039288e-05 1.178971000920068091e-05 8.642215663915817729e-06 5.429762750038882902e-06
3.056369442890515871e-05 3.729914717020496064e-05 3.418620752972692479e-05 3.979750639983655234e-05 3.165446733199729076e-05 3.028515141167121790e-05 3.116262109793557859e-05 2.934782200106998961e-05 2.818049869310018286e-05 2.756548260789403129e-05 2.682086337609704654e-05 2.416455783625598246e-05 2.303936943971945180e-05 2.241398707115516229e-05 2.091589158871107263e-05 1.906654980865488580e-05 1.612328128908653761e-05 1.153858533614281156e-05 8.006986669795815810e-06 4.666336111635218729e-06
2.903500809369638334e-05 3.410368061088341627e-05 3.224812052984528030e-05 3.165446733199729076e-05 3.551217369464106240e-05 2.908589219506249601e-05 2.940175084463146672e-05 2.834504430137940910e-05 2.761677329159035931e-05 2.686935444232269022e-05 2.580327475381676775e-05 2.376057264160288433e-05 2.267102458909933199e-05 2.170159391567545365e-05 1.980095174995370998e-05 1.725685365548129007e-05 1.363879175286480742e-05 9.088645096682450850e-06 5.677159047535295844e-06 2.895049661563245425e-06
2.932690961341251901e-05 3.551382173371363661e-05 3.041608705790490308e-05 3.028515141167121790e-05 2.908589219506249601e-05 3.358113607447445832e-05 3.081917200573326926e-05 2.908248479645622817e-05 2.872687248431510040e-05 2.818084074757649585e-05 2.736567158297539828e-05 2.513730116091213320e-05 2.393594373586691680e-05 2.294832593799133656e-05 2.153907887808837517e-05 1.899599254337490912e-05 1.586803853760886579e-05 1.125968615388241353e-05 7.287165836861104315e-06 3.044706921385129634e-06
2.953055312179898024e-05 3.351253389317888719e-05 3.164296474645585865e-05 3.116262109793557859e-05 2.940175084463146672e-05 3.081917200573326926e-05 3.312437248249146200e-05 2.961672871607540637e-05 2.929043491536573748e-05 2.844320108766291771e-05 2.765469117146922317e-05 2.541319978190595256e-05 2.440291532282472131e-05 2.350668393936498654e-05 2.167290224740244976e-05 1.939651895056589175e-05 1.594956614967027545e-05 1.132015409569730259e-05 7.521295666615620626e-06 3.682639823306886224e-06
2.699249958870622145e-05 3.245187945089565083e-05 2.925604353852033921e-05 2.934782200106998961e-05 2.834504430137940910e-05 2.908248479645622817e-05 2.961672871607540637e-05 3.021932223933659689e-05 2.868181232199581396e-05 2.788765994748570003e-05 2.698815820027791341e-05 2.490270344837105235e-05 2.366539226789001949e-05 2.268167458797678936e-05 2.088176554802257987e-05 1.821227471199385293e-05 1.469885285597039628e-05 1.023466921254968811e-05 6.505420342054733468e-06 2.591278191922073981e-06
2.688321461913211442e-05 3.214679036332220724e-05 2.952613213303525826e-05 2.818049869310018286e-05 2.761677329159035931e-05 2.872687248431510040e-05 2.929043491536573748e-05 2.868181232199581396e-05 2.959286511194356273e-05 2.768974717179138913e-05 2.682908707584031951e-05 2.501823717535429386e-05 2.359669344320592874e-05 2.267455421723848803e-05 2.101758452910954534e-05 1.832341200735452036e-05 1.472958102793390154e-05 1.020475928470076413e-05 6.633962829645670430e-06 2.898844266304509138e-06
2.741440370533577810e-05 3.140421531541103515e-05 2.815486249310013517e-05 2.756548260789403129e-05 2.686935444232269022e-05 2.818084074757649585e-05 2.844320108766291771e-05 2.788765994748570003e-05 2.768974717179138913e-05 2.813919451024067729e-05 2.675366829562003833e-05 2.494254104252806328e-05 2.387054882992871527e-05 2.290065992984089427e-05 2.110303630512106737e-05 1.863894126701980898e-05 1.503111352489198192e-05 1.050040720162236386e-05 6.671132718586746348e-06 2.610938530372883882e-06
2.641033579866949638e-05 2.972756876658854663e-05 2.788205363876267693e-05 2.682086337609704654e-05 2.580327475381676775e-05 2.736567158297539828e-05 2.765469117146922317e-05 2.698815820027791341e-05 2.682908707584031951e-05 2.675366829562003833e-05 2.700279398225864620e-05 2.518796853181997909e-05 2.393798931395530648e-05 2.307363372625648008e-05 2.137581167425675195e-05 1.889287698208646314e-05 1.520027499249566663e-05 1.055619281243936998e-05 6.934810026855785153e-06 3.074693613020402048e-06
2.374214083419033908e-05 2.724953090579764958e-05 2.571562661803525489e-05 2.416455783625598246e-05 2.376057264160288433e-05 2.513730116091213320e-05 2.541319978190595256e-05 2.490270344837105235e-05 2.501823717535429386e-05 2.494254104252806328e-05 2.518796853181997909e-05 2.454541956587985146e-05 2.314884525261646085e-05 2.237526803434588651e-05 2.086739514775631124e-05 1.839600325227386531e-05 1.458601992578557387e-05 1.003332386839588447e-05 6.562842528091268840e-06 2.936460557602713633e-06
2.268322202951013333e-05 2.571926451639432518e-05 2.436631453492028220e-05 2.303936943971945180e-05 2.267102458909933199e-05 2.393594373586691680e-05 2.440291532282472131e-05 2.366539226789001949e-05 2.359669344320592874e-05 2.387054882992871527e-05 2.393798931395530648e-05 2.314884525261646085e-05 2.276324884059383378e-05 2.190929783880222873e-05 2.046091791290484868e-05 1.808690617999799885e-05 1.422743954771943244e-05 9.784953687032021811e-06 6.372492023676600543e-06 2.802571583208157930e-06
2.130251455114944766e-05 2.482675327117009909e-05 2.395347588953742501e-05 2.241398707115516229e-05 2.170159391567545365e-05 2.294832593799133656e-05 2.350668393936498654e-05 2.268167458797678936e-05 2.267455421723848803e-05 2.290065992984089427e-05 2.307363372625648008e-05 2.237526803434588651e-05 2.190929783880222873e-05 2.170772210085505672e-05 2.037605390903724067e-05 1.803868671570466869e-05 1.427243319669099896e-05 9.913440161905618110e-06 6.676386068239835692e-06 3.237977124878881582e-06
1.949279727763355367e-05 2.280177628738343573e-05 2.196052500847379480e-05 2.091589158871107263e-05 1.980095174995370998e-05 2.153907887808837517e-05 2.167290224740244976e-05 2.088176554802257987e-05 2.101758452910954534e-05 2.110303630512106737e-05 2.137581167425675195e-05 2.086739514775631124e-05 2.046091791290484868e-05 2.037605390903724067e-05 2.004614294322390537e-05 1.776689694013787368e-05 1.413610708098311675e-05 9.912114712609048389e-06 6.725987621188492303e-06 3.396014587488678980e-06
1.883524929198346102e-05 2.004520918702442793e-05 2.019116049563505900e-05 1.906654980865488580e-05 1.725685365548129007e-05 1.899599254337490912e-05 1.939651895056589175e-05 1.821227471199385293e-05 1.832341200735452036e-05 1.863894126701980898e-05 1.889287698208646314e-05 1.839600325227386531e-05 1.808690617999799885e-05 1.803868671570466869e-05 1.776689694013787368e-05 1.673413596288980410e-05 1.382593971762742020e-05 1.016476356715105239e-05 7.254174867500695925e-06 4.143122148481180426e-06
1.579376178993322413e-05 1.666874617509725936e-05 1.683211514457039288e-05 1.612328128908653761e-05 1.363879175286480742e-05 1.586803853760886579e-05 1.594956614967027545e-05 1.469885285597039628e-05 1.472958102793390154e-05 1.503111352489198192e-05 1.520027499249566663e-05 1.458601992578557387e-05 1.422743954771943244e-05 1.427243319669099896e-05 1.413610708098311675e-05 1.382593971762742020e-05 1.238696348700412796e-05 9.701628962367550704e-06 7.369376534003909815e-06 4.617714211971223909e-06
1.133149905280242163e-05 1.133765523640350249e-05 1.178971000920068091e-05 1.153858533614281156e-05 9.088645096682450850e-06 1.125968615388241353e-05 1.132015409569730259e-05 1.023466921254968811e-05 1.020475928470076413e-05 1.050040720162236386e-05 1.055619281243936998e-05 1.003332386839588447e-05 9.784953687032021811e-06 9.913440161905618110e-06 9.912114712609048389e-06 1.016476356715105239e-05 9.701628962367550704e-06 8.457285379762375302e-06 6.991838521113619300e-06 4.853702502241839529e-06
7.381917469864749647e-06 6.417160144923961747e-06 8.642215663915817729e-06 8.006986669795815810e-06 5.677159047535295844e-06 7.287165836861104315e-06 7.521295666615620626e-06 6.505420342054733468e-06 6.633962829645670430e-06 6.671132718586746348e-06 6.934810026855785153e-06 6.562842528091268840e-06 6.372492023676600543e-06 6.676386068239835692e-06 6.725987621188492303e-06 7.254174867500695925e-06 7.369376534003909815e-06 6.991838521113619300e-06 7.024161039832094923e-06 5.975285156593571186e-06
3.543275452374909403e-06 1.155661516085374522e-06 5.429762750038882902e-06 4.666336111635218729e-06 2.895049661563245425e-06 3.044706921385129634e-06 3.682639823306886224e-06 2.591278191922073981e-06 2.898844266304509138e-06 2.610938530372883882e-06 3.074693613020402048e-06 2.936460557602713633e-06 2.802571583208157930e-06 3.237977124878881582e-06 3.396014587488678980e-06 4.143122148481180426e-06 4.617714211971223909e-06 4.853702502241839529e-06 5.975285156593571186e-06 6.781613673009249969e-06
