1.226365419711691371e-08 3.093114387304352797e-10 -2.060246358810763376e-09 1.145025715682304234e-09 -8.802202062198923316e-11 3.845028412516491725e-10 4.727218331334287971e-10 3.805864688838667095e-10 3.891859037269508235e-10 -3.599778456556473520e-11 2.480174734132744997e-10 1.202962621332967837e-10 2.135785092359447260e-10 1.636544109028777437e-10 2.346334741270945148e-11 -4.408619384885491524e-11 -4.257133573601727935e-11 -4.548963022266629573e-11 -4.111421593875908638e-13 -6.120081461090826767e-11
3.093114387304352797e-10 7.784660385672742929e-09 6.521357061236212370e-10 -8.338382384411233138e-11 1.254553558135433634e-10 7.856834742113407919e-11 4.687970707429609610e-10 -1.409320772430173163e-10 -6.174637236328965306e-11 -2.237063595518370479e-10 3.882279173900946993e-12 -2.751522092791267759e-10 1.054409793536234240e-10 3.636594018256499255e-11 1.224882038018796763e-10 2.159885334415891632e-11 -1.219327604697626969e-10 1.911863039414669098e-11 -2.736110298771188942e-11 -5.514315171000635533e-11
-2.060246358810763376e-09 6.521357061236212370e-10 7.694854142065319021e-09 -5.456130981309982236e-10 1.112754222664318214e-10 -5.608464858987148179e-10 1.784016534527033963e-11 -8.459240770974717899e-11 -6.241625720260784243e-10 -1.507253827132629554e-11 -2.006687759736354093e-10 1.389405486999179643e-10 1.534158566405953792e-10 7.111870053172300189e-11 1.095077259378377623e-10 -8.525326042526704406e-11 -5.831550417367034478e-11 6.156378382282591835e-11 -8.355902557163581839e-12 5.088573318375563542e-12
1.145025715682304234e-09 -8.338382384411233138e-11 -5.456130981309982236e-10 4.608383074390835154e-09 -1.004021174577597067e-10 -2.874261475287379723e-10 1.826011893287119881e-10 -1.650715173914205686e-10 1.181550016334676684e-10 9.574511375882233753e-11 8.190126937283664127e-11 1.690744099332475233e-10 -2.050154841550823648e-10 -5.584430757126182923e-11 -1.573575788796460399e-10 -7.507193772304606247e-11 2.472798802081144415e-11 1.871730725653986034e-11 9.571979497270173244e-11 7.428751890881494902e-11
-8.802202062198923316e-11 1.254553558135433634e-10 1.112754222664318214e-10 -1.004021174577597067e-10 3.453760006714193882e-09 2.704801794598821373e-10 3.853479214651711190e-10 1.937485461254558248e-10 -2.240120338925694092e-10 1.584552575696488730e-10 2.771208784543337382e-11 -6.640657467381326816e-11 6.160323931874321954e-11 -5.202677632234425554e-12 -2.763126149814848585e-11 1.761416213055844910e-11 -4.134612970312772809e-11 -5.552044229546365041e-11 -2.314516025205090875e-11 1.332477427572414132e-10
3.845028412516491725e-10 7.856834742113407919e-11 -5.608464858987148179e-10 -2.874261475287379723e-10 2.704801794598821373e-10 1.675157543592349070e-09 4.542764258524483743e-11 2.364599874649741479e-10 -4.372037721341891805e-12 1.388277305951467009e-10 2.114808904264226366e-11 -1.183506640552460287e-10 1.893119553810318451e-11 -1.010189692058448485e-10 -8.631959613683405705e-11 -2.522467390019158402e-11 -5.992867944909780964e-11 -4.709242107713019526e-11 4.035289159070927886e-11 1.119458097428138796e-11
4.727218331334287971e-10 4.687970707429609610e-10 1.784016534527033963e-11 1.826011893287119881e-10 3.853479214651711190e-10 4.542764258524483743e-11 1.187722251314680750e-09 3.035907799083166255e-11 -6.206595806718070602e-11 7.835160847620534910e-11 1.214318946324952888e-10 5.690848925311625347e-11 5.839918928135455461e-11 1.338522514509510518e-10 5.814735536184749554e-11 1.333160904191357151e-10 7.524703568668247289e-11 8.094896509903522564e-11 3.933226718307353720e-11 5.883348956117769011e-11
3.805864688838667095e-10 -1.409320772430173163e-10 -8.459240770974717899e-11 -1.650715173914205686e-10 1.937485461254558248e-10 2.364599874649741479e-10 3.035907799083166255e-11 8.733024370830981018e-10 1.031759730111190405e-11 1.037355477489315529e-10 -2.245145534697808857e-11 -4.925822734557094614e-12 -4.951660807195648737e-11 -3.591768942768291213e-11 -4.651114022407548773e-11 -8.249907790829841838e-11 -7.933886221368655941e-11 -2.439292808620662077e-11 -4.191220150819634683e-12 5.382238704143442960e-12
3.891859037269508235e-10 -6.174637236328965306e-11 -6.241625720260784243e-10 1.181550016334676684e-10 -2.240120338925694092e-10 -4.372037721341891805e-12 -6.206595806718070602e-11 1.031759730111190405e-11 6.176940369927880569e-10 1.101965142461169240e-10 5.655043732102128789e-11 7.135759960720922494e-11 8.105917716153437197e-12 1.429960081191229973e-11 -1.850531187968170162e-12 4.565685956144071439e-11 2.808616312744333738e-11 9.981731692743023611e-12 2.644681955254328386e-11 8.882285015308065588e-13
-3.599778456556473520e-11 -2.237063595518370479e-10 -1.507253827132629554e-11 9.574511375882233753e-11 1.584552575696488730e-10 1.388277305951467009e-10 7.835160847620534910e-11 1.037355477489315529e-10 1.101965142461169240e-10 3.282049442844895130e-10 9.349429525747204653e-11 7.789666559371478263e-11 2.655844820998224030e-11 4.617063169331201221e-11 1.691644811262666284e-11 5.012800337165092745e-11 7.997877781113095931e-12 -6.493093564509075688e-12 8.133291644646406816e-12 2.307276293899238570e-11
2.480174734132744997e-10 3.882279173900946993e-12 -2.006687759736354093e-10 8.190126937283664127e-11 2.771208784543337382e-11 2.114808904264226366e-11 1.214318946324952888e-10 -2.245145534697808857e-11 5.655043732102128789e-11 9.349429525747204653e-11 3.119865883195571330e-10 5.242488488427145536e-11 1.365798599496208249e-11 3.262698510425881945e-12 9.288664997140923907e-12 5.964792918315923827e-11 4.479454803824259825e-11 4.130294517414444348e-11 3.339387293054736988e-11 4.573370204826331781e-11
1.202962621332967837e-10 -2.751522092791267759e-10 1.389405486999179643e-10 1.690744099332475233e-10 -6.640657467381326816e-11 -1.183506640552460287e-10 5.690848925311625347e-11 -4.925822734557094614e-12 7.135759960720922494e-11 7.789666559371478263e-11 5.242488488427145536e-11 3.186249421510701185e-10 1.120556939269514549e-10 7.337968424573822960e-11 5.186586546664751430e-11 3.541577865955930306e-11 3.033515484210493346e-12 -1.163913971960713770e-12 1.770887619435931666e-11 1.615394006825569049e-11
2.135785092359447260e-10 1.054409793536234240e-10 1.534158566405953792e-10 -2.050154841550823648e-10 6.160323931874321954e-11 1.893119553810318451e-11 5.839918928135455461e-11 -4.951660807195648737e-11 8.105917716153437197e-12 2.655844820998224030e-11 1.365798599496208249e-11 1.120556939269514549e-10 2.070645273821960776e-10 8.012313042356106475e-11 6.891131225847303479e-11 5.105353683077611453e-11 1.986752771268968664e-11 1.649496821762969849e-11 1.417648458117227028e-11 -5.495777258122579857e-12
1.636544109028777437e-10 3.636594018256499255e-11 7.111870053172300189e-11 -5.584430757126182923e-11 -5.202677632234425554e-12 -1.010189692058448485e-10 1.338522514509510518e-10 -3.591768942768291213e-11 1.429960081191229973e-11 4.617063169331201221e-11 3.262698510425881945e-12 7.337968424573822960e-11 8.012313042356106475e-11 2.155878799462762409e-10 1.197411764569940226e-10 7.676822291644070771e-11 8.236386321891054901e-13 4.584685605241473381e-12 -5.374087641752614919e-13 -1.578429438809927508e-11
2.346334741270945148e-11 1.224882038018796763e-10 1.095077259378377623e-10 -1.573575788796460399e-10 -2.763126149814848585e-11 -8.631959613683405705e-11 5.814735536184749554e-11 -4.651114022407548773e-11 -1.850531187968170162e-12 1.691644811262666284e-11 9.288664997140923907e-12 5.186586546664751430e-11 6.891131225847303479e-11 1.197411764569940226e-10 1.733403937835648846e-10 9.322462566349867185e-11 1.877765099458714963e-11 2.832610456073223308e-12 -8.877380301824591659e-12 -1.889745219388827596e-11
-4.408619384885491524e-11 2.159885334415891632e-11 -8.525326042526704406e-11 -7.507193772304606247e-11 1.761416213055844910e-11 -2.522467390019158402e-11 1.333160904191357151e-10 -8.249907790829841838e-11 4.565685956144071439e-11 5.012800337165092745e-11 5.964792918315923827e-11 3.541577865955930306e-11 5.105353683077611453e-11 7.676822291644070771e-11 9.322462566349867185e-11 1.486623927692585226e-10 7.927167910624684660e-11 4.332824634353991126e-11 1.801400145515693051e-11 9.981531386258631085e-12
-4.257133573601727935e-11 -1.219327604697626969e-10 -5.831550417367034478e-11 2.472798802081144415e-11 -4.134612970312772809e-11 -5.992867944909780964e-11 7.524703568668247289e-11 -7.933886221368655941e-11 2.808616312744333738e-11 7.997877781113095931e-12 4.479454803824259825e-11 3.033515484210493346e-12 1.986752771268968664e-11 8.236386321891054901e-13 1.877765099458714963e-11 7.927167910624684660e-11 1.225451975636842374e-10 7.115581854089087504e-11 3.123743129132394212e-11 9.728248934535372633e-12
-4.548963022266629573e-11 1.911863039414669098e-11 6.156378382282591835e-11 1.871730725653986034e-11 -5.552044229546365041e-11 -4.709242107713019526e-11 8.094896509903522564e-11 -2.439292808620662077e-11 9.981731692743023611e-12 -6.493093564509075688e-12 4.130294517414444348e-11 -1.163913971960713770e-12 1.649496821762969849e-11 4.584685605241473381e-12 2.832610456073223308e-12 4.332824634353991126e-11 7.115581854089087504e-11 9.950513153232252003e-11 4.959665895576365943e-11 1.824822658196662470e-11
-4.111421593875908638e-13 -2.736110298771188942e-11 -8.355902557163581839e-12 9.571979497270173244e-11 -2.314516025205090875e-11 4.035289159070927886e-11 3.933226718307353720e-11 -4.191220150819634683e-12 2.644681955254328386e-11 8.133291644646406816e-12 3.339387293054736988e-11 1.770887619435931666e-11 1.417648458117227028e-11 -5.374087641752614919e-13 -8.877380301824591659e-12 1.801400145515693051e-11 3.123743129132394212e-11 4.959665895576365943e-11 7.603197573987625249e-11 4.733317002741951295e-11
-6.120081461090826767e-11 -5.514315171000635533e-11 5.088573318375563542e-12 7.428751890881494902e-11 1.332477427572414132e-10 1.119458097428138796e-11 5.883348956117769011e-11 5.382238704143442960e-12 8.882285015308065588e-13 2.307276293899238570e-11 4.573370204826331781e-11 1.615394006825569049e-11 -5.495777258122579857e-12 -1.578429438809927508e-11 -1.889745219388827596e-11 9.981531386258631085e-12 9.728248934535372633e-12 1.824822658196662470e-11 4.733317002741951295e-11 7.989335660620620732e-11
