2.747105297036300404e-08 1.690394410937513469e-09 6.247966546011322080e-10 2.029328515650380852e-09 3.682461308297015975e-11 5.358506417833604787e-10 6.832533792003727273e-11 -1.969907172559136582e-10 2.316966673298290996e-11 4.912887116192477271e-10 -6.881170433691277749e-10 -6.850206073417660827e-11 -1.530310326441232053e-10 -2.089117210706666703e-10 1.572264937695062143e-10 -1.453685389850587411e-10 1.301919388501373682e-10 -9.717103866885324506e-11 2.338321029029876383e-11 -7.013522939454569573e-11
1.690394410937513469e-09 1.533805052064302935e-08 2.345413798326672497e-10 3.008068089577125735e-09 -2.059896237144143171e-11 6.915307888533604440e-11 -1.548759686694067527e-10 -3.747279278245453251e-10 1.593252192972241599e-10 1.911445031937447700e-10 -5.517431736621289114e-10 -2.756282743976457613e-10 2.653175741471693669e-10 -2.778728114946334817e-11 -1.566936575687535581e-10 -2.528921510177175362e-10 -3.340752176734139888e-11 -3.528249927877486694e-10 -2.620986046576055887e-10 -9.830246573283151988e-11
6.247966546011322080e-10 2.345413798326672497e-10 1.276038858142823972e-08 1.762441451368426407e-09 5.287728669837393908e-12 -1.162210801477706164e-09 3.939380885327820373e-10 2.410189292379746995e-10 7.458608859406957556e-11 2.634242828016343639e-10 -4.163197244251256879e-10 -7.427735316750035947e-12 -1.431788893055423868e-10 9.242941562608390182e-14 -1.250988178382323096e-10 1.223310647715311833e-10 -6.761551136331466275e-12 -4.507333916562479169e-11 2.823544750718277740e-11 4.589280902241142678e-11
2.029328515650380852e-09 3.008068089577125735e-09 1.762441451368426407e-09 9.041919299058238249e-09 9.567766729771550963e-10 -6.250241659461399097e-11 -5.198278508815002089e-10 -1.306513192529396318e-10 -2.645696904737516039e-11 1.050336356157263221e-11 -2.924343667550925381e-10 9.788908244914295299e-11 -9.406932066982860339e-11 8.984247044211380830e-11 -1.299790928707845782e-10 -1.963773306692468579e-10 -1.965974342783519923e-10 -2.817200758072179612e-10 -1.684357311311654996e-10 4.604239508795723234e-11
3.682461308297015975e-11 -2.059896237144143171e-11 5.287728669837393908e-12 9.567766729771550963e-10 5.573894107412576540e-09 4.399330149501347498e-10 -3.987777294494955599e-11 -2.515051689277289090e-10 -2.573508775537499646e-11 6.851397176940913202e-11 -8.677410619253372555e-11 -1.207831996617631149e-10 1.280745440658203021e-10 2.686569640017329028e-10 1.036808277210699127e-10 6.200015025942556825e-11 -5.339908463541863884e-11 -2.584621720260408140e-11 3.796151390393729944e-12 7.577109184504882872e-11
5.358506417833604787e-10 6.915307888533604440e-11 -1.162210801477706164e-09 -6.250241659461399097e-11 4.399330149501347498e-10 2.800761959625986769e-09 6.499266488606948711e-11 1.533005824732002401e-10 2.250929920382947563e-10 1.500582737900787718e-10 1.869913234331670217e-10 -1.041976882403548619e-10 1.533158994866686483e-11 -2.698237099031723260e-11 -6.883367112457146401e-11 -1.058775444138403130e-10 -7.150929015678525858e-11 1.430426912550391283e-11 3.180473998057797900e-11 -2.110177475816453071e-12
6.832533792003727273e-11 -1.548759686694067527e-10 3.939380885327820373e-10 -5.198278508815002089e-10 -3.987777294494955599e-11 6.499266488606948711e-11 1.968643325348604684e-09 2.361307440949700079e-10 -1.851977914937272365e-11 1.808906754353307231e-10 -9.806289507009333919e-11 1.321643480069094865e-11 1.367379441544202610e-10 5.115428637968369298e-11 3.498729843676512603e-11 5.422570751384320698e-11 7.523819042935629658e-11 4.463511718507655603e-11 3.876864107218033890e-11 -4.171715207713893982e-13
-1.969907172559136582e-10 -3.747279278245453251e-10 2.410189292379746995e-10 -1.306513192529396318e-10 -2.515051689277289090e-10 1.533005824732002401e-10 2.361307440949700079e-10 1.564940479132174465e-09 8.776307564853883633e-11 1.449934570462104000e-10 1.211878744797416437e-10 7.380674699648840605e-12 -2.438287257969995841e-11 -1.068776204831855837e-12 -1.444911890069497500e-11 -1.318233438750605415e-11 -8.871531859242581457e-12 8.837994936638092352e-12 -2.284448200392408945e-12 -2.459680451411238761e-11
2.316966673298290996e-11 1.593252192972241599e-10 7.458608859406957556e-11 -2.645696904737516039e-11 -2.573508775537499646e-11 2.250929920382947563e-10 -1.851977914937272365e-11 8.776307564853883633e-11 1.093541830226698788e-09 3.154986895114686837e-10 2.016151080780750618e-10 6.069669177729244883e-11 1.103749049391581229e-10 2.805846129248135305e-11 2.554032705449810760e-11 3.411022723900873358e-11 -6.426828000431919997e-12 -1.586584327789960212e-11 3.808785300643632711e-11 4.819611192503771690e-11
4.912887116192477271e-10 1.911445031937447700e-10 2.634242828016343639e-10 1.050336356157263221e-11 6.851397176940913202e-11 1.500582737900787718e-10 1.808906754353307231e-10 1.449934570462104000e-10 3.154986895114686837e-10 8.292268280519221205e-10 1.794443964675613928e-10 9.726806362360031338e-11 7.496380584930190183e-11 4.066718475267104891e-11 -1.338880178048871240e-11 -3.277563730005521505e-11 -5.317523474356856220e-11 -7.049606152827035638e-12 2.404664339299778178e-11 7.526766075795175592e-11
-6.881170433691277749e-10 -5.517431736621289114e-10 -4.163197244251256879e-10 -2.924343667550925381e-10 -8.677410619253372555e-11 1.869913234331670217e-10 -9.806289507009333919e-11 1.211878744797416437e-10 2.016151080780750618e-10 1.794443964675613928e-10 7.001244571214523856e-10 1.252299767836143822e-10 2.856090847227777895e-11 3.138961459009996457e-11 -2.562155301097870877e-11 -5.318407437271637858e-12 -2.101746358744083764e-12 6.529702104644770617e-11 7.296537633684291299e-11 4.868401406837386143e-11
-6.850206073417660827e-11 -2.756282743976457613e-10 -7.427735316750035947e-12 9.788908244914295299e-11 -1.207831996617631149e-10 -1.041976882403548619e-10 1.321643480069094865e-11 7.380674699648840605e-12 6.069669177729244883e-11 9.726806362360031338e-11 1.252299767836143822e-10 3.867212604045447894e-10 1.180579954807664096e-10 4.232433872361942773e-11 8.530300984590404350e-11 6.605762752081326622e-11 7.388420639863138385e-12 5.085079370719362969e-12 1.920578331175030383e-11 1.086758629005431760e-11
-1.530310326441232053e-10 2.653175741471693669e-10 -1.431788893055423868e-10 -9.406932066982860339e-11 1.280745440658203021e-10 1.533158994866686483e-11 1.367379441544202610e-10 -2.438287257969995841e-11 1.103749049391581229e-10 7.496380584930190183e-11 2.856090847227777895e-11 1.180579954807664096e-10 3.199377983263406049e-10 1.057460166914310691e-10 7.751148701623562765e-11 4.416615535698967601e-11 2.721650983374195553e-12 6.482464498206131209e-12 7.485050239013382703e-12 -2.981114081903365793e-12
-2.089117210706666703e-10 -2.778728114946334817e-11 9.242941562608390182e-14 8.984247044211380830e-11 2.686569640017329028e-10 -2.698237099031723260e-11 5.115428637968369298e-11 -1.068776204831855837e-12 2.805846129248135305e-11 4.066718475267104891e-11 3.138961459009996457e-11 4.232433872361942773e-11 1.057460166914310691e-10 2.245708347496526796e-10 9.314830841595725957e-11 5.135096627970774853e-11 1.529129026317139047e-11 -1.139804114523861352e-12 2.302864692061969119e-11 5.018742807551745887e-11
1.572264937695062143e-10 -1.566936575687535581e-10 -1.250988178382323096e-10 -1.299790928707845782e-10 1.036808277210699127e-10 -6.883367112457146401e-11 3.498729843676512603e-11 -1.444911890069497500e-11 2.554032705449810760e-11 -1.338880178048871240e-11 -2.562155301097870877e-11 8.530300984590404350e-11 7.751148701623562765e-11 9.314830841595725957e-11 2.163519545086798471e-10 1.062285265625258623e-10 3.760598052202436514e-11 2.480004360746483355e-12 1.024490255888484183e-11 2.385989413354731380e-11
-1.453685389850587411e-10 -2.528921510177175362e-10 1.223310647715311833e-10 -1.963773306692468579e-10 6.200015025942556825e-11 -1.058775444138403130e-10 5.422570751384320698e-11 -1.318233438750605415e-11 3.411022723900873358e-11 -3.277563730005521505e-11 -5.318407437271637858e-12 6.605762752081326622e-11 4.416615535698967601e-11 5.135096627970774853e-11 1.062285265625258623e-10 1.728224709675882611e-10 8.062872573437775049e-11 3.968749252410990196e-11 4.538152532354247234e-11 2.867165283752717512e-11
1.301919388501373682e-10 -3.340752176734139888e-11 -6.761551136331466275e-12 -1.965974342783519923e-10 -5.339908463541863884e-11 -7.150929015678525858e-11 7.523819042935629658e-11 -8.871531859242581457e-12 -6.426828000431919997e-12 -5.317523474356856220e-11 -2.101746358744083764e-12 7.388420639863138385e-12 2.721650983374195553e-12 1.529129026317139047e-11 3.760598052202436514e-11 8.062872573437775049e-11 1.464133207905057430e-10 9.456926432719717643e-11 5.758391040152767191e-11 2.284586629939252526e-11
-9.717103866885324506e-11 -3.528249927877486694e-10 -4.507333916562479169e-11 -2.817200758072179612e-10 -2.584621720260408140e-11 1.430426912550391283e-11 4.463511718507655603e-11 8.837994936638092352e-12 -1.586584327789960212e-11 -7.049606152827035638e-12 6.529702104644770617e-11 5.085079370719362969e-12 6.482464498206131209e-12 -1.139804114523861352e-12 2.480004360746483355e-12 3.968749252410990196e-11 9.456926432719717643e-11 1.474480493249916341e-10 9.611334179574670345e-11 2.536965915274962659e-11
2.338321029029876383e-11 -2.620986046576055887e-10 2.823544750718277740e-11 -1.684357311311654996e-10 3.796151390393729944e-12 3.180473998057797900e-11 3.876864107218033890e-11 -2.284448200392408945e-12 3.808785300643632711e-11 2.404664339299778178e-11 7.296537633684291299e-11 1.920578331175030383e-11 7.485050239013382703e-12 2.302864692061969119e-11 1.024490255888484183e-11 4.538152532354247234e-11 5.758391040152767191e-11 9.611334179574670345e-11 1.595129164178419405e-10 7.265938505758398264e-11
-7.013522939454569573e-11 -9.830246573283151988e-11 4.589280902241142678e-11 4.604239508795723234e-11 7.577109184504882872e-11 -2.110177475816453071e-12 -4.171715207713893982e-13 -2.459680451411238761e-11 4.819611192503771690e-11 7.526766075795175592e-11 4.868401406837386143e-11 1.086758629005431760e-11 -2.981114081903365793e-12 5.018742807551745887e-11 2.385989413354731380e-11 2.867165283752717512e-11 2.284586629939252526e-11 2.536965915274962659e-11 7.265938505758398264e-11 1.150704929820853263e-10
