2.011107838476148089e-06 1.766154718158365923e-06 1.630213775209911672e-06 1.429782237936449448e-06 1.166876768130262662e-06 1.097577527316452132e-06 1.077850600372340264e-06 1.064891584383542372e-06 9.315207219502113946e-07 8.658899188420461469e-07 7.882458226486194159e-07 6.771139085280035939e-07 5.884749977801332224e-07 4.867041584064258692e-07 4.134599122986527491e-07 2.762852669501336131e-07 7.398452336050123309e-08 -5.389777511422572319e-08 -1.090237428833672605e-07 -4.140503820218766917e-08
1.766154718158365923e-06 2.161599071986148260e-06 1.798309429775871811e-06 1.569715082780165259e-06 1.334735520886919306e-06 1.222313150671086823e-06 1.158851934453155591e-06 1.128239664838441858e-06 1.032155412252799821e-06 9.488162389548801010e-07 8.252736165329184736e-07 6.945786425016546414e-07 5.860714995865694071e-07 4.910222413588883248e-07 4.255522217210679303e-07 2.648253074498205451e-07 4.728749007641830255e-08 -6.903364402035833131e-08 -1.197447238141728523e-07 -6.700936154957040868e-08
1.630213775209911672e-06 1.798309429775871811e-06 2.077498688176039618e-06 1.646460500545763976e-06 1.419422556607595998e-06 1.286022210485993141e-06 1.237218845737576653e-06 1.173605048890080401e-06 1.067388870123814414e-06 9.934121143908828272e-07 8.499505692951894570e-07 7.259532775146580008e-07 6.119513302621449223e-07 5.180189811119813408e-07 4.523874550650834928e-07 2.621453546070402265e-07 2.436308197418726734e-08 -7.166295356997660912e-08 -6.365848086846815573e-08 2.257722518063787561e-08
1.429782237936449448e-06 1.569715082780165259e-06 1.646460500545763976e-06 1.666417781664169188e-06 1.307318186764422532e-06 1.178734214493126125e-06 1.164277830780612498e-06 1.098761715756163148e-06 1.007793431842878362e-06 9.434290495488028798e-07 8.209107898489308439e-07 6.904055555203523726e-07 5.687092050519406854e-07 4.490939614560042390e-07 3.762748691096474628e-07 2.061706452868364675e-07 9.839918687000297161e-09 -6.991235582783493388e-08 -5.164461350070783278e-08 -1.318090015106384308e-08
1.166876768130262662e-06 1.334735520886919306e-06 1.419422556607595998e-06 1.307318186764422532e-06 1.319023943149145903e-06 1.126641087705143290e-06 1.106735046326052202e-06 1.017369420565953982e-06 9.248206367135838823e-07 8.981311620507765440e-07 7.728381102367319480e-07 6.776162046186119807e-07 5.632102801084678450e-07 4.576073574899482360e-07 3.800836058599981104e-07 2.303026712705884258e-07 2.821024757341959525e-08 -5.236070558709475849e-08 -1.220613630249434231e-08 4.021332547322270809e-08
1.097577527316452132e-06 1.222313150671086823e-06 1.286022210485993141e-06 1.178734214493126125e-06 1.126641087705143290e-06 1.145099332803793360e-06 1.080283101221253961e-06 9.778069652854794790e-07 8.951715878820143238e-07 8.820838802428936466e-07 7.726670936919073195e-07 6.949237816094102244e-07 6.025882780242992560e-07 5.063914157417303618e-07 4.294530678869895882e-07 2.880210643358743477e-07 8.010393274971106389e-08 -3.409041992667499588e-08 -4.000380787432894142e-08 -3.101826012226424902e-09
1.077850600372340264e-06 1.158851934453155591e-06 1.237218845737576653e-06 1.164277830780612498e-06 1.106735046326052202e-06 1.080283101221253961e-06 1.176950867106462813e-06 1.037400801083342807e-06 9.503227444451059175e-07 9.334412197719733881e-07 8.295844196854300560e-07 7.432491378720365999e-07 6.459627680517476556e-07 5.373599379979971664e-07 4.395880628328459843e-07 2.740506925564832469e-07 3.816413658993392400e-08 -5.812627223625413965e-08 -4.156806311909961092e-08 -1.434031904237037024e-08
1.064891584383542372e-06 1.128239664838441858e-06 1.173605048890080401e-06 1.098761715756163148e-06 1.017369420565953982e-06 9.778069652854794790e-07 1.037400801083342807e-06 1.046675427399233502e-06 9.491805091716415654e-07 9.250215384761328116e-07 8.302553723862198311e-07 7.433938904099344235e-07 6.414926363870571998e-07 5.310822335780435682e-07 4.244204165523644372e-07 2.740933765585424247e-07 7.619156715081592609e-08 -2.869675321366799451e-08 -4.112809056714587021e-08 -4.200916094914321131e-09
9.315207219502113946e-07 1.032155412252799821e-06 1.067388870123814414e-06 1.007793431842878362e-06 9.248206367135838823e-07 8.951715878820143238e-07 9.503227444451059175e-07 9.491805091716415654e-07 9.689823297002877878e-07 9.189397509201115501e-07 8.241337887974009839e-07 7.396479213047602953e-07 6.409396100238405715e-07 5.299493415124321119e-07 4.253927748910371331e-07 2.698845268083344327e-07 8.325464763218721250e-08 -1.028048287581758835e-08 -3.100664497530710062e-08 -8.402204583011305453e-09
8.658899188420461469e-07 9.488162389548801010e-07 9.934121143908828272e-07 9.434290495488028798e-07 8.981311620507765440e-07 8.820838802428936466e-07 9.334412197719733881e-07 9.250215384761328116e-07 9.189397509201115501e-07 9.550142051687331258e-07 8.602548035905234149e-07 7.896320290019684638e-07 6.990316049561793647e-07 5.801812585460062872e-07 4.657591345656046540e-07 3.170544294733830196e-07 1.196674282897470480e-07 2.512473022733268533e-09 -3.164386750800661643e-08 -2.685195629247703598e-08
7.882458226486194159e-07 8.252736165329184736e-07 8.499505692951894570e-07 8.209107898489308439e-07 7.728381102367319480e-07 7.726670936919073195e-07 8.295844196854300560e-07 8.302553723862198311e-07 8.241337887974009839e-07 8.602548035905234149e-07 8.494135655648299933e-07 7.905171030648554999e-07 7.194904226462578043e-07 6.080900055338204980e-07 4.999430188371781999e-07 3.707758079329531891e-07 1.808472504277462236e-07 5.449061643504513273e-08 -6.454536709971969280e-09 -3.569474116823112262e-08
6.771139085280035939e-07 6.945786425016546414e-07 7.259532775146580008e-07 6.904055555203523726e-07 6.776162046186119807e-07 6.949237816094102244e-07 7.432491378720365999e-07 7.433938904099344235e-07 7.396479213047602953e-07 7.896320290019684638e-07 7.905171030648554999e-07 8.212657144867487653e-07 7.752607988597122939e-07 6.782683024413714313e-07 5.751819384382497996e-07 4.491299423588025215e-07 2.561191909191388699e-07 1.162913675916377171e-07 4.642772328653133245e-08 2.548696195057691758e-08
5.884749977801332224e-07 5.860714995865694071e-07 6.119513302621449223e-07 5.687092050519406854e-07 5.632102801084678450e-07 6.025882780242992560e-07 6.459627680517476556e-07 6.414926363870571998e-07 6.409396100238405715e-07 6.990316049561793647e-07 7.194904226462578043e-07 7.752607988597122939e-07 8.079987266651459294e-07 7.374500609547429623e-07 6.435700154166472877e-07 5.213015748301701970e-07 3.359805990797171532e-07 1.938537191643322497e-07 1.010201658204203139e-07 5.218674000095465830e-08
4.867041584064258692e-07 4.910222413588883248e-07 5.180189811119813408e-07 4.490939614560042390e-07 4.576073574899482360e-07 5.063914157417303618e-07 5.373599379979971664e-07 5.310822335780435682e-07 5.299493415124321119e-07 5.801812585460062872e-07 6.080900055338204980e-07 6.782683024413714313e-07 7.374500609547429623e-07 7.832625689177400137e-07 7.315074735902375539e-07 6.013104912067822460e-07 4.174163615587083546e-07 2.666243821048033883e-07 1.729631225764543645e-07 1.118489664158935943e-07
4.134599122986527491e-07 4.255522217210679303e-07 4.523874550650834928e-07 3.762748691096474628e-07 3.800836058599981104e-07 4.294530678869895882e-07 4.395880628328459843e-07 4.244204165523644372e-07 4.253927748910371331e-07 4.657591345656046540e-07 4.999430188371781999e-07 5.751819384382497996e-07 6.435700154166472877e-07 7.315074735902375539e-07 7.773938142729174763e-07 6.913955468914736956e-07 5.289945062151764526e-07 3.662848857967389436e-07 2.365728797946859353e-07 1.386457864449729837e-07
2.762852669501336131e-07 2.648253074498205451e-07 2.621453546070402265e-07 2.061706452868364675e-07 2.303026712705884258e-07 2.880210643358743477e-07 2.740506925564832469e-07 2.740933765585424247e-07 2.698845268083344327e-07 3.170544294733830196e-07 3.707758079329531891e-07 4.491299423588025215e-07 5.213015748301701970e-07 6.013104912067822460e-07 6.913955468914736956e-07 7.315387224936252526e-07 6.432132940326546934e-07 4.936897961325644382e-07 3.304931446352897053e-07 1.773307544051806944e-07
7.398452336050123309e-08 4.728749007641830255e-08 2.436308197418726734e-08 9.839918687000297161e-09 2.821024757341959525e-08 8.010393274971106389e-08 3.816413658993392400e-08 7.619156715081592609e-08 8.325464763218721250e-08 1.196674282897470480e-07 1.808472504277462236e-07 2.561191909191388699e-07 3.359805990797171532e-07 4.174163615587083546e-07 5.289945062151764526e-07 6.432132940326546934e-07 7.340932888144314897e-07 6.562145870512856620e-07 4.915584364074762969e-07 2.804745150310841399e-07
-5.389777511422572319e-08 -6.903364402035833131e-08 -7.166295356997660912e-08 -6.991235582783493388e-08 -5.236070558709475849e-08 -3.409041992667499588e-08 -5.812627223625413965e-08 -2.869675321366799451e-08 -1.028048287581758835e-08 2.512473022733268533e-09 5.449061643504513273e-08 1.162913675916377171e-07 1.938537191643322497e-07 2.666243821048033883e-07 3.662848857967389436e-07 4.936897961325644382e-07 6.562145870512856620e-07 7.367831830407566473e-07 6.503878164531848692e-07 4.132996429417018494e-07
-1.090237428833672605e-07 -1.197447238141728523e-07 -6.365848086846815573e-08 -5.164461350070783278e-08 -1.220613630249434231e-08 -4.000380787432894142e-08 -4.156806311909961092e-08 -4.112809056714587021e-08 -3.100664497530710062e-08 -3.164386750800661643e-08 -6.454536709971969280e-09 4.642772328653133245e-08 1.010201658204203139e-07 1.729631225764543645e-07 2.365728797946859353e-07 3.304931446352897053e-07 4.915584364074762969e-07 6.503878164531848692e-07 7.578094717517405969e-07 6.207063508206978445e-07
-4.140503820218766917e-08 -6.700936154957040868e-08 2.257722518063787561e-08 -1.318090015106384308e-08 4.021332547322270809e-08 -3.101826012226424902e-09 -1.434031904237037024e-08 -4.200916094914321131e-09 -8.402204583011305453e-09 -2.685195629247703598e-08 -3.569474116823112262e-08 2.548696195057691758e-08 5.218674000095465830e-08 1.118489664158935943e-07 1.386457864449729837e-07 1.773307544051806944e-07 2.804745150310841399e-07 4.132996429417018494e-07 6.207063508206978445e-07 8.828452965420917989e-07
