2.973053688031516899e-08 3.453340819181245382e-09 -7.854744303931544613e-10 8.970141263000114839e-10 -1.149495323780548363e-10 1.807397211962094916e-10 -1.759347492456013302e-09 -4.904201811059193069e-10 2.721142146662648453e-10 6.760576651433864138e-11 1.935653870510103314e-10 -9.231224399639081908e-12 5.181216187916763212e-10 2.508335040040709255e-10 -6.362502222538097111e-13 -1.717305704049509127e-10 -1.445037706336441665e-10 1.740762474775221586e-10 8.486261317517676325e-11 -1.620737539349132463e-11
3.453340819181245382e-09 1.792078779891699293e-08 -5.279857397036707143e-10 -8.955841687127249753e-10 -9.907237248988137002e-10 9.972014337908676146e-10 1.551258694112375961e-11 -1.435608108039112808e-10 5.038236831138725894e-10 -4.002410131275402020e-11 1.571009164694437557e-10 -2.544912575225297475e-10 -3.203275826892354569e-10 -7.626523065967357690e-11 -4.365252358884947805e-11 -1.049365928302210042e-10 -2.965775602288037008e-10 -2.382616547033312843e-11 1.006428074191509432e-11 -6.605445858681822024e-11
-7.854744303931544613e-10 -5.279857397036707143e-10 9.901241218480549534e-09 1.075033454136648376e-09 -2.700278783238569521e-10 -3.196433492192668995e-10 -3.191108677743910962e-10 4.441117494650035363e-11 5.683275413178140448e-12 1.342762509777730766e-10 2.065691231122200603e-10 1.572883764615041746e-10 1.154054177016194838e-10 1.277776868130829143e-10 1.550509727107677004e-10 7.008774543856133563e-11 3.548912996727798893e-11 1.627436159788261822e-12 -1.258921304067213139e-11 -8.147343621229415650e-11
8.970141263000114839e-10 -8.955841687127249753e-10 1.075033454136648376e-09 8.496874664315869771e-09 -3.191687570917004877e-10 -2.759717762245668400e-10 -2.611541058200384336e-10 1.414380901216365738e-10 3.709273817035646085e-10 -1.181868223813762180e-10 1.237098670679715887e-10 1.367864243060501613e-10 8.066222175353469845e-11 2.299915765781582032e-10 2.315188216691546100e-10 9.917368645626490323e-11 -5.417968499804921214e-12 3.381654839825309513e-11 1.442274608117410633e-10 7.415553797997974940e-11
-1.149495323780548363e-10 -9.907237248988137002e-10 -2.700278783238569521e-10 -3.191687570917004877e-10 4.269496446390797054e-09 -6.215687892716296965e-11 -2.232240151352159353e-10 5.903242782770337839e-11 -1.044574465638438060e-10 -8.466469006267327902e-11 5.202689211714784776e-11 4.785883700681329683e-11 -3.078434426363408331e-11 -8.278408598574719077e-11 -1.009838068504806713e-10 -1.168485500729338771e-10 4.416978450865263496e-11 1.064236771028624931e-11 -1.010957667958312982e-10 -3.518756312789159537e-11
1.807397211962094916e-10 9.972014337908676146e-10 -3.196433492192668995e-10 -2.759717762245668400e-10 -6.215687892716296965e-11 4.444566195734462138e-09 3.275454043525964689e-10 7.041017293076181171e-11 -1.598445321778419378e-10 -2.384431448431252540e-10 -9.228075112452609983e-11 8.729459940601845194e-11 -1.949064774448767368e-10 2.769024545539405252e-11 1.985918537484202675e-11 -2.177238930945804682e-11 -2.659783593538274294e-11 -4.136075893452967575e-12 6.601723051398319996e-11 2.260990910696138000e-11
-1.759347492456013302e-09 1.551258694112375961e-11 -3.191108677743910962e-10 -2.611541058200384336e-10 -2.232240151352159353e-10 3.275454043525964689e-10 1.959850746791075072e-09 2.626723873145360976e-10 -1.169876332076108551e-10 5.650737278389773644e-11 1.176152367955652587e-11 -8.895441654628745080e-11 -1.385804127616372054e-10 -5.970782828305279780e-11 7.826837098869607753e-12 -3.258111433840540691e-11 -7.341975426098885097e-11 -9.591639915421919045e-11 -5.597413548527007925e-12 -1.071834191755480544e-11
-4.904201811059193069e-10 -1.435608108039112808e-10 4.441117494650035363e-11 1.414380901216365738e-10 5.903242782770337839e-11 7.041017293076181171e-11 2.626723873145360976e-10 1.595873691547113628e-09 1.811175455205845564e-10 1.206027343398625776e-10 5.220945163222547028e-11 7.048226919913214847e-11 -4.439425340207222408e-11 1.621665620612558780e-11 5.602890679752708699e-11 -2.912482725485861823e-11 4.455670068935228333e-11 8.500074655600822972e-12 -3.016437832132847706e-11 -3.143227106093553360e-11
2.721142146662648453e-10 5.038236831138725894e-10 5.683275413178140448e-12 3.709273817035646085e-10 -1.044574465638438060e-10 -1.598445321778419378e-10 -1.169876332076108551e-10 1.811175455205845564e-10 1.005897733094966190e-09 1.828016374807724548e-10 3.808351887499838667e-11 1.750791702895644413e-13 3.640243872832723365e-11 3.168425976712508710e-11 1.760634281295597149e-11 2.736074081008530678e-11 3.387472614435351609e-12 -8.896171736095452410e-12 -1.325388143175840011e-11 1.214476142809912148e-12
6.760576651433864138e-11 -4.002410131275402020e-11 1.342762509777730766e-10 -1.181868223813762180e-10 -8.466469006267327902e-11 -2.384431448431252540e-10 5.650737278389773644e-11 1.206027343398625776e-10 1.828016374807724548e-10 7.000743363446692699e-10 1.255262677350828938e-10 2.116845269884298261e-11 4.697395879920193673e-11 -3.182003232478460165e-11 -5.609560593411654614e-11 -3.417324373315556870e-11 -2.038831586911341254e-11 -4.143935630860178124e-11 -4.375764768131282203e-11 -1.702309729016245173e-11
1.935653870510103314e-10 1.571009164694437557e-10 2.065691231122200603e-10 1.237098670679715887e-10 5.202689211714784776e-11 -9.228075112452609983e-11 1.176152367955652587e-11 5.220945163222547028e-11 3.808351887499838667e-11 1.255262677350828938e-10 6.004853273268453321e-10 1.045158819625779540e-10 1.859480293393205131e-11 2.018779800488662978e-11 -5.562045131841545381e-11 -2.500242772155093717e-11 -4.681509532914767872e-12 2.208929877355071302e-11 1.657225910304910022e-11 -7.409896155363581223e-12
-9.231224399639081908e-12 -2.544912575225297475e-10 1.572883764615041746e-10 1.367864243060501613e-10 4.785883700681329683e-11 8.729459940601845194e-11 -8.895441654628745080e-11 7.048226919913214847e-11 1.750791702895644413e-13 2.116845269884298261e-11 1.045158819625779540e-10 3.953597489163266963e-10 1.105391943590037533e-10 3.835806704099598178e-11 3.378837050018440961e-11 2.535758664847844456e-11 -4.519305642780138169e-12 2.071573597220462192e-12 -3.571055604337225634e-12 -3.329785513111397066e-12
5.181216187916763212e-10 -3.203275826892354569e-10 1.154054177016194838e-10 8.066222175353469845e-11 -3.078434426363408331e-11 -1.949064774448767368e-10 -1.385804127616372054e-10 -4.439425340207222408e-11 3.640243872832723365e-11 4.697395879920193673e-11 1.859480293393205131e-11 1.105391943590037533e-10 2.591973912710603080e-10 8.203280902666371421e-11 2.452508710296459835e-11 3.115812059493913419e-11 2.617648170200625723e-11 1.907329738338533951e-11 2.289612628371298861e-12 -3.877819462238123648e-12
2.508335040040709255e-10 -7.626523065967357690e-11 1.277776868130829143e-10 2.299915765781582032e-10 -8.278408598574719077e-11 2.769024545539405252e-11 -5.970782828305279780e-11 1.621665620612558780e-11 3.168425976712508710e-11 -3.182003232478460165e-11 2.018779800488662978e-11 3.835806704099598178e-11 8.203280902666371421e-11 1.766057601011541397e-10 5.055693397880829694e-11 2.423241849364953107e-11 1.380755845115107645e-11 1.767157010280314107e-11 1.109653068192023558e-11 -9.959463030060433890e-12
-6.362502222538097111e-13 -4.365252358884947805e-11 1.550509727107677004e-10 2.315188216691546100e-10 -1.009838068504806713e-10 1.985918537484202675e-11 7.826837098869607753e-12 5.602890679752708699e-11 1.760634281295597149e-11 -5.609560593411654614e-11 -5.562045131841545381e-11 3.378837050018440961e-11 2.452508710296459835e-11 5.055693397880829694e-11 1.491022521833497158e-10 5.477448987005593816e-11 1.482770308343170248e-11 1.078070871369148792e-11 1.332771035523889890e-11 1.663097217612751645e-11
-1.717305704049509127e-10 -1.049365928302210042e-10 7.008774543856133563e-11 9.917368645626490323e-11 -1.168485500729338771e-10 -2.177238930945804682e-11 -3.258111433840540691e-11 -2.912482725485861823e-11 2.736074081008530678e-11 -3.417324373315556870e-11 -2.500242772155093717e-11 2.535758664847844456e-11 3.115812059493913419e-11 2.423241849364953107e-11 5.477448987005593816e-11 1.077109315058255554e-10 4.580822054731352092e-11 2.132004195875290577e-11 9.448837691373182980e-12 1.455552380320898613e-11
-1.445037706336441665e-10 -2.965775602288037008e-10 3.548912996727798893e-11 -5.417968499804921214e-12 4.416978450865263496e-11 -2.659783593538274294e-11 -7.341975426098885097e-11 4.455670068935228333e-11 3.387472614435351609e-12 -2.038831586911341254e-11 -4.681509532914767872e-12 -4.519305642780138169e-12 2.617648170200625723e-11 1.380755845115107645e-11 1.482770308343170248e-11 4.580822054731352092e-11 1.036641445390582200e-10 3.879792541536026801e-11 1.254610376557308480e-11 1.148835965825447929e-11
1.740762474775221586e-10 -2.382616547033312843e-11 1.627436159788261822e-12 3.381654839825309513e-11 1.064236771028624931e-11 -4.136075893452967575e-12 -9.591639915421919045e-11 8.500074655600822972e-12 -8.896171736095452410e-12 -4.143935630860178124e-11 2.208929877355071302e-11 2.071573597220462192e-12 1.907329738338533951e-11 1.767157010280314107e-11 1.078070871369148792e-11 2.132004195875290577e-11 3.879792541536026801e-11 7.229630890545524030e-11 3.651902881901597943e-11 1.108494202648460278e-11
8.486261317517676325e-11 1.006428074191509432e-11 -1.258921304067213139e-11 1.442274608117410633e-10 -1.010957667958312982e-10 6.601723051398319996e-11 -5.597413548527007925e-12 -3.016437832132847706e-11 -1.325388143175840011e-11 -4.375764768131282203e-11 1.657225910304910022e-11 -3.571055604337225634e-12 2.289612628371298861e-12 1.109653068192023558e-11 1.332771035523889890e-11 9.448837691373182980e-12 1.254610376557308480e-11 3.651902881901597943e-11 7.194322872674005304e-11 2.410383611087313787e-11
-1.620737539349132463e-11 -6.605445858681822024e-11 -8.147343621229415650e-11 7.415553797997974940e-11 -3.518756312789159537e-11 2.260990910696138000e-11 -1.071834191755480544e-11 -3.143227106093553360e-11 1.214476142809912148e-12 -1.702309729016245173e-11 -7.409896155363581223e-12 -3.329785513111397066e-12 -3.877819462238123648e-12 -9.959463030060433890e-12 1.663097217612751645e-11 1.455552380320898613e-11 1.148835965825447929e-11 1.108494202648460278e-11 2.410383611087313787e-11 5.212837540329551123e-11
