3.181074469644486566e-05 3.062179112788243314e-05 3.152385764722840587e-05 3.149815684105551270e-05 3.105196623735109388e-05 3.122842282783138210e-05 3.098949528254038750e-05 3.023472766054107060e-05 2.973461762016492139e-05 2.898453208290580367e-05 2.828835746736605889e-05 2.732592492222363274e-05 2.644554851278888848e-05 2.474247800623090193e-05 2.248808732160944863e-05 1.966712868705086317e-05 1.615424258755384336e-05 1.221979420103884145e-05 7.704357770381201461e-06 3.288306132153460493e-06
3.062179112788243314e-05 3.156797556717054243e-05 3.168188551484959483e-05 3.140630554471571923e-05 3.101995939535362999e-05 3.126439862046216374e-05 3.101456088640065008e-05 3.016903604925362466e-05 2.969175839801158754e-05 2.891877487468420623e-05 2.813668149863034489e-05 2.716326586483455645e-05 2.628728497030852771e-05 2.462729779993497344e-05 2.239718262063676856e-05 1.956127487422817070e-05 1.594935856795244564e-05 1.177233316009086794e-05 7.093183699993586975e-06 2.532369330829925015e-06
3.152385764722840587e-05 3.168188551484959483e-05 3.307199487670453315e-05 3.254626049698066537e-05 3.211390556539837302e-05 3.235100216235493978e-05 3.210394556342221247e-05 3.127546841972543345e-05 3.076933037459535296e-05 3.004704641200831264e-05 2.933004519224005169e-05 2.830979829872914624e-05 2.736435261687827678e-05 2.568448270136304524e-05 2.340844208427955388e-05 2.044446573849702337e-05 1.667960803954291379e-05 1.236343593079595408e-05 7.488259311112358334e-06 2.738902991191757769e-06
3.149815684105551270e-05 3.140630554471571923e-05 3.254626049698066537e-05 3.285124398803935457e-05 3.202829260586255293e-05 3.232314610735346539e-05 3.206369409073684551e-05 3.129009484737560671e-05 3.077688844796835026e-05 3.002683225782387913e-05 2.930018617313356438e-05 2.828244624881830126e-05 2.732357698477829363e-05 2.557594330529242718e-05 2.329604714002835668e-05 2.036687546764529916e-05 1.665170096581555738e-05 1.245852904199261760e-05 7.640313558492890786e-06 2.994410930084083819e-06
3.105196623735109388e-05 3.101995939535362999e-05 3.211390556539837302e-05 3.202829260586255293e-05 3.187836727045173757e-05 3.196232374454908943e-05 3.168868921637985552e-05 3.092232102758219592e-05 3.046518189051230276e-05 2.974496920857558422e-05 2.901780839759788254e-05 2.799935966101380500e-05 2.704455190869555110e-05 2.533818824479987190e-05 2.304369463543407923e-05 2.009824831318147886e-05 1.635074942340092126e-05 1.209405791641205292e-05 7.299236392882330730e-06 2.672339173904149997e-06
3.122842282783138210e-05 3.126439862046216374e-05 3.235100216235493978e-05 3.232314610735346539e-05 3.196232374454908943e-05 3.251070362388447729e-05 3.218514360702661787e-05 3.142887706200140599e-05 3.091422905890128429e-05 3.020473262422196712e-05 2.946723501203854769e-05 2.839759701924317819e-05 2.741488822681402169e-05 2.569230555930388324e-05 2.334749598393428752e-05 2.032788326986154854e-05 1.649612165044583991e-05 1.220286202089790105e-05 7.289777827923552419e-06 2.569134114186504768e-06
3.098949528254038750e-05 3.101456088640065008e-05 3.210394556342221247e-05 3.206369409073684551e-05 3.168868921637985552e-05 3.218514360702661787e-05 3.219118889739534930e-05 3.137234549865379251e-05 3.088513936338637734e-05 3.020821594431077228e-05 2.951815467077984357e-05 2.847228399866862144e-05 2.751167533269746667e-05 2.577196079940231323e-05 2.337566808909406242e-05 2.031948238717568879e-05 1.648591536217858803e-05 1.214226198017939853e-05 7.153819633721908794e-06 2.396017938333920368e-06
3.023472766054107060e-05 3.016903604925362466e-05 3.127546841972543345e-05 3.129009484737560671e-05 3.092232102758219592e-05 3.142887706200140599e-05 3.137234549865379251e-05 3.085785605563439224e-05 3.039696665900692784e-05 2.975223629159791036e-05 2.910134382516419945e-05 2.807402423027542554e-05 2.713152900704591348e-05 2.545732122733193549e-05 2.309157051739091143e-05 2.010520593302314140e-05 1.636108099426167667e-05 1.206188467403715740e-05 7.090620064824253976e-06 2.380654371054737916e-06
2.973461762016492139e-05 2.969175839801158754e-05 3.076933037459535296e-05 3.077688844796835026e-05 3.046518189051230276e-05 3.091422905890128429e-05 3.088513936338637734e-05 3.039696665900692784e-05 3.015885962945893958e-05 2.955507173825471797e-05 2.894172177554928067e-05 2.794347675773680819e-05 2.699843637956307412e-05 2.531071857372927007e-05 2.293257890021004950e-05 1.994101021981210223e-05 1.622460375095972126e-05 1.189254243146082439e-05 6.924896806007813910e-06 2.226736040721008925e-06
2.898453208290580367e-05 2.891877487468420623e-05 3.004704641200831264e-05 3.002683225782387913e-05 2.974496920857558422e-05 3.020473262422196712e-05 3.020821594431077228e-05 2.975223629159791036e-05 2.955507173825471797e-05 2.914291522408704138e-05 2.857916079074346386e-05 2.764421913109244391e-05 2.671670228725528629e-05 2.506991935588149650e-05 2.269561186844846443e-05 1.971370648960717859e-05 1.603959748473137516e-05 1.172396024714299971e-05 6.760697987301651222e-06 2.088979135327337200e-06
2.828835746736605889e-05 2.813668149863034489e-05 2.933004519224005169e-05 2.930018617313356438e-05 2.901780839759788254e-05 2.946723501203854769e-05 2.951815467077984357e-05 2.910134382516419945e-05 2.894172177554928067e-05 2.857916079074346386e-05 2.821635869971559626e-05 2.739235662090244358e-05 2.649929007832866522e-05 2.491602864557419729e-05 2.257836472912981199e-05 1.963914506762453162e-05 1.600365993197917623e-05 1.172759908037884756e-05 6.810147024299618141e-06 2.181486942453950003e-06
2.732592492222363274e-05 2.716326586483455645e-05 2.830979829872914624e-05 2.828244624881830126e-05 2.799935966101380500e-05 2.839759701924317819e-05 2.847228399866862144e-05 2.807402423027542554e-05 2.794347675773680819e-05 2.764421913109244391e-05 2.739235662090244358e-05 2.683974413740252042e-05 2.607885794132013281e-05 2.462016587540225866e-05 2.238279787588841246e-05 1.955289498537684023e-05 1.602277414381709123e-05 1.182429140424941496e-05 7.002291980770603457e-06 2.399805704480657979e-06
2.644554851278888848e-05 2.628728497030852771e-05 2.736435261687827678e-05 2.732357698477829363e-05 2.704455190869555110e-05 2.741488822681402169e-05 2.751167533269746667e-05 2.713152900704591348e-05 2.699843637956307412e-05 2.671670228725528629e-05 2.649929007832866522e-05 2.607885794132013281e-05 2.559053093873028494e-05 2.428685129385206576e-05 2.217252028546477682e-05 1.947264579642376574e-05 1.603920820892524947e-05 1.191660750710190123e-05 7.146494983129948626e-06 2.587777179646928970e-06
2.474247800623090193e-05 2.462729779993497344e-05 2.568448270136304524e-05 2.557594330529242718e-05 2.533818824479987190e-05 2.569230555930388324e-05 2.577196079940231323e-05 2.545732122733193549e-05 2.531071857372927007e-05 2.506991935588149650e-05 2.491602864557419729e-05 2.462016587540225866e-05 2.428685129385206576e-05 2.332926100721923509e-05 2.147683415439046435e-05 1.899826661176829358e-05 1.573090971111683781e-05 1.177692693230196357e-05 7.220898816337405959e-06 2.755037157779783497e-06
2.248808732160944863e-05 2.239718262063676856e-05 2.340844208427955388e-05 2.329604714002835668e-05 2.304369463543407923e-05 2.334749598393428752e-05 2.337566808909406242e-05 2.309157051739091143e-05 2.293257890021004950e-05 2.269561186844846443e-05 2.257836472912981199e-05 2.238279787588841246e-05 2.217252028546477682e-05 2.147683415439046435e-05 2.007600098484022609e-05 1.803364915033440967e-05 1.515069069066493733e-05 1.156030239555858646e-05 7.365696622239691982e-06 3.123549488884361461e-06
1.966712868705086317e-05 1.956127487422817070e-05 2.044446573849702337e-05 2.036687546764529916e-05 2.009824831318147886e-05 2.032788326986154854e-05 2.031948238717568879e-05 2.010520593302314140e-05 1.994101021981210223e-05 1.971370648960717859e-05 1.963914506762453162e-05 1.955289498537684023e-05 1.947264579642376574e-05 1.899826661176829358e-05 1.803364915033440967e-05 1.669227084549052806e-05 1.443872910506051071e-05 1.139135451813247794e-05 7.672149314011698101e-06 3.740103090474847913e-06
1.615424258755384336e-05 1.594935856795244564e-05 1.667960803954291379e-05 1.665170096581555738e-05 1.635074942340092126e-05 1.649612165044583991e-05 1.648591536217858803e-05 1.636108099426167667e-05 1.622460375095972126e-05 1.603959748473137516e-05 1.600365993197917623e-05 1.602277414381709123e-05 1.603920820892524947e-05 1.573090971111683781e-05 1.515069069066493733e-05 1.443872910506051071e-05 1.320340061586670347e-05 1.096209374896647160e-05 7.861780602577761589e-06 4.380720595328127543e-06
1.221979420103884145e-05 1.177233316009086794e-05 1.236343593079595408e-05 1.245852904199261760e-05 1.209405791641205292e-05 1.220286202089790105e-05 1.214226198017939853e-05 1.206188467403715740e-05 1.189254243146082439e-05 1.172396024714299971e-05 1.172759908037884756e-05 1.182429140424941496e-05 1.191660750710190123e-05 1.177692693230196357e-05 1.156030239555858646e-05 1.139135451813247794e-05 1.096209374896647160e-05 1.001482786822637559e-05 7.965703061873732920e-06 5.215020069853482150e-06
7.704357770381201461e-06 7.093183699993586975e-06 7.488259311112358334e-06 7.640313558492890786e-06 7.299236392882330730e-06 7.289777827923552419e-06 7.153819633721908794e-06 7.090620064824253976e-06 6.924896806007813910e-06 6.760697987301651222e-06 6.810147024299618141e-06 7.002291980770603457e-06 7.146494983129948626e-06 7.220898816337405959e-06 7.365696622239691982e-06 7.672149314011698101e-06 7.861780602577761589e-06 7.965703061873732920e-06 7.466981117378974233e-06 5.941549034053508328e-06
3.288306132153460493e-06 2.532369330829925015e-06 2.738902991191757769e-06 2.994410930084083819e-06 2.672339173904149997e-06 2.569134114186504768e-06 2.396017938333920368e-06 2.380654371054737916e-06 2.226736040721008925e-06 2.088979135327337200e-06 2.181486942453950003e-06 2.399805704480657979e-06 2.587777179646928970e-06 2.755037157779783497e-06 3.123549488884361461e-06 3.740103090474847913e-06 4.380720595328127543e-06 5.215020069853482150e-06 5.941549034053508328e-06 6.206841890020354769e-06
