2.519576460235703511e-08 1.356532391975741537e-09 3.200227121919103082e-10 2.084581243487371536e-09 1.634278736797215850e-10 5.979118540136114676e-10 8.657244859852273574e-11 -2.215797486053961023e-10 6.485873057911912456e-11 4.332262620343751837e-10 -6.733237491364596952e-10 -7.997943984068081788e-11 -1.464476164796152061e-10 -1.969848465768412442e-10 1.931178284784249950e-10 -1.347588897000920729e-10 1.285166987574839828e-10 -6.337705190634097223e-11 7.602624561830094351e-11 -3.693023436815792947e-11
1.356532391975741537e-09 1.472573959097333567e-08 -2.609774572749045186e-10 2.631076090192147575e-09 -2.440704393373770754e-11 -7.209824035555647162e-11 -9.002597531398696316e-11 -3.657464671130322788e-10 1.438776515789979617e-10 1.539513537150394474e-10 -6.444114386711520835e-10 -2.986844019439137337e-10 2.498682540990551619e-10 -5.156359571310765148e-11 -1.178255623922926340e-10 -2.210218670060055912e-10 -2.198701574383082330e-11 -3.492228733032046639e-10 -2.432968498958337207e-10 -9.761767038825232341e-11
3.200227121919103082e-10 -2.609774572749045186e-10 1.205573474145111604e-08 1.472130068115476249e-09 -8.822580610042897821e-11 -1.155556803688207999e-09 3.675556229919993365e-10 2.585860147907158240e-10 2.431812842178668221e-11 2.180524624464134263e-10 -4.461434897327021250e-10 -3.104069486598947460e-11 -1.752744679148395330e-10 -3.068152167244299537e-11 -1.230606095248029258e-10 1.235494654596681412e-10 -1.919903351955091141e-11 -4.821650872518920723e-11 4.201686691011040719e-11 5.510988892550035111e-11
2.084581243487371536e-09 2.631076090192147575e-09 1.472130068115476249e-09 8.578907298125405731e-09 8.785425661235966478e-10 -7.235112872445500973e-11 -4.776148230174299020e-10 -1.097955367180498534e-10 -7.518524343136765977e-11 4.009357630625245022e-12 -3.114373431385370204e-10 7.083546184109572405e-11 -1.092357458970853311e-10 6.463161689980653045e-11 -1.255844192622820595e-10 -1.900292081249017880e-10 -1.923195742708604605e-10 -2.667519489808699398e-10 -1.481160174421160912e-10 5.154838567332734887e-11
1.634278736797215850e-10 -2.440704393373770754e-11 -8.822580610042897821e-11 8.785425661235966478e-10 5.387482360212226688e-09 4.152002687735926450e-10 -1.863754992449682846e-11 -2.052042151316440462e-10 -2.662522914825227071e-11 6.417028442210159954e-11 -1.038321074107217859e-10 -1.289698977801348770e-10 1.257623050404405692e-10 2.544909798406768344e-10 1.007558485351721338e-10 6.392209793809913448e-11 -4.814018340990338485e-11 -1.959760225056866012e-11 1.282500262803977473e-11 7.518215879955674562e-11
5.979118540136114676e-10 -7.209824035555647162e-11 -1.155556803688207999e-09 -7.235112872445500973e-11 4.152002687735926450e-10 2.683841668141284118e-09 7.980660156590071654e-11 1.574050789781833297e-10 2.014155095954123853e-10 1.391132119541454926e-10 1.681723756533836654e-10 -1.050538284581648478e-10 1.178147515877707820e-11 -3.040031477696568938e-11 -6.207226151602852628e-11 -9.838837890366448789e-11 -6.764714352334387949e-11 1.742900019862884097e-11 3.698599518483968716e-11 -5.385066179826596863e-13
8.657244859852273574e-11 -9.002597531398696316e-11 3.675556229919993365e-10 -4.776148230174299020e-10 -1.863754992449682846e-11 7.980660156590071654e-11 1.929493323393079597e-09 2.612664422555626920e-10 -1.472616498523902335e-11 1.790046627838681613e-10 -9.514782573027743175e-11 1.029325536144700136e-11 1.341067373600605921e-10 4.744983337805177292e-11 3.760970915419648921e-11 5.589340298608517443e-11 7.338220197653322289e-11 4.506241447230844092e-11 4.191532323741972896e-11 1.332997063311361789e-12
-2.215797486053961023e-10 -3.657464671130322788e-10 2.585860147907158240e-10 -1.097955367180498534e-10 -2.052042151316440462e-10 1.574050789781833297e-10 2.612664422555626920e-10 1.520522224622734011e-09 8.551872093350957842e-11 1.450183485279420127e-10 1.155240672390744621e-10 2.558320205754437091e-12 -2.443954779060553444e-11 -3.503056606256997592e-12 -1.129817718381466220e-11 -9.664422293702739272e-12 -6.312855400161897171e-12 1.191963407589974521e-11 2.280878331462438315e-12 -2.171082870978641457e-11
6.485873057911912456e-11 1.438776515789979617e-10 2.431812842178668221e-11 -7.518524343136765977e-11 -2.662522914825227071e-11 2.014155095954123853e-10 -1.472616498523902335e-11 8.551872093350957842e-11 1.042361319298733848e-09 3.000480900229493858e-10 1.851727359744519272e-10 5.039594341860654191e-11 1.010272478786072774e-10 2.188616944396871790e-11 2.332839093924422084e-11 3.318839890026469820e-11 -4.855234794948930285e-12 -1.260332154196949327e-11 4.089634867693937862e-11 4.865922596168707709e-11
4.332262620343751837e-10 1.539513537150394474e-10 2.180524624464134263e-10 4.009357630625245022e-12 6.417028442210159954e-11 1.391132119541454926e-10 1.790046627838681613e-10 1.450183485279420127e-10 3.000480900229493858e-10 7.980651752958007467e-10 1.705798727121395361e-10 8.921728363909669059e-11 6.995503835552624849e-11 3.485614640366861852e-11 -1.436844774510905244e-11 -3.224585906451113653e-11 -5.048326243889603500e-11 -5.009323158479088485e-12 2.566269335194688336e-11 7.337882013989997147e-11
-6.733237491364596952e-10 -6.444114386711520835e-10 -4.461434897327021250e-10 -3.114373431385370204e-10 -1.038321074107217859e-10 1.681723756533836654e-10 -9.514782573027743175e-11 1.155240672390744621e-10 1.851727359744519272e-10 1.705798727121395361e-10 6.669436333868682848e-10 1.140639721560770491e-10 2.417723891630739065e-11 2.601803999047576536e-11 -2.580332928304662969e-11 -5.621023068239785636e-12 -1.731392320231460365e-12 6.492751941811854965e-11 7.340298637435105980e-11 4.829186445946450759e-11
-7.997943984068081788e-11 -2.986844019439137337e-10 -3.104069486598947460e-11 7.083546184109572405e-11 -1.289698977801348770e-10 -1.050538284581648478e-10 1.029325536144700136e-11 2.558320205754437091e-12 5.039594341860654191e-11 8.921728363909669059e-11 1.140639721560770491e-10 3.662776427362827398e-10 1.092801183471027176e-10 3.577843248582547309e-11 8.002727949280849537e-11 6.207509433316666843e-11 5.834071228895764918e-12 5.589405027346042611e-12 2.084676735953422038e-11 1.138258499776551032e-11
-1.464476164796152061e-10 2.498682540990551619e-10 -1.752744679148395330e-10 -1.092357458970853311e-10 1.257623050404405692e-10 1.178147515877707820e-11 1.341067373600605921e-10 -2.443954779060553444e-11 1.010272478786072774e-10 6.995503835552624849e-11 2.417723891630739065e-11 1.092801183471027176e-10 3.062675205486850650e-10 9.906348795752249401e-11 7.372158147892212315e-11 4.196569390570863565e-11 2.024700661148403868e-12 6.951910697121963606e-12 8.761195449799936259e-12 -2.316350170747740353e-12
-1.969848465768412442e-10 -5.156359571310765148e-11 -3.068152167244299537e-11 6.463161689980653045e-11 2.544909798406768344e-10 -3.040031477696568938e-11 4.744983337805177292e-11 -3.503056606256997592e-12 2.188616944396871790e-11 3.485614640366861852e-11 2.601803999047576536e-11 3.577843248582547309e-11 9.906348795752249401e-11 2.135890830343768797e-10 8.790272429447638568e-11 4.774847281131112014e-11 1.332093201964769536e-11 -1.135060912400149984e-12 2.294440455290122781e-11 4.844936521606174080e-11
1.931178284784249950e-10 -1.178255623922926340e-10 -1.230606095248029258e-10 -1.255844192622820595e-10 1.007558485351721338e-10 -6.207226151602852628e-11 3.760970915419648921e-11 -1.129817718381466220e-11 2.332839093924422084e-11 -1.436844774510905244e-11 -2.580332928304662969e-11 8.002727949280849537e-11 7.372158147892212315e-11 8.790272429447638568e-11 2.071850674512188167e-10 1.009039486975010907e-10 3.505600345996622547e-11 2.527016312232157223e-12 1.072973862622372475e-11 2.306349187700869440e-11
-1.347588897000920729e-10 -2.210218670060055912e-10 1.235494654596681412e-10 -1.900292081249017880e-10 6.392209793809913448e-11 -9.838837890366448789e-11 5.589340298608517443e-11 -9.664422293702739272e-12 3.318839890026469820e-11 -3.224585906451113653e-11 -5.621023068239785636e-12 6.207509433316666843e-11 4.196569390570863565e-11 4.774847281131112014e-11 1.009039486975010907e-10 1.651639238423031521e-10 7.650828677714443978e-11 3.827734444378059649e-11 4.441891796559847838e-11 2.744056579757845266e-11
1.285166987574839828e-10 -2.198701574383082330e-11 -1.919903351955091141e-11 -1.923195742708604605e-10 -4.814018340990338485e-11 -6.764714352334387949e-11 7.338220197653322289e-11 -6.312855400161897171e-12 -4.855234794948930285e-12 -5.048326243889603500e-11 -1.731392320231460365e-12 5.834071228895764918e-12 2.024700661148403868e-12 1.332093201964769536e-11 3.505600345996622547e-11 7.650828677714443978e-11 1.398932147949075164e-10 9.086259164815943126e-11 5.571928502965326507e-11 2.172019641513661743e-11
-6.337705190634097223e-11 -3.492228733032046639e-10 -4.821650872518920723e-11 -2.667519489808699398e-10 -1.959760225056866012e-11 1.742900019862884097e-11 4.506241447230844092e-11 1.191963407589974521e-11 -1.260332154196949327e-11 -5.009323158479088485e-12 6.492751941811854965e-11 5.589405027346042611e-12 6.951910697121963606e-12 -1.135060912400149984e-12 2.527016312232157223e-12 3.827734444378059649e-11 9.086259164815943126e-11 1.424027143642167714e-10 9.305945689526170872e-11 2.438086012142579342e-11
7.602624561830094351e-11 -2.432968498958337207e-10 4.201686691011040719e-11 -1.481160174421160912e-10 1.282500262803977473e-11 3.698599518483968716e-11 4.191532323741972896e-11 2.280878331462438315e-12 4.089634867693937862e-11 2.566269335194688336e-11 7.340298637435105980e-11 2.084676735953422038e-11 8.761195449799936259e-12 2.294440455290122781e-11 1.072973862622372475e-11 4.441891796559847838e-11 5.571928502965326507e-11 9.305945689526170872e-11 1.546377278870622155e-10 7.024621159742537484e-11
-3.693023436815792947e-11 -9.761767038825232341e-11 5.510988892550035111e-11 5.154838567332734887e-11 7.518215879955674562e-11 -5.385066179826596863e-13 1.332997063311361789e-12 -2.171082870978641457e-11 4.865922596168707709e-11 7.337882013989997147e-11 4.829186445946450759e-11 1.138258499776551032e-11 -2.316350170747740353e-12 4.844936521606174080e-11 2.306349187700869440e-11 2.744056579757845266e-11 2.172019641513661743e-11 2.438086012142579342e-11 7.024621159742537484e-11 1.106951595250386056e-10
