2.670442918613551319e-08 1.505595134343092854e-09 4.295925621383553978e-10 2.232666867754794644e-09 2.011153869142275279e-10 6.063009251062509881e-10 8.438925147922070902e-11 -2.275127380939512663e-10 8.270986079232404986e-11 4.563475474576184860e-10 -6.968427561557718182e-10 -8.235608986767431991e-11 -1.478049682824237802e-10 -2.046298799722907974e-10 1.981749864151667784e-10 -1.348029740044400601e-10 1.313298241092802029e-10 -6.895806858395562035e-11 7.945169176623861858e-11 -3.350319024213906887e-11
1.505595134343092854e-09 1.554552526800545289e-08 -2.250092914358671507e-10 2.786484920195800759e-09 -3.871640059214350442e-12 -7.212113158894942216e-11 -9.310356764386947038e-11 -3.739482486309057575e-10 1.596418541421785969e-10 1.650758148528604483e-10 -6.605235387189346955e-10 -3.065938615169007677e-10 2.596995588000077898e-10 -5.262731959957166315e-11 -1.227978174795220345e-10 -2.243283124620666547e-10 -2.330364991111987935e-11 -3.591913744566387571e-10 -2.464496524151327837e-10 -9.820723114681667500e-11
4.295925621383553978e-10 -2.250092914358671507e-10 1.257022647839603141e-08 1.560512283645576704e-09 -8.697057371457568775e-11 -1.194695533884081121e-09 3.823105519371388791e-10 2.718403936955371727e-10 3.738343439009373314e-11 2.288759909018504787e-10 -4.607660080197454458e-10 -3.305468890144936317e-11 -1.758237758160611934e-10 -2.946045420431286614e-11 -1.253781331232426597e-10 1.291346300738409607e-10 -2.073898916785699147e-11 -5.295258405743951950e-11 4.161286415908779358e-11 5.697096044747827051e-11
2.232666867754794644e-09 2.786484920195800759e-09 1.560512283645576704e-09 8.899168788436200346e-09 9.199241827313607972e-10 -7.240406071005344811e-11 -4.937211850099443988e-10 -1.100135745633812494e-10 -6.913799994996404068e-11 9.565823887879019114e-12 -3.189408543543227907e-10 7.091825812405987783e-11 -1.083535837732668024e-10 6.674444834620389799e-11 -1.277020345728543241e-10 -1.931063723397292996e-10 -1.962275440970950884e-10 -2.730310314725289608e-10 -1.508016876303228552e-10 5.304560510190196589e-11
2.011153869142275279e-10 -3.871640059214350442e-12 -8.697057371457568775e-11 9.199241827313607972e-10 5.547043816989935622e-09 4.281203139076000781e-10 -2.235837975157521457e-11 -2.081891959023042133e-10 -2.380339166606532349e-11 6.735689721895083010e-11 -1.061443415650665279e-10 -1.308276213014371445e-10 1.303059944508470781e-10 2.590915368252452056e-10 1.021799195120888553e-10 6.519541864854415740e-11 -4.903691612791790750e-11 -2.067931560501242922e-11 1.264552911088420287e-11 7.618830028878211436e-11
6.063009251062509881e-10 -7.212113158894942216e-11 -1.194695533884081121e-09 -7.240406071005344811e-11 4.281203139076000781e-10 2.745595060481600297e-09 7.767988706287627593e-11 1.604420222491532190e-10 2.066370125220639839e-10 1.428634368537179668e-10 1.709038050377583830e-10 -1.064224747941897022e-10 1.326133768804623324e-11 -2.966416874920113911e-11 -6.258985176706937007e-11 -9.906826763873625591e-11 -6.828788494324915895e-11 1.716492524064643887e-11 3.702544238309451519e-11 -1.119216252800633430e-12
8.438925147922070902e-11 -9.310356764386947038e-11 3.823105519371388791e-10 -4.937211850099443988e-10 -2.235837975157521457e-11 7.767988706287627593e-11 1.964492269637174270e-09 2.653829557530703982e-10 -1.275341784677297129e-11 1.821498375180297317e-10 -9.803250075582832812e-11 9.947346547648172084e-12 1.367079068815630899e-10 4.837846537717133831e-11 3.831221004367607094e-11 5.754074935271351146e-11 7.456161161423232614e-11 4.536810476599777688e-11 4.229867255763922278e-11 1.684419701498657434e-12
-2.275127380939512663e-10 -3.739482486309057575e-10 2.718403936955371727e-10 -1.100135745633812494e-10 -2.081891959023042133e-10 1.604420222491532190e-10 2.653829557530703982e-10 1.545641011769635255e-09 8.836231265053603370e-11 1.476126242646264103e-10 1.176922898589179875e-10 3.259646215713562737e-12 -2.392601616904962465e-11 -3.596532863945006841e-12 -1.155593051097602424e-11 -9.105850306626031938e-12 -6.259501214839610517e-12 1.178171019194694316e-11 2.184771232205534460e-12 -2.198692448584738396e-11
8.270986079232404986e-11 1.596418541421785969e-10 3.738343439009373314e-11 -6.913799994996404068e-11 -2.380339166606532349e-11 2.066370125220639839e-10 -1.275341784677297129e-11 8.836231265053603370e-11 1.058177221140289136e-09 3.044462431828765556e-10 1.878429723695811740e-10 5.129009069472359139e-11 1.025367032090583504e-10 2.227132655360044519e-11 2.338181117577421236e-11 3.375248583657412046e-11 -4.816269927555337407e-12 -1.296284651156711420e-11 4.119309197553694447e-11 4.891178131774525988e-11
4.563475474576184860e-10 1.650758148528604483e-10 2.288759909018504787e-10 9.565823887879019114e-12 6.735689721895083010e-11 1.428634368537179668e-10 1.821498375180297317e-10 1.476126242646264103e-10 3.044462431828765556e-10 8.065186933819468340e-10 1.723274746382672593e-10 8.982369591377856466e-11 7.045691426446719076e-11 3.484588997486228518e-11 -1.489355090601733607e-11 -3.222999624340280573e-11 -5.056523699547986812e-11 -5.052639693452197401e-12 2.595893377164295786e-11 7.389479444155176828e-11
-6.968427561557718182e-10 -6.605235387189346955e-10 -4.607660080197454458e-10 -3.189408543543227907e-10 -1.061443415650665279e-10 1.709038050377583830e-10 -9.803250075582832812e-11 1.176922898589179875e-10 1.878429723695811740e-10 1.723274746382672593e-10 6.730387611330451630e-10 1.150465687034839872e-10 2.469213082644530323e-11 2.621398565796662916e-11 -2.614712147413489975e-11 -5.383468350267066790e-12 -1.321272221439602957e-12 6.547437846842884114e-11 7.399111952351812572e-11 4.891749529243102197e-11
-8.235608986767431991e-11 -3.065938615169007677e-10 -3.305468890144936317e-11 7.091825812405987783e-11 -1.308276213014371445e-10 -1.064224747941897022e-10 9.947346547648172084e-12 3.259646215713562737e-12 5.129009069472359139e-11 8.982369591377856466e-11 1.150465687034839872e-10 3.687852052945276526e-10 1.100208188579921006e-10 3.599790976134787302e-11 8.022860649842208571e-11 6.249969196604932230e-11 6.099097675542294039e-12 5.707106509848655420e-12 2.113508440277073210e-11 1.175573424372811592e-11
-1.478049682824237802e-10 2.596995588000077898e-10 -1.758237758160611934e-10 -1.083535837732668024e-10 1.303059944508470781e-10 1.326133768804623324e-11 1.367079068815630899e-10 -2.392601616904962465e-11 1.025367032090583504e-10 7.045691426446719076e-11 2.469213082644530323e-11 1.100208188579921006e-10 3.075597176203526633e-10 9.944946791738000447e-11 7.398653007900476487e-11 4.221758986990510661e-11 2.200063964369622139e-12 7.027221175619730229e-12 8.982998733198005362e-12 -2.053618114084895834e-12
-2.046298799722907974e-10 -5.262731959957166315e-11 -2.946045420431286614e-11 6.674444834620389799e-11 2.590915368252452056e-10 -2.966416874920113911e-11 4.837846537717133831e-11 -3.596532863945006841e-12 2.227132655360044519e-11 3.484588997486228518e-11 2.621398565796662916e-11 3.599790976134787302e-11 9.944946791738000447e-11 2.140999166173464424e-10 8.813414590530195882e-11 4.787645770792141197e-11 1.345513337248268964e-11 -1.104918090899353059e-12 2.300785984263027350e-11 4.841645974043278312e-11
1.981749864151667784e-10 -1.227978174795220345e-10 -1.253781331232426597e-10 -1.277020345728543241e-10 1.021799195120888553e-10 -6.258985176706937007e-11 3.831221004367607094e-11 -1.155593051097602424e-11 2.338181117577421236e-11 -1.489355090601733607e-11 -2.614712147413489975e-11 8.022860649842208571e-11 7.398653007900476487e-11 8.813414590530195882e-11 2.075988204292616078e-10 1.011464794832327464e-10 3.523536662112164981e-11 2.572237424860601570e-12 1.080515045429627726e-11 2.310169770172106951e-11
-1.348029740044400601e-10 -2.243283124620666547e-10 1.291346300738409607e-10 -1.931063723397292996e-10 6.519541864854415740e-11 -9.906826763873625591e-11 5.754074935271351146e-11 -9.105850306626031938e-12 3.375248583657412046e-11 -3.222999624340280573e-11 -5.383468350267066790e-12 6.249969196604932230e-11 4.221758986990510661e-11 4.787645770792141197e-11 1.011464794832327464e-10 1.654330988792571211e-10 7.672744110006631894e-11 3.839146393714159000e-11 4.448858503293474247e-11 2.757013827017821690e-11
1.313298241092802029e-10 -2.330364991111987935e-11 -2.073898916785699147e-11 -1.962275440970950884e-10 -4.903691612791790750e-11 -6.828788494324915895e-11 7.456161161423232614e-11 -6.259501214839610517e-12 -4.816269927555337407e-12 -5.056523699547986812e-11 -1.321272221439602957e-12 6.099097675542294039e-12 2.200063964369622139e-12 1.345513337248268964e-11 3.523536662112164981e-11 7.672744110006631894e-11 1.402448020290155490e-10 9.107385963420420955e-11 5.573559187562397396e-11 2.168930927657006411e-11
-6.895806858395562035e-11 -3.591913744566387571e-10 -5.295258405743951950e-11 -2.730310314725289608e-10 -2.067931560501242922e-11 1.716492524064643887e-11 4.536810476599777688e-11 1.178171019194694316e-11 -1.296284651156711420e-11 -5.052639693452197401e-12 6.547437846842884114e-11 5.707106509848655420e-12 7.027221175619730229e-12 -1.104918090899353059e-12 2.572237424860601570e-12 3.839146393714159000e-11 9.107385963420420955e-11 1.425335133061086320e-10 9.298886733448185973e-11 2.430950120770689433e-11
7.945169176623861858e-11 -2.464496524151327837e-10 4.161286415908779358e-11 -1.508016876303228552e-10 1.264552911088420287e-11 3.702544238309451519e-11 4.229867255763922278e-11 2.184771232205534460e-12 4.119309197553694447e-11 2.595893377164295786e-11 7.399111952351812572e-11 2.113508440277073210e-11 8.982998733198005362e-12 2.300785984263027350e-11 1.080515045429627726e-11 4.448858503293474247e-11 5.573559187562397396e-11 9.298886733448185973e-11 1.544829951891145774e-10 7.021463837786318437e-11
-3.350319024213906887e-11 -9.820723114681667500e-11 5.697096044747827051e-11 5.304560510190196589e-11 7.618830028878211436e-11 -1.119216252800633430e-12 1.684419701498657434e-12 -2.198692448584738396e-11 4.891178131774525988e-11 7.389479444155176828e-11 4.891749529243102197e-11 1.175573424372811592e-11 -2.053618114084895834e-12 4.841645974043278312e-11 2.310169770172106951e-11 2.757013827017821690e-11 2.168930927657006411e-11 2.430950120770689433e-11 7.021463837786318437e-11 1.104469339228034902e-10
