1.014180085286507419e-09 2.248673286951992510e-11 4.745166533287698331e-12 1.237884004086766211e-10 7.461016318012069656e-11 6.056749480875740516e-11 3.351148486036905640e-11 3.653153058614503522e-11 6.162406285561363607e-11 6.296019175256518153e-11 7.294770536851354219e-11 8.952040305459331118e-11 1.386068526439860520e-10 1.849344417163931073e-10 2.516739139291883694e-10 2.338445415980547313e-10 2.181917992293816392e-10 1.640334294385320086e-10 1.981590573541431967e-10 1.003601671953138498e-10
2.248673286951992510e-11 6.704240304126254098e-10 3.939251141569051897e-11 6.527314787540688238e-11 6.876853497348005931e-11 1.362953563971440411e-11 4.186427096626542414e-11 7.520112105647387288e-11 8.592927112347924065e-11 7.145878248329764299e-11 9.586194959675798843e-11 1.125902064588850865e-10 9.914958402306561510e-11 4.486624679264225507e-11 -3.523279363044786426e-12 -1.387837484357380057e-11 -4.730300421777786578e-11 -1.943461387768174493e-11 7.304396395495804259e-12 5.534736574242191027e-12
4.745166533287698331e-12 3.939251141569051897e-11 6.103956850647044365e-10 1.237623908206650572e-10 1.190334230007525470e-10 1.721447200418737021e-11 4.742330351759277463e-11 1.339381370568306157e-11 3.506282171203582365e-11 -4.888083610842402324e-12 3.953566041253643494e-11 3.325464629372107085e-11 2.126707215946706535e-11 1.303898476717262470e-11 -7.320899689234365562e-13 8.520122493921374087e-12 -5.713069110100845334e-12 -2.824257474875033205e-12 -1.292931237544028518e-11 -3.250287440283605591e-11
1.237884004086766211e-10 6.527314787540688238e-11 1.237623908206650572e-10 3.084237852031340650e-10 9.499969812825889222e-11 5.933003907291829111e-11 4.589388005490509536e-11 3.551356513524907568e-11 3.038703751512622889e-11 2.010861453938618271e-11 3.425462250371028060e-11 1.319853111233029079e-11 1.662489371482147146e-11 1.248300268783587608e-11 1.225464391635809136e-11 1.295605786351467597e-11 2.487948311836398909e-11 2.454748328040796851e-11 1.916129980356253668e-11 -1.417086439382311700e-11
7.461016318012069656e-11 6.876853497348005931e-11 1.190334230007525470e-10 9.499969812825889222e-11 2.998197469778473222e-10 6.015042737241113703e-11 3.197258167177645658e-11 2.366268530639580061e-11 2.863504801980352630e-11 1.463825198486725384e-11 3.786333279223561464e-11 3.790801288408105270e-11 2.142330624658132006e-11 4.526928972813638323e-11 5.180713738108356385e-11 2.815807425496888144e-11 1.034283693404468223e-11 7.568544111383443832e-12 9.385778576229842688e-12 3.082268552611929981e-11
6.056749480875740516e-11 1.362953563971440411e-11 1.721447200418737021e-11 5.933003907291829111e-11 6.015042737241113703e-11 2.075986430472275000e-10 1.000507428465229078e-10 4.389753526890043930e-11 2.006709172689078186e-11 8.750025941960288427e-12 -4.389038389984153358e-12 -2.688235514562050699e-12 9.739937104611560327e-12 2.234019863584606457e-11 2.303183943033121601e-11 2.850841539607042678e-11 2.173823379558140688e-11 2.744965984681363435e-11 2.730757484469673315e-11 3.088131662535223757e-11
3.351148486036905640e-11 4.186427096626542414e-11 4.742330351759277463e-11 4.589388005490509536e-11 3.197258167177645658e-11 1.000507428465229078e-10 2.081726050570147047e-10 9.622505766767276084e-11 1.018332317204979104e-10 7.693538824572188003e-11 6.822829332507379616e-11 6.555949835174235958e-11 7.554189376207855701e-11 6.638945880805958324e-11 5.098430675429443196e-11 4.384499823503862480e-11 3.902365955513085825e-11 5.840039775645567793e-11 9.044359786297867790e-11 1.056088551477545060e-10
3.653153058614503522e-11 7.520112105647387288e-11 1.339381370568306157e-11 3.551356513524907568e-11 2.366268530639580061e-11 4.389753526890043930e-11 9.622505766767276084e-11 1.658349487326317981e-10 1.255760048385467862e-10 1.077564428135615482e-10 9.429473063457586725e-11 8.307995336844816930e-11 8.843572933055607167e-11 6.629637258743062835e-11 5.576845043615869046e-11 4.482550054773917069e-11 5.230129551153896066e-11 6.122287924633429349e-11 6.069814117618417202e-11 7.151122831701659987e-11
6.162406285561363607e-11 8.592927112347924065e-11 3.506282171203582365e-11 3.038703751512622889e-11 2.863504801980352630e-11 2.006709172689078186e-11 1.018332317204979104e-10 1.255760048385467862e-10 2.317037058505941649e-10 1.828317813628645062e-10 1.659409668035681470e-10 1.442318525865746445e-10 1.430668017725040629e-10 1.302271029938254203e-10 1.351558870614746792e-10 1.385560202609657259e-10 1.360224227601432347e-10 1.272402465953617124e-10 1.169879507829497083e-10 1.082400640416613302e-10
6.296019175256518153e-11 7.145878248329764299e-11 -4.888083610842402324e-12 2.010861453938618271e-11 1.463825198486725384e-11 8.750025941960288427e-12 7.693538824572188003e-11 1.077564428135615482e-10 1.828317813628645062e-10 2.309960842054077047e-10 2.187543140974774609e-10 2.012925843206518365e-10 1.984478662676381060e-10 1.773512056546346444e-10 1.753479146870401305e-10 1.733007510971042177e-10 1.851646458461153678e-10 1.685641102132590187e-10 1.696481223940261328e-10 1.688645750136888150e-10
7.294770536851354219e-11 9.586194959675798843e-11 3.953566041253643494e-11 3.425462250371028060e-11 3.786333279223561464e-11 -4.389038389984153358e-12 6.822829332507379616e-11 9.429473063457586725e-11 1.659409668035681470e-10 2.187543140974774609e-10 3.228281210416299897e-10 3.184667464623989340e-10 3.252839469030145957e-10 3.007810963423895267e-10 3.099322424444073058e-10 3.138932679731378144e-10 3.427978075209937914e-10 3.191007400737123416e-10 2.765273642439330075e-10 2.516303557000979786e-10
8.952040305459331118e-11 1.125902064588850865e-10 3.325464629372107085e-11 1.319853111233029079e-11 3.790801288408105270e-11 -2.688235514562050699e-12 6.555949835174235958e-11 8.307995336844816930e-11 1.442318525865746445e-10 2.012925843206518365e-10 3.184667464623989340e-10 4.039518326011904321e-10 4.231603517069141525e-10 4.100251734575504616e-10 4.161042318906466228e-10 4.156928129820151578e-10 4.513451967913405212e-10 4.528823354499680567e-10 4.072467276029032493e-10 3.642556607074246020e-10
1.386068526439860520e-10 9.914958402306561510e-11 2.126707215946706535e-11 1.662489371482147146e-11 2.142330624658132006e-11 9.739937104611560327e-12 7.554189376207855701e-11 8.843572933055607167e-11 1.430668017725040629e-10 1.984478662676381060e-10 3.252839469030145957e-10 4.231603517069141525e-10 5.671584665124312187e-10 5.829361674799492387e-10 5.960244921997487203e-10 6.138164938865270649e-10 6.681205182798882611e-10 6.662781174314595440e-10 6.073721909570336768e-10 5.636623346650698710e-10
1.849344417163931073e-10 4.486624679264225507e-11 1.303898476717262470e-11 1.248300268783587608e-11 4.526928972813638323e-11 2.234019863584606457e-11 6.638945880805958324e-11 6.629637258743062835e-11 1.302271029938254203e-10 1.773512056546346444e-10 3.007810963423895267e-10 4.100251734575504616e-10 5.829361674799492387e-10 7.264534317408869913e-10 7.897796282186516019e-10 8.190157279912706034e-10 9.112119192049532570e-10 9.403047128454138759e-10 8.938299824412182486e-10 8.662408248576111490e-10
2.516739139291883694e-10 -3.523279363044786426e-12 -7.320899689234365562e-13 1.225464391635809136e-11 5.180713738108356385e-11 2.303183943033121601e-11 5.098430675429443196e-11 5.576845043615869046e-11 1.351558870614746792e-10 1.753479146870401305e-10 3.099322424444073058e-10 4.161042318906466228e-10 5.960244921997487203e-10 7.897796282186516019e-10 1.020411821493394604e-09 1.135317076434528943e-09 1.299679956306527134e-09 1.382421367026357013e-09 1.302014049772416540e-09 1.158327642070155454e-09
2.338445415980547313e-10 -1.387837484357380057e-11 8.520122493921374087e-12 1.295605786351467597e-11 2.815807425496888144e-11 2.850841539607042678e-11 4.384499823503862480e-11 4.482550054773917069e-11 1.385560202609657259e-10 1.733007510971042177e-10 3.138932679731378144e-10 4.156928129820151578e-10 6.138164938865270649e-10 8.190157279912706034e-10 1.135317076434528943e-09 1.463553110216186110e-09 1.793452258972146386e-09 1.981907523550708709e-09 1.914410205945965602e-09 1.668644739807449683e-09
2.181917992293816392e-10 -4.730300421777786578e-11 -5.713069110100845334e-12 2.487948311836398909e-11 1.034283693404468223e-11 2.173823379558140688e-11 3.902365955513085825e-11 5.230129551153896066e-11 1.360224227601432347e-10 1.851646458461153678e-10 3.427978075209937914e-10 4.513451967913405212e-10 6.681205182798882611e-10 9.112119192049532570e-10 1.299679956306527134e-09 1.793452258972146386e-09 2.559093485285868465e-09 2.992217073120668945e-09 2.968215353756910081e-09 2.611337732692260950e-09
1.640334294385320086e-10 -1.943461387768174493e-11 -2.824257474875033205e-12 2.454748328040796851e-11 7.568544111383443832e-12 2.744965984681363435e-11 5.840039775645567793e-11 6.122287924633429349e-11 1.272402465953617124e-10 1.685641102132590187e-10 3.191007400737123416e-10 4.528823354499680567e-10 6.662781174314595440e-10 9.403047128454138759e-10 1.382421367026357013e-09 1.981907523550708709e-09 2.992217073120668945e-09 3.858593891743336669e-09 4.034947662301202327e-09 3.654009814163087589e-09
1.981590573541431967e-10 7.304396395495804259e-12 -1.292931237544028518e-11 1.916129980356253668e-11 9.385778576229842688e-12 2.730757484469673315e-11 9.044359786297867790e-11 6.069814117618417202e-11 1.169879507829497083e-10 1.696481223940261328e-10 2.765273642439330075e-10 4.072467276029032493e-10 6.073721909570336768e-10 8.938299824412182486e-10 1.302014049772416540e-09 1.914410205945965602e-09 2.968215353756910081e-09 4.034947662301202327e-09 4.717729912035649524e-09 4.698356452635017344e-09
1.003601671953138498e-10 5.534736574242191027e-12 -3.250287440283605591e-11 -1.417086439382311700e-11 3.082268552611929981e-11 3.088131662535223757e-11 1.056088551477545060e-10 7.151122831701659987e-11 1.082400640416613302e-10 1.688645750136888150e-10 2.516303557000979786e-10 3.642556607074246020e-10 5.636623346650698710e-10 8.662408248576111490e-10 1.158327642070155454e-09 1.668644739807449683e-09 2.611337732692260950e-09 3.654009814163087589e-09 4.698356452635017344e-09 5.621618815952307878e-09
