2.599459949855338209e-08 1.123771038534802799e-09 3.318221240510404131e-10 1.994284782400039791e-09 -6.233111948310954985e-11 4.748236559644319692e-10 2.639360780624773455e-11 -3.134450631761225599e-10 1.865837931456134975e-11 3.653524437351036541e-10 -6.685774392053819229e-10 -1.300235257502248140e-10 -1.883979276542280443e-10 -2.547057179008071523e-10 1.480473439700147418e-10 -1.502767243923613291e-10 1.233482976675305006e-10 -8.878727507283991727e-11 2.113174899956611845e-11 -8.337645742098907883e-11
1.123771038534802799e-09 1.468934785078066089e-08 -2.598698215720716009e-11 2.619912784164169355e-09 1.210384546300650774e-10 -3.887706431957955897e-13 -1.999024553956600658e-11 -3.216679411998168568e-10 1.167436094753298634e-10 7.302834704078306837e-11 -5.354368421396216128e-10 -3.017913778267650180e-10 2.366567639606583140e-10 -5.816108545325003859e-11 -1.334291460902395981e-10 -2.326021414119300692e-10 -6.397015969881647736e-12 -3.162962397222371286e-10 -2.507949180621280651e-10 -1.412183138460604478e-10
3.318221240510404131e-10 -2.598698215720716009e-11 1.221429364617471271e-08 1.582282150629179116e-09 -2.906814158158446458e-11 -1.139919643900638398e-09 3.898876962529277382e-10 2.402538317076468802e-10 -4.860150649515501188e-12 1.874888856940298788e-10 -4.071962442430338614e-10 -4.346078495055453428e-11 -1.698405667059116782e-10 -2.806353034479439920e-11 -1.255662587424500570e-10 1.201004073590916278e-10 -1.598798832933568562e-11 -4.448989930723847951e-11 2.649805879635820770e-11 2.748383528334311152e-11
1.994284782400039791e-09 2.619912784164169355e-09 1.582282150629179116e-09 8.515550094226456812e-09 1.037656146657863512e-09 -9.383643071149896753e-11 -4.243415907368946293e-10 -9.176560253278495593e-11 -7.461571254527501993e-11 -2.785457864100668020e-11 -2.652558296912876201e-10 6.294360682869260050e-11 -1.097633368036911558e-10 8.072102342293015385e-11 -1.161018183457837986e-10 -1.867089370462302401e-10 -1.785898378503241472e-10 -2.563184444189667282e-10 -1.632522265083111305e-10 3.329851733825933711e-11
-6.233111948310954985e-11 1.210384546300650774e-10 -2.906814158158446458e-11 1.037656146657863512e-09 5.432565290888809182e-09 4.174510594679789963e-10 -1.809145387757698006e-11 -2.152081894726855698e-10 -3.518251643512174646e-11 2.217062733216734117e-11 -8.827873284012443429e-11 -1.346721081931496851e-10 1.228037782004384786e-10 2.495603749677927717e-10 9.922499847681580211e-11 6.127098512684483050e-11 -4.763956599731125391e-11 -2.331043190292800485e-11 1.538545251486705919e-12 6.083891238566679437e-11
4.748236559644319692e-10 -3.887706431957955897e-13 -1.139919643900638398e-09 -9.383643071149896753e-11 4.174510594679789963e-10 2.633862651299324820e-09 5.056139371735226310e-11 1.321103703215947071e-10 1.905259167456524585e-10 1.207334108941205108e-10 1.782497118545400245e-10 -1.084695431942901880e-10 5.518043649519744782e-12 -3.705795827020458596e-11 -6.672114292930341668e-11 -1.009835436146148986e-10 -6.714618474620015044e-11 1.800900598104867414e-11 3.063298080231565684e-11 -8.117524386622115434e-12
2.639360780624773455e-11 -1.999024553956600658e-11 3.898876962529277382e-10 -4.243415907368946293e-10 -1.809145387757698006e-11 5.056139371735226310e-11 1.902858282773180051e-09 2.383355491727135125e-10 -3.026674211718655690e-11 1.455676775133568874e-10 -9.055403076907245409e-11 6.616013107877498175e-14 1.264695361682555362e-10 4.330323452061651189e-11 3.558396977924948829e-11 5.538964400908883776e-11 7.538173897712886125e-11 4.596519799062658734e-11 3.584211191791929451e-11 -6.601135088957137490e-12
-3.134450631761225599e-10 -3.216679411998168568e-10 2.402538317076468802e-10 -9.176560253278495593e-11 -2.152081894726855698e-10 1.321103703215947071e-10 2.383355491727135125e-10 1.498822452940299261e-09 7.005963399647088270e-11 1.180238261667097949e-10 1.173705118288230268e-10 -6.354317037814694397e-12 -2.948983292844985311e-11 -7.439512978071264840e-12 -1.465045687736473042e-11 -1.294455072186974038e-11 -8.296316136049945647e-12 9.318905559034375953e-12 -6.750460710256264413e-12 -3.096048341995181297e-11
1.865837931456134975e-11 1.167436094753298634e-10 -4.860150649515501188e-12 -7.461571254527501993e-11 -3.518251643512174646e-11 1.905259167456524585e-10 -3.026674211718655690e-11 7.005963399647088270e-11 1.029339880903543825e-09 2.803664677801113406e-10 1.894217329358846513e-10 4.772828236301540745e-11 9.797236054311225393e-11 2.145477357501195324e-11 2.365214789074164806e-11 3.355473413860047284e-11 -4.511103424701931839e-12 -1.396891365485345577e-11 3.626185695959990942e-11 4.354295786889485260e-11
3.653524437351036541e-10 7.302834704078306837e-11 1.874888856940298788e-10 -2.785457864100668020e-11 2.217062733216734117e-11 1.207334108941205108e-10 1.455676775133568874e-10 1.180238261667097949e-10 2.803664677801113406e-10 7.661908040259479754e-10 1.637976079562119354e-10 8.002404436036010321e-11 6.270262207532240944e-11 3.026614516883774140e-11 -1.751053392948748386e-11 -3.420746273049883709e-11 -5.233170422816724152e-11 -6.822658746936045883e-12 2.210135960806605102e-11 6.883247137022394862e-11
-6.685774392053819229e-10 -5.354368421396216128e-10 -4.071962442430338614e-10 -2.652558296912876201e-10 -8.827873284012443429e-11 1.782497118545400245e-10 -9.055403076907245409e-11 1.173705118288230268e-10 1.894217329358846513e-10 1.637976079562119354e-10 6.762951565436028346e-10 1.177806319093748505e-10 2.742908225635895194e-11 2.869841230318529120e-11 -2.328578191552156199e-11 -3.689421516145081138e-12 -9.597175500019480683e-13 6.371427489042172802e-11 6.950876521286230849e-11 4.381098915937733222e-11
-1.300235257502248140e-10 -3.017913778267650180e-10 -4.346078495055453428e-11 6.294360682869260050e-11 -1.346721081931496851e-10 -1.084695431942901880e-10 6.616013107877498175e-14 -6.354317037814694397e-12 4.772828236301540745e-11 8.002404436036010321e-11 1.177806319093748505e-10 3.652526442351753646e-10 1.088077394433351690e-10 3.636251148664301379e-11 8.074602512414416314e-11 6.305117984289770998e-11 6.479524329495872753e-12 4.213992674189128971e-12 1.780029245539371689e-11 8.367993884045007131e-12
-1.883979276542280443e-10 2.366567639606583140e-10 -1.698405667059116782e-10 -1.097633368036911558e-10 1.228037782004384786e-10 5.518043649519744782e-12 1.264695361682555362e-10 -2.948983292844985311e-11 9.797236054311225393e-11 6.270262207532240944e-11 2.742908225635895194e-11 1.088077394433351690e-10 3.040891986142739349e-10 9.871244082941750340e-11 7.356844658739715300e-11 4.224709110567341261e-11 2.216983198717425703e-12 5.981319792948439656e-12 6.874185438237806338e-12 -4.191519366275754694e-12
-2.547057179008071523e-10 -5.816108545325003859e-11 -2.806353034479439920e-11 8.072102342293015385e-11 2.495603749677927717e-10 -3.705795827020458596e-11 4.330323452061651189e-11 -7.439512978071264840e-12 2.145477357501195324e-11 3.026614516883774140e-11 2.869841230318529120e-11 3.636251148664301379e-11 9.871244082941750340e-11 2.136791059972954748e-10 8.844390061275359018e-11 4.849614390653102474e-11 1.389392323893408893e-11 -1.760701245925531127e-12 2.145454454894366671e-11 4.731092963795559237e-11
1.480473439700147418e-10 -1.334291460902395981e-10 -1.255662587424500570e-10 -1.161018183457837986e-10 9.922499847681580211e-11 -6.672114292930341668e-11 3.558396977924948829e-11 -1.465045687736473042e-11 2.365214789074164806e-11 -1.751053392948748386e-11 -2.328578191552156199e-11 8.074602512414416314e-11 7.356844658739715300e-11 8.844390061275359018e-11 2.082211358050384563e-10 1.019464176661098069e-10 3.573430905328190379e-11 1.642017736355595230e-12 9.203013967935482006e-12 2.199387108970067251e-11
-1.502767243923613291e-10 -2.326021414119300692e-10 1.201004073590916278e-10 -1.867089370462302401e-10 6.127098512684483050e-11 -1.009835436146148986e-10 5.538964400908883776e-11 -1.294455072186974038e-11 3.355473413860047284e-11 -3.420746273049883709e-11 -3.689421516145081138e-12 6.305117984289770998e-11 4.224709110567341261e-11 4.849614390653102474e-11 1.019464176661098069e-10 1.665424129610583444e-10 7.764791228898009126e-11 3.797079743400805812e-11 4.346154900843094162e-11 2.679644396543337868e-11
1.233482976675305006e-10 -6.397015969881647736e-12 -1.598798832933568562e-11 -1.785898378503241472e-10 -4.763956599731125391e-11 -6.714618474620015044e-11 7.538173897712886125e-11 -8.296316136049945647e-12 -4.511103424701931839e-12 -5.233170422816724152e-11 -9.597175500019480683e-13 6.479524329495872753e-12 2.216983198717425703e-12 1.389392323893408893e-11 3.573430905328190379e-11 7.764791228898009126e-11 1.411073202974449154e-10 9.096904284112955292e-11 5.528475724212620348e-11 2.148638447858311633e-11
-8.878727507283991727e-11 -3.162962397222371286e-10 -4.448989930723847951e-11 -2.563184444189667282e-10 -2.331043190292800485e-11 1.800900598104867414e-11 4.596519799062658734e-11 9.318905559034375953e-12 -1.396891365485345577e-11 -6.822658746936045883e-12 6.371427489042172802e-11 4.213992674189128971e-12 5.981319792948439656e-12 -1.760701245925531127e-12 1.642017736355595230e-12 3.797079743400805812e-11 9.096904284112955292e-11 1.421117811159939103e-10 9.257413783538959200e-11 2.414839635062657507e-11
2.113174899956611845e-11 -2.507949180621280651e-10 2.649805879635820770e-11 -1.632522265083111305e-10 1.538545251486705919e-12 3.063298080231565684e-11 3.584211191791929451e-11 -6.750460710256264413e-12 3.626185695959990942e-11 2.210135960806605102e-11 6.950876521286230849e-11 1.780029245539371689e-11 6.874185438237806338e-12 2.145454454894366671e-11 9.203013967935482006e-12 4.346154900843094162e-11 5.528475724212620348e-11 9.257413783538959200e-11 1.541679121273665363e-10 7.015840472796160620e-11
-8.337645742098907883e-11 -1.412183138460604478e-10 2.748383528334311152e-11 3.329851733825933711e-11 6.083891238566679437e-11 -8.117524386622115434e-12 -6.601135088957137490e-12 -3.096048341995181297e-11 4.354295786889485260e-11 6.883247137022394862e-11 4.381098915937733222e-11 8.367993884045007131e-12 -4.191519366275754694e-12 4.731092963795559237e-11 2.199387108970067251e-11 2.679644396543337868e-11 2.148638447858311633e-11 2.414839635062657507e-11 7.015840472796160620e-11 1.109418139775201589e-10
