2.774225865470154084e-08 3.298532457330410625e-09 -7.374944570856237255e-10 8.155709563045731396e-10 -1.112829258915996335e-10 1.679151545614620314e-10 -1.661691306624387715e-09 -4.566674355530194930e-10 2.622388774649298996e-10 6.697338335684735490e-11 1.904973453835324759e-10 -2.997054943055894355e-12 4.881121760128105437e-10 2.354823880115716940e-10 -3.709172302964933335e-12 -1.641982264362994475e-10 -1.335846261516914703e-10 1.663937674280686974e-10 8.082962357671783472e-11 -1.558524352248324599e-11
3.298532457330410625e-09 1.754890862271717333e-08 -5.377137399443807998e-10 -8.634186365969280295e-10 -9.320423942420833949e-10 9.670300461387665349e-10 9.702233185045737120e-12 -1.138341837465724052e-10 4.856812769492118379e-10 -3.129535995983077301e-11 1.608412243309384900e-10 -2.416875914257066733e-10 -3.097761179576979676e-10 -7.248470631173461430e-11 -4.697655793813593017e-11 -1.017190630824500360e-10 -2.830038135168930697e-10 -1.861895802528440930e-11 7.346102279752351812e-12 -6.689334453191877006e-11
-7.374944570856237255e-10 -5.377137399443807998e-10 9.487928841178486012e-09 1.017856518658610465e-09 -2.732739422138692965e-10 -3.053521146433341927e-10 -3.083802478943990857e-10 4.295106313187942522e-11 7.228201754164576138e-12 1.276785314089708166e-10 1.997941201060853086e-10 1.520574699470112134e-10 1.096283785850459460e-10 1.225743316928765397e-10 1.484328912914703688e-10 6.682601954183964493e-11 3.500514310654524249e-11 1.897317671746841740e-12 -1.209101711533746766e-11 -7.825183843045857638e-11
8.155709563045731396e-10 -8.634186365969280295e-10 1.017856518658610465e-09 8.145639552462848247e-09 -2.900340424895389018e-10 -2.586199819845483021e-10 -2.497524449907582467e-10 1.431849378068051025e-10 3.505964050112769747e-10 -1.113964324013653714e-10 1.235458123759298217e-10 1.357979080867808038e-10 7.842613379174695260e-11 2.220874021515857507e-10 2.184453514291937152e-10 9.417262979085924938e-11 -3.371420010884881582e-12 3.376451175908535450e-11 1.378190555305800623e-10 6.918836452058524744e-11
-1.112829258915996335e-10 -9.320423942420833949e-10 -2.732739422138692965e-10 -2.900340424895389018e-10 4.226359791761698630e-09 -5.542192721222012206e-11 -2.189625502987319333e-10 6.137639420522816109e-11 -1.065529824257094835e-10 -7.615994304091606049e-11 5.100581125475392073e-11 4.578749767517950627e-11 -2.597111995750698766e-11 -7.853361108329405967e-11 -9.886424801925542512e-11 -1.135117342365837333e-10 4.449368493277481266e-11 1.174902756504205878e-11 -9.873016144909116667e-11 -3.508187231853115435e-11
1.679151545614620314e-10 9.670300461387665349e-10 -3.053521146433341927e-10 -2.586199819845483021e-10 -5.542192721222012206e-11 4.296229133161627209e-09 3.159276200452605419e-10 6.709679019342071670e-11 -1.538211249370227738e-10 -2.297751964670179791e-10 -9.087574762348841531e-11 8.278563004055329544e-11 -1.880608739626975100e-10 2.708864206440968978e-11 1.995539792900545731e-11 -2.099792152257882935e-11 -2.615411242472448070e-11 -4.251196290818568018e-12 6.408746203151780800e-11 2.219921478172753243e-11
-1.661691306624387715e-09 9.702233185045737120e-12 -3.083802478943990857e-10 -2.497524449907582467e-10 -2.189625502987319333e-10 3.159276200452605419e-10 1.895032401675880908e-09 2.523356403711027377e-10 -1.124745365903766603e-10 5.410137217393330594e-11 1.115641748071921318e-11 -8.625521298055979883e-11 -1.341375883333779223e-10 -5.785596576539420629e-11 7.587413485844184618e-12 -3.144771340629066034e-11 -7.139898029053775469e-11 -9.296363293413622667e-11 -5.440687444798731582e-12 -1.035298730342218751e-11
-4.566674355530194930e-10 -1.138341837465724052e-10 4.295106313187942522e-11 1.431849378068051025e-10 6.137639420522816109e-11 6.709679019342071670e-11 2.523356403711027377e-10 1.536010901432505626e-09 1.731258764665815367e-10 1.171647192223119267e-10 4.921639597816498396e-11 6.775678925658565669e-11 -4.163195084085744675e-11 1.642198792318079355e-11 5.465495655660760923e-11 -2.782230362390237815e-11 4.283027144193939216e-11 7.996709274739521458e-12 -2.943931033823491472e-11 -3.033254879736060050e-11
2.622388774649298996e-10 4.856812769492118379e-10 7.228201754164576138e-12 3.505964050112769747e-10 -1.065529824257094835e-10 -1.538211249370227738e-10 -1.124745365903766603e-10 1.731258764665815367e-10 9.666768261076366507e-10 1.747276056121346503e-10 3.698935852726888228e-11 3.623106304148707078e-13 3.420713372689184244e-11 3.018665887136237541e-11 1.692270921970162126e-11 2.621020722690328611e-11 3.136089199747292447e-12 -8.679284914538405430e-12 -1.273509427647537886e-11 1.265853793882195288e-12
6.697338335684735490e-11 -3.129535995983077301e-11 1.276785314089708166e-10 -1.113964324013653714e-10 -7.615994304091606049e-11 -2.297751964670179791e-10 5.410137217393330594e-11 1.171647192223119267e-10 1.747276056121346503e-10 6.739947816783600711e-10 1.206321030821078671e-10 2.047076394025990766e-11 4.628724375867127249e-11 -3.033838673027146095e-11 -5.407724142359572068e-11 -3.288108861492124167e-11 -1.936186549031441538e-11 -3.994236918661554310e-11 -4.237852482077713696e-11 -1.660301081885429203e-11
1.904973453835324759e-10 1.608412243309384900e-10 1.997941201060853086e-10 1.235458123759298217e-10 5.100581125475392073e-11 -9.087574762348841531e-11 1.115641748071921318e-11 4.921639597816498396e-11 3.698935852726888228e-11 1.206321030821078671e-10 5.783523474222370992e-10 1.002669669216421826e-10 1.786068803888774773e-11 1.959856910906327585e-11 -5.287703711659369684e-11 -2.398262233858628806e-11 -5.075862239377135970e-12 2.095198798144725644e-11 1.600405576568678555e-11 -6.861724839839008615e-12
-2.997054943055894355e-12 -2.416875914257066733e-10 1.520574699470112134e-10 1.357979080867808038e-10 4.578749767517950627e-11 8.278563004055329544e-11 -8.625521298055979883e-11 6.775678925658565669e-11 3.623106304148707078e-13 2.047076394025990766e-11 1.002669669216421826e-10 3.814299990998676358e-10 1.070243854012369847e-10 3.730978787977740696e-11 3.326219071292626546e-11 2.459089526414468896e-11 -4.684925912279603193e-12 1.759260137654572911e-12 -3.511576838098244706e-12 -3.051333078633834564e-12
4.881121760128105437e-10 -3.097761179576979676e-10 1.096283785850459460e-10 7.842613379174695260e-11 -2.597111995750698766e-11 -1.880608739626975100e-10 -1.341375883333779223e-10 -4.163195084085744675e-11 3.420713372689184244e-11 4.628724375867127249e-11 1.786068803888774773e-11 1.070243854012369847e-10 2.510407951513771733e-10 7.939241793223621063e-11 2.344130032726550762e-11 3.009789075258944724e-11 2.545628801574186868e-11 1.858494917311994470e-11 2.150703537149879788e-12 -3.958896943651396756e-12
2.354823880115716940e-10 -7.248470631173461430e-11 1.225743316928765397e-10 2.220874021515857507e-10 -7.853361108329405967e-11 2.708864206440968978e-11 -5.785596576539420629e-11 1.642198792318079355e-11 3.018665887136237541e-11 -3.033838673027146095e-11 1.959856910906327585e-11 3.730978787977740696e-11 7.939241793223621063e-11 1.706106294619444292e-10 4.844549374684387575e-11 2.336909902133807314e-11 1.356528320818578496e-11 1.720469605507653760e-11 1.065337956971021244e-11 -9.813960311575944841e-12
-3.709172302964933335e-12 -4.697655793813593017e-11 1.484328912914703688e-10 2.184453514291937152e-10 -9.886424801925542512e-11 1.995539792900545731e-11 7.587413485844184618e-12 5.465495655660760923e-11 1.692270921970162126e-11 -5.407724142359572068e-11 -5.287703711659369684e-11 3.326219071292626546e-11 2.344130032726550762e-11 4.844549374684387575e-11 1.429879615189889050e-10 5.269713157415586112e-11 1.475545038969191747e-11 1.065793246092993871e-11 1.285855067828386579e-11 1.582960230410453971e-11
-1.641982264362994475e-10 -1.017190630824500360e-10 6.682601954183964493e-11 9.417262979085924938e-11 -1.135117342365837333e-10 -2.099792152257882935e-11 -3.144771340629066034e-11 -2.782230362390237815e-11 2.621020722690328611e-11 -3.288108861492124167e-11 -2.398262233858628806e-11 2.459089526414468896e-11 3.009789075258944724e-11 2.336909902133807314e-11 5.269713157415586112e-11 1.039626269503444059e-10 4.431921581306526754e-11 2.069425171507542843e-11 9.159271220175789678e-12 1.397069929670391733e-11
-1.335846261516914703e-10 -2.830038135168930697e-10 3.500514310654524249e-11 -3.371420010884881582e-12 4.449368493277481266e-11 -2.615411242472448070e-11 -7.139898029053775469e-11 4.283027144193939216e-11 3.136089199747292447e-12 -1.936186549031441538e-11 -5.075862239377135970e-12 -4.684925912279603193e-12 2.545628801574186868e-11 1.356528320818578496e-11 1.475545038969191747e-11 4.431921581306526754e-11 9.970823459189629830e-11 3.731430534945539578e-11 1.210549842670645337e-11 1.117558796259791839e-11
1.663937674280686974e-10 -1.861895802528440930e-11 1.897317671746841740e-12 3.376451175908535450e-11 1.174902756504205878e-11 -4.251196290818568018e-12 -9.296363293413622667e-11 7.996709274739521458e-12 -8.679284914538405430e-12 -3.994236918661554310e-11 2.095198798144725644e-11 1.759260137654572911e-12 1.858494917311994470e-11 1.720469605507653760e-11 1.065793246092993871e-11 2.069425171507542843e-11 3.731430534945539578e-11 6.986572106890128086e-11 3.531480290970703133e-11 1.076780852997997251e-11
8.082962357671783472e-11 7.346102279752351812e-12 -1.209101711533746766e-11 1.378190555305800623e-10 -9.873016144909116667e-11 6.408746203151780800e-11 -5.440687444798731582e-12 -2.943931033823491472e-11 -1.273509427647537886e-11 -4.237852482077713696e-11 1.600405576568678555e-11 -3.511576838098244706e-12 2.150703537149879788e-12 1.065337956971021244e-11 1.285855067828386579e-11 9.159271220175789678e-12 1.210549842670645337e-11 3.531480290970703133e-11 6.937070395950477326e-11 2.321923708388611521e-11
-1.558524352248324599e-11 -6.689334453191877006e-11 -7.825183843045857638e-11 6.918836452058524744e-11 -3.508187231853115435e-11 2.219921478172753243e-11 -1.035298730342218751e-11 -3.033254879736060050e-11 1.265853793882195288e-12 -1.660301081885429203e-11 -6.861724839839008615e-12 -3.051333078633834564e-12 -3.958896943651396756e-12 -9.813960311575944841e-12 1.582960230410453971e-11 1.397069929670391733e-11 1.117558796259791839e-11 1.076780852997997251e-11 2.321923708388611521e-11 5.015434970718483554e-11
