6.393687011632802092e-05 4.238921677331434281e-05 3.901696726181882492e-05 3.584563647073358628e-05 3.503978719408543032e-05 3.314901982787829586e-05 3.538078396789784571e-05 3.481876141350210413e-05 3.382764831625191337e-05 3.208985697593004927e-05 3.159599394671630551e-05 3.037814255166599366e-05 2.890414225689993093e-05 2.726949909931340789e-05 2.384903864050034008e-05 2.148835029148565921e-05 1.758118981061685302e-05 1.285587291998359894e-05 7.624872377495657109e-06 2.383323825703625228e-06
4.238921677331434281e-05 6.579237667247497259e-05 4.349893884753425031e-05 4.152095907514813177e-05 4.229596654410312307e-05 3.798262086452018562e-05 3.907442151840467267e-05 4.013481143710051458e-05 3.845519308954314431e-05 3.626213790529627881e-05 3.560253019701169013e-05 3.440306621137929763e-05 3.278884024094366804e-05 3.047108333752142708e-05 2.656812102355172203e-05 2.249215962862682902e-05 1.725295401030499588e-05 1.122687117904156368e-05 5.071817135828936392e-06 -3.931557124349927817e-07
3.901696726181882492e-05 4.349893884753425031e-05 5.441716352506491939e-05 4.027203900462844214e-05 3.801355501314356776e-05 3.535247613044528134e-05 3.731672048097314033e-05 3.615942396681861296e-05 3.527587985966542864e-05 3.384771122565242448e-05 3.284299185656802342e-05 3.162536563328809434e-05 3.009336296332198364e-05 2.821567289418793040e-05 2.476729333630066577e-05 2.125164757512887294e-05 1.713333509930750460e-05 1.234034794417626893e-05 7.634101603021968950e-06 3.334539439687734455e-06
3.584563647073358628e-05 4.152095907514813177e-05 4.027203900462844214e-05 4.555148516615859568e-05 3.779229468795630161e-05 3.510993214353506068e-05 3.609105407846928632e-05 3.580050765204962504e-05 3.543947550544534586e-05 3.424136988123040735e-05 3.311235985648643072e-05 3.199711778750411427e-05 3.075458772134074197e-05 2.901378595103068579e-05 2.565733199038664701e-05 2.212582028142130505e-05 1.799444875603844034e-05 1.327032170622393136e-05 8.163157604639052463e-06 3.193560211170839758e-06
3.503978719408543032e-05 4.229596654410312307e-05 3.801355501314356776e-05 3.779229468795630161e-05 4.381718782846318202e-05 3.408789257306142200e-05 3.714181228597991576e-05 3.624750714220299536e-05 3.568546964174187236e-05 3.356790875596969833e-05 3.240149740917217718e-05 3.091781498476899747e-05 2.948085113057862647e-05 2.757532374811825197e-05 2.441482575140425953e-05 2.098568763443628584e-05 1.688144749495298531e-05 1.216330495244877610e-05 6.715114665014254324e-06 1.948724790692812395e-06
3.314901982787829586e-05 3.798262086452018562e-05 3.535247613044528134e-05 3.510993214353506068e-05 3.408789257306142200e-05 3.458448318700651190e-05 3.355580749774655220e-05 3.306804405760760136e-05 3.226308312515511459e-05 3.065769236771681046e-05 2.959371392391324540e-05 2.870916832560001581e-05 2.790191039478231947e-05 2.620354693064960366e-05 2.329483833730361703e-05 2.007559064536640396e-05 1.641141473310839998e-05 1.192670386617537895e-05 6.922624805964620276e-06 2.510172434901574959e-06
3.538078396789784571e-05 3.907442151840467267e-05 3.731672048097314033e-05 3.609105407846928632e-05 3.714181228597991576e-05 3.355580749774655220e-05 3.746303004202331606e-05 3.537405285421569792e-05 3.449959903891200387e-05 3.312423803096654304e-05 3.197746192502708037e-05 3.066809843540635629e-05 2.953425040805309030e-05 2.776037997336068642e-05 2.477252367875495804e-05 2.138918191320141263e-05 1.744474343723984071e-05 1.264822025971184161e-05 7.310194653464112955e-06 2.506919924388431039e-06
3.481876141350210413e-05 4.013481143710051458e-05 3.615942396681861296e-05 3.580050765204962504e-05 3.624750714220299536e-05 3.306804405760760136e-05 3.537405285421569792e-05 3.745497125838037394e-05 3.512675057957643311e-05 3.362030321210135512e-05 3.277378995446486451e-05 3.160922292431494151e-05 3.036206904311442806e-05 2.865002219837178434e-05 2.544618864886476209e-05 2.172115289857716201e-05 1.745783924123103364e-05 1.246891621215990892e-05 6.684551538477137563e-06 1.724292971688365009e-06
3.382764831625191337e-05 3.845519308954314431e-05 3.527587985966542864e-05 3.543947550544534586e-05 3.568546964174187236e-05 3.226308312515511459e-05 3.449959903891200387e-05 3.512675057957643311e-05 3.541251041177640813e-05 3.301504864223641950e-05 3.182805938779883803e-05 3.064397184490053912e-05 2.950404423755041830e-05 2.770555223344962559e-05 2.461184985434430300e-05 2.100029237357844440e-05 1.697338423785543581e-05 1.221021015518840903e-05 6.762210488362867390e-06 1.943731549836443456e-06
3.208985697593004927e-05 3.626213790529627881e-05 3.384771122565242448e-05 3.424136988123040735e-05 3.356790875596969833e-05 3.065769236771681046e-05 3.312423803096654304e-05 3.362030321210135512e-05 3.301504864223641950e-05 3.310013026090649060e-05 3.146392993320811562e-05 3.035566651908887657e-05 2.937809548144575025e-05 2.761546584636926751e-05 2.459822889009523933e-05 2.128889206412577805e-05 1.715241609968167215e-05 1.244521905187698959e-05 6.859441971750041555e-06 1.943537620492122113e-06
3.159599394671630551e-05 3.560253019701169013e-05 3.284299185656802342e-05 3.311235985648643072e-05 3.240149740917217718e-05 2.959371392391324540e-05 3.197746192502708037e-05 3.277378995446486451e-05 3.182805938779883803e-05 3.146392993320811562e-05 3.102576475881788629e-05 2.975752827092177467e-05 2.864316155285190330e-05 2.689791088247916811e-05 2.384480129611823775e-05 2.041733064398636695e-05 1.649839557501287746e-05 1.199234274184534849e-05 6.724072155133901959e-06 1.946636101906011121e-06
3.037814255166599366e-05 3.440306621137929763e-05 3.162536563328809434e-05 3.199711778750411427e-05 3.091781498476899747e-05 2.870916832560001581e-05 3.066809843540635629e-05 3.160922292431494151e-05 3.064397184490053912e-05 3.035566651908887657e-05 2.975752827092177467e-05 2.944440214689908868e-05 2.843594980974005235e-05 2.675623899538786469e-05 2.380868685909822647e-05 2.053989677026934503e-05 1.674921439955001228e-05 1.240537326747502663e-05 7.214181837813864378e-06 2.452740477510983228e-06
2.890414225689993093e-05 3.278884024094366804e-05 3.009336296332198364e-05 3.075458772134074197e-05 2.948085113057862647e-05 2.790191039478231947e-05 2.953425040805309030e-05 3.036206904311442806e-05 2.950404423755041830e-05 2.937809548144575025e-05 2.864316155285190330e-05 2.843594980974005235e-05 2.838184348703738950e-05 2.675750861976500296e-05 2.393262612886875099e-05 2.077433129154585047e-05 1.698801911052894571e-05 1.262224888371568653e-05 7.307289299142064941e-06 2.296756954216630048e-06
2.726949909931340789e-05 3.047108333752142708e-05 2.821567289418793040e-05 2.901378595103068579e-05 2.757532374811825197e-05 2.620354693064960366e-05 2.776037997336068642e-05 2.865002219837178434e-05 2.770555223344962559e-05 2.761546584636926751e-05 2.689791088247916811e-05 2.675623899538786469e-05 2.675750861976500296e-05 2.582574517371008825e-05 2.325196496783777061e-05 2.039042749678900891e-05 1.672836307413826912e-05 1.260477511214606272e-05 7.592540447685123888e-06 2.661868372577249482e-06
2.384903864050034008e-05 2.656812102355172203e-05 2.476729333630066577e-05 2.565733199038664701e-05 2.441482575140425953e-05 2.329483833730361703e-05 2.477252367875495804e-05 2.544618864886476209e-05 2.461184985434430300e-05 2.459822889009523933e-05 2.384480129611823775e-05 2.380868685909822647e-05 2.393262612886875099e-05 2.325196496783777061e-05 2.152638260081596530e-05 1.899582346068562602e-05 1.563902445666702181e-05 1.185189669611146939e-05 7.339303026843235639e-06 2.788775900344638349e-06
2.148835029148565921e-05 2.249215962862682902e-05 2.125164757512887294e-05 2.212582028142130505e-05 2.098568763443628584e-05 2.007559064536640396e-05 2.138918191320141263e-05 2.172115289857716201e-05 2.100029237357844440e-05 2.128889206412577805e-05 2.041733064398636695e-05 2.053989677026934503e-05 2.077433129154585047e-05 2.039042749678900891e-05 1.899582346068562602e-05 1.766017044257176593e-05 1.495528984164834917e-05 1.180243118725117027e-05 7.789967440655102486e-06 3.563511638287159340e-06
1.758118981061685302e-05 1.725295401030499588e-05 1.713333509930750460e-05 1.799444875603844034e-05 1.688144749495298531e-05 1.641141473310839998e-05 1.744474343723984071e-05 1.745783924123103364e-05 1.697338423785543581e-05 1.715241609968167215e-05 1.649839557501287746e-05 1.674921439955001228e-05 1.698801911052894571e-05 1.672836307413826912e-05 1.563902445666702181e-05 1.495528984164834917e-05 1.349090654893624025e-05 1.118171985748985562e-05 7.922863676766929824e-06 4.272368942563210154e-06
1.285587291998359894e-05 1.122687117904156368e-05 1.234034794417626893e-05 1.327032170622393136e-05 1.216330495244877610e-05 1.192670386617537895e-05 1.264822025971184161e-05 1.246891621215990892e-05 1.221021015518840903e-05 1.244521905187698959e-05 1.199234274184534849e-05 1.240537326747502663e-05 1.262224888371568653e-05 1.260477511214606272e-05 1.185189669611146939e-05 1.180243118725117027e-05 1.118171985748985562e-05 1.028090759147067526e-05 8.064760431022791528e-06 5.167446160866072143e-06
7.624872377495657109e-06 5.071817135828936392e-06 7.634101603021968950e-06 8.163157604639052463e-06 6.715114665014254324e-06 6.922624805964620276e-06 7.310194653464112955e-06 6.684551538477137563e-06 6.762210488362867390e-06 6.859441971750041555e-06 6.724072155133901959e-06 7.214181837813864378e-06 7.307289299142064941e-06 7.592540447685123888e-06 7.339303026843235639e-06 7.789967440655102486e-06 7.922863676766929824e-06 8.064760431022791528e-06 7.733749654327338509e-06 6.099479175605116267e-06
2.383323825703625228e-06 -3.931557124349927817e-07 3.334539439687734455e-06 3.193560211170839758e-06 1.948724790692812395e-06 2.510172434901574959e-06 2.506919924388431039e-06 1.724292971688365009e-06 1.943731549836443456e-06 1.943537620492122113e-06 1.946636101906011121e-06 2.452740477510983228e-06 2.296756954216630048e-06 2.661868372577249482e-06 2.788775900344638349e-06 3.563511638287159340e-06 4.272368942563210154e-06 5.167446160866072143e-06 6.099479175605116267e-06 6.402364418900297969e-06
