1.002955722096035532e-09 2.244767521654944733e-11 5.073928240261410564e-12 1.222845136707609696e-10 7.415142660847141522e-11 6.053613111606175157e-11 3.432042644882088289e-11 3.675846617379078634e-11 6.193176718862094035e-11 6.398534990124984176e-11 7.425483753170656277e-11 9.078371814868765026e-11 1.395141478128339026e-10 1.852837197832458839e-10 2.524564811645483033e-10 2.362286367264318581e-10 2.213048568461350293e-10 1.678264275308090007e-10 2.021104288838722133e-10 1.060970252819900543e-10
2.244767521654944733e-11 6.663483475420008298e-10 3.891687374648321547e-11 6.473570771154100618e-11 6.923323849076191272e-11 1.385846513183189272e-11 4.266997029086198588e-11 7.572512915195530712e-11 8.604958971602844201e-11 7.219625464897792921e-11 9.674316216973807872e-11 1.130720649451414076e-10 9.969782619324703412e-11 4.565428646350112211e-11 -2.513777101957023865e-12 -1.241547345202501102e-11 -4.534165976749981884e-11 -1.727890226752940667e-11 9.613626483245115098e-12 8.369699367196190101e-12
5.073928240261410564e-12 3.891687374648321547e-11 6.069233179383555270e-10 1.231407331961531682e-10 1.185455287407038140e-10 1.705822445299245000e-11 4.712349482448404441e-11 1.348185535525783282e-11 3.488926996205221742e-11 -4.802452281164039358e-12 3.924088772871782094e-11 3.286478089292726382e-11 2.103382583947349408e-11 1.300717210742192631e-11 -8.545541747557265734e-13 8.191702176325884053e-12 -5.710862571741212152e-12 -2.846258259046028025e-12 -1.278123377406873904e-11 -3.230321914231477446e-11
1.222845136707609696e-10 6.473570771154100618e-11 1.231407331961531682e-10 3.061272797526173566e-10 9.446809142937872946e-11 5.920257652622350995e-11 4.587900653649147905e-11 3.542324790221498586e-11 3.038337204746256126e-11 2.042788028991561352e-11 3.456714639484093644e-11 1.369670456265610025e-11 1.712863279482248499e-11 1.287372992658771530e-11 1.287028862416250315e-11 1.397858820704375542e-11 2.608262544092905067e-11 2.584431272864778787e-11 2.053522704525619699e-11 -1.229179253165853122e-11
7.415142660847141522e-11 6.923323849076191272e-11 1.185455287407038140e-10 9.446809142937872946e-11 2.987490346433257373e-10 6.011398328388738295e-11 3.263094497772387500e-11 2.426928168131674245e-11 2.899341646930242866e-11 1.559893977918644433e-11 3.887732568632521475e-11 3.888355017981396251e-11 2.248135535995357900e-11 4.602822469117486924e-11 5.268435490041930562e-11 2.976460939942099376e-11 1.233348921481098283e-11 9.788451851552360138e-12 1.182609559590020465e-11 3.392881418057872323e-11
6.053613111606175157e-11 1.385846513183189272e-11 1.705822445299245000e-11 5.920257652622350995e-11 6.011398328388738295e-11 2.071857769264126904e-10 9.993979796587282123e-11 4.403365416704719062e-11 2.014331281708551302e-11 8.972200176103013215e-12 -4.114548660673676596e-12 -2.551144256120835632e-12 9.837108374767183136e-12 2.243560758179569967e-11 2.311013692306184045e-11 2.863703384173367335e-11 2.194595759573824770e-11 2.755122947589996365e-11 2.735644425742190767e-11 3.092946568148636202e-11
3.432042644882088289e-11 4.266997029086198588e-11 4.712349482448404441e-11 4.587900653649147905e-11 3.263094497772387500e-11 9.993979796587282123e-11 2.085909183794521492e-10 9.698361707446781168e-11 1.021605832331070638e-10 7.795733262662090776e-11 6.959730931109035139e-11 6.669881724797682644e-11 7.658901774589048336e-11 6.742211816575738478e-11 5.206151661491139320e-11 4.555724566467429422e-11 4.144179957794540632e-11 6.103511140919710339e-11 9.323577390618815037e-11 1.089431660315662133e-10
3.675846617379078634e-11 7.572512915195530712e-11 1.348185535525783282e-11 3.542324790221498586e-11 2.426928168131674245e-11 4.403365416704719062e-11 9.698361707446781168e-11 1.659658850788147697e-10 1.256721391800511029e-10 1.085143544261015438e-10 9.551948518901715809e-11 8.423118639864610185e-11 8.952306672603490984e-11 6.732317314410674970e-11 5.691250604133648947e-11 4.679043337135558087e-11 5.502467979721641571e-11 6.429916955893472100e-11 6.413867827441688100e-11 7.577650198199274903e-11
6.193176718862094035e-11 8.604958971602844201e-11 3.488926996205221742e-11 3.038337204746256126e-11 2.899341646930242866e-11 2.014331281708551302e-11 1.021605832331070638e-10 1.256721391800511029e-10 2.309980525670020568e-10 1.825882312671318844e-10 1.657635959034271929e-10 1.439875960186910961e-10 1.429306510567300744e-10 1.301787080752252400e-10 1.351747824765782145e-10 1.389287219964878211e-10 1.368062296802259326e-10 1.280667062769380805e-10 1.179935547764620536e-10 1.095082883291080099e-10
6.398534990124984176e-11 7.219625464897792921e-11 -4.802452281164039358e-12 2.042788028991561352e-11 1.559893977918644433e-11 8.972200176103013215e-12 7.795733262662090776e-11 1.085143544261015438e-10 1.825882312671318844e-10 2.309435863801712741e-10 2.188333212477246248e-10 2.011334497259725330e-10 1.983673548900291945e-10 1.773949359397301992e-10 1.753942310733361991e-10 1.738057816268133309e-10 1.863965790548549670e-10 1.699345883036618678e-10 1.712467843746399042e-10 1.709678827019700093e-10
7.425483753170656277e-11 9.674316216973807872e-11 3.924088772871782094e-11 3.456714639484093644e-11 3.887732568632521475e-11 -4.114548660673676596e-12 6.959730931109035139e-11 9.551948518901715809e-11 1.657635959034271929e-10 2.188333212477246248e-10 3.222686345392257956e-10 3.174640063070376114e-10 3.243776912313258795e-10 3.001151292650073352e-10 3.092601422483250141e-10 3.138240464036298412e-10 3.437543173836571792e-10 3.202076012076808340e-10 2.781345980314429752e-10 2.538355909320949020e-10
9.078371814868765026e-11 1.130720649451414076e-10 3.286478089292726382e-11 1.369670456265610025e-11 3.888355017981396251e-11 -2.551144256120835632e-12 6.669881724797682644e-11 8.423118639864610185e-11 1.439875960186910961e-10 2.011334497259725330e-10 3.174640063070376114e-10 4.017572033923394014e-10 4.211404799409092398e-10 4.083174340081365075e-10 4.144112782201146687e-10 4.142935608761085639e-10 4.507178792938459790e-10 4.519268783224964511e-10 4.067021980475299442e-10 3.640976499607519751e-10
1.395141478128339026e-10 9.969782619324703412e-11 2.103382583947349408e-11 1.712863279482248499e-11 2.248135535995357900e-11 9.837108374767183136e-12 7.658901774589048336e-11 8.952306672603490984e-11 1.429306510567300744e-10 1.983673548900291945e-10 3.243776912313258795e-10 4.211404799409092398e-10 5.647980279692063175e-10 5.808438919672826080e-10 5.942287237058471161e-10 6.123587826222018192e-10 6.674147153319933721e-10 6.649033283152100014e-10 6.062983857398829767e-10 5.628732060301088506e-10
1.852837197832458839e-10 4.565428646350112211e-11 1.300717210742192631e-11 1.287372992658771530e-11 4.602822469117486924e-11 2.243560758179569967e-11 6.742211816575738478e-11 6.732317314410674970e-11 1.301787080752252400e-10 1.773949359397301992e-10 3.001151292650073352e-10 4.083174340081365075e-10 5.808438919672826080e-10 7.241066138028171682e-10 7.879100443488141762e-10 8.177848284297978384e-10 9.108366190264913108e-10 9.389758064590707323e-10 8.928749811290627562e-10 8.658274251582751201e-10
2.524564811645483033e-10 -2.513777101957023865e-12 -8.545541747557265734e-13 1.287028862416250315e-11 5.268435490041930562e-11 2.311013692306184045e-11 5.206151661491139320e-11 5.691250604133648947e-11 1.351747824765782145e-10 1.753942310733361991e-10 3.092601422483250141e-10 4.144112782201146687e-10 5.942287237058471161e-10 7.879100443488141762e-10 1.018907013102291741e-09 1.134320563544343070e-09 1.299597421770428132e-09 1.380697263909150517e-09 1.300439406139185328e-09 1.157152753544303001e-09
2.362286367264318581e-10 -1.241547345202501102e-11 8.191702176325884053e-12 1.397858820704375542e-11 2.976460939942099376e-11 2.863703384173367335e-11 4.555724566467429422e-11 4.679043337135558087e-11 1.389287219964878211e-10 1.738057816268133309e-10 3.138240464036298412e-10 4.142935608761085639e-10 6.123587826222018192e-10 8.177848284297978384e-10 1.134320563544343070e-09 1.463054234621720560e-09 1.794527211722457613e-09 1.980639968127485158e-09 1.913076035023166840e-09 1.667577359335757187e-09
2.213048568461350293e-10 -4.534165976749981884e-11 -5.710862571741212152e-12 2.608262544092905067e-11 1.233348921481098283e-11 2.194595759573824770e-11 4.144179957794540632e-11 5.502467979721641571e-11 1.368062296802259326e-10 1.863965790548549670e-10 3.437543173836571792e-10 4.507178792938459790e-10 6.674147153319933721e-10 9.108366190264913108e-10 1.299597421770428132e-09 1.794527211722457613e-09 2.563185123277859816e-09 2.993365573347849218e-09 2.969620613977190633e-09 2.613741438015423225e-09
1.678264275308090007e-10 -1.727890226752940667e-11 -2.846258259046028025e-12 2.584431272864778787e-11 9.788451851552360138e-12 2.755122947589996365e-11 6.103511140919710339e-11 6.429916955893472100e-11 1.280667062769380805e-10 1.699345883036618678e-10 3.202076012076808340e-10 4.519268783224964511e-10 6.649033283152100014e-10 9.389758064590707323e-10 1.380697263909150517e-09 1.980639968127485158e-09 2.993365573347849218e-09 3.855340372570671624e-09 4.031943921928805819e-09 3.653103078495186204e-09
2.021104288838722133e-10 9.613626483245115098e-12 -1.278123377406873904e-11 2.053522704525619699e-11 1.182609559590020465e-11 2.735644425742190767e-11 9.323577390618815037e-11 6.413867827441688100e-11 1.179935547764620536e-10 1.712467843746399042e-10 2.781345980314429752e-10 4.067021980475299442e-10 6.062983857398829767e-10 8.928749811290627562e-10 1.300439406139185328e-09 1.913076035023166840e-09 2.969620613977190633e-09 4.031943921928805819e-09 4.714838813527808782e-09 4.697932154515617833e-09
1.060970252819900543e-10 8.369699367196190101e-12 -3.230321914231477446e-11 -1.229179253165853122e-11 3.392881418057872323e-11 3.092946568148636202e-11 1.089431660315662133e-10 7.577650198199274903e-11 1.095082883291080099e-10 1.709678827019700093e-10 2.538355909320949020e-10 3.640976499607519751e-10 5.628732060301088506e-10 8.658274251582751201e-10 1.157152753544303001e-09 1.667577359335757187e-09 2.613741438015423225e-09 3.653103078495186204e-09 4.697932154515617833e-09 5.623648450041284621e-09
