2.912305962682654385e-08 1.858218034205486253e-09 7.547845483852404148e-10 2.178129961844350583e-09 7.017906966010008972e-11 5.404868300666234060e-10 6.477505361964404917e-11 -2.018704469338320677e-10 4.030944438945505315e-11 5.166639606403149425e-10 -7.124434898760959011e-10 -7.079327048540246545e-11 -1.545556367685924907e-10 -2.169604694104120188e-10 1.613434752534910285e-10 -1.453733163803344008e-10 1.330258050023495615e-10 -1.039201222892442200e-10 2.536150107657974204e-11 -6.728789634850338793e-11
1.858218034205486253e-09 1.618207864735531002e-08 2.907087547035552274e-10 3.177689066341921341e-09 -1.647872998713602720e-12 7.270303984471650044e-11 -1.620937909825409867e-10 -3.845395579654892116e-10 1.746654359028427046e-10 2.025876415214752054e-10 -5.658534056790668256e-10 -2.835821497188112002e-10 2.751826362512010742e-10 -2.849148745253073722e-11 -1.629769825302258407e-10 -2.571289334140937421e-10 -3.519965647772278925e-11 -3.629701405579972145e-10 -2.655825109319582788e-10 -9.863305212208366779e-11
7.547845483852404148e-10 2.907087547035552274e-10 1.330367414099235459e-08 1.862120388370827931e-09 8.690784030033798482e-12 -1.202436999707056789e-09 4.086393946251783470e-10 2.532386271870279260e-10 8.905148305423152671e-11 2.752063159048032390e-10 -4.306838806668299673e-10 -9.282970346906273197e-12 -1.430770531172085559e-10 1.945011854612124297e-12 -1.275235565266261142e-10 1.279450884109853494e-10 -8.134131994505754228e-12 -4.992520109872547097e-11 2.752597823748605385e-11 4.767920415498111828e-11
2.178129961844350583e-09 3.177689066341921341e-09 1.862120388370827931e-09 9.378098893913042332e-09 1.000473971043384804e-09 -6.270007895024931352e-11 -5.376463368135425278e-10 -1.315702273534829164e-10 -1.912006452975390897e-11 1.624963988452421103e-11 -2.996891318876419031e-10 9.834944589837560629e-11 -9.285477037438031205e-11 9.245059948275572861e-11 -1.321716496776430916e-10 -1.995676735569962662e-10 -2.006164470374599841e-10 -2.883231581079925842e-10 -1.714765177205102033e-10 4.740275319104875423e-11
7.017906966010008972e-11 -1.647872998713602720e-12 8.690784030033798482e-12 1.000473971043384804e-09 5.738166343703866710e-09 4.531595275642606931e-10 -4.468651307863196968e-11 -2.557236952943213476e-10 -2.305303873682998750e-11 7.166375681595558877e-11 -8.892550081150306839e-11 -1.225954020500343882e-10 1.326711801154247586e-10 2.734903398586076588e-10 1.051411770822747046e-10 6.324924701853521720e-11 -5.438665752241627005e-11 -2.703470460849340746e-11 3.506575065190438229e-12 7.679263466872454620e-11
5.404868300666234060e-10 7.270303984471650044e-11 -1.202436999707056789e-09 -6.270007895024931352e-11 4.531595275642606931e-10 2.865068245988108447e-09 6.221813097861680575e-11 1.561438232246713339e-10 2.306889693941310113e-10 1.539713441271650730e-10 1.899663663764176369e-10 -1.055927637690757299e-10 1.689025129497760387e-11 -2.615613507167662664e-11 -6.942121651549652329e-11 -1.066269789155407804e-10 -7.218971261901488588e-11 1.398913193780370786e-11 3.178275314485960913e-11 -2.715810864852654749e-12
6.477505361964404917e-11 -1.620937909825409867e-10 4.086393946251783470e-10 -5.376463368135425278e-10 -4.468651307863196968e-11 6.221813097861680575e-11 2.004110833633009299e-09 2.396661004506830063e-10 -1.665312845005102030e-11 1.839994670142641032e-10 -1.011261542381781985e-10 1.282870234732670554e-11 1.393719040593824106e-10 5.212785814492660861e-11 3.566305409738778779e-11 5.587784157541418871e-11 7.643604130357057263e-11 4.492551423594817293e-11 3.912545025423628959e-11 -6.701162812194871380e-14
-2.018704469338320677e-10 -3.845395579654892116e-10 2.532386271870279260e-10 -1.315702273534829164e-10 -2.557236952943213476e-10 1.561438232246713339e-10 2.396661004506830063e-10 1.590772999569767650e-09 9.063977357901205787e-11 1.475747777005885027e-10 1.234241590349015439e-10 8.142279900427600536e-12 -2.384399184361906163e-11 -1.131028105121630320e-12 -1.473383429756397621e-11 -1.263852614443327488e-11 -8.851612971953620006e-12 8.657584110672543056e-12 -2.412170492833966833e-12 -2.488532982543539311e-11
4.030944438945505315e-11 1.746654359028427046e-10 8.905148305423152671e-11 -1.912006452975390897e-11 -2.305303873682998750e-11 2.306889693941310113e-10 -1.665312845005102030e-11 9.063977357901205787e-11 1.110034923510760631e-09 3.200525918074617630e-10 2.044354377639265148e-10 6.166449487394144903e-11 1.119618055244469019e-10 2.849364187395362907e-11 2.560069194493387857e-11 3.468102719862172494e-11 -6.408246120122078837e-12 -1.626259252475745546e-11 3.837443486085325432e-11 4.845125016591682023e-11
5.166639606403149425e-10 2.025876415214752054e-10 2.752063159048032390e-10 1.624963988452421103e-11 7.166375681595558877e-11 1.539713441271650730e-10 1.839994670142641032e-10 1.475747777005885027e-10 3.200525918074617630e-10 8.379849644085096407e-10 1.812548877210794782e-10 9.792061872065939933e-11 7.549450642051571369e-11 4.068923397853113564e-11 -1.392379028365687177e-11 -3.276045128798306636e-11 -5.327243894495449689e-11 -7.107731756635315967e-12 2.434716609175807024e-11 7.580329825739737456e-11
-7.124434898760959011e-10 -5.658534056790668256e-10 -4.306838806668299673e-10 -2.996891318876419031e-10 -8.892550081150306839e-11 1.899663663764176369e-10 -1.011261542381781985e-10 1.234241590349015439e-10 2.044354377639265148e-10 1.812548877210794782e-10 7.064969374700629339e-10 1.262897417561221887e-10 2.911212962727247280e-11 3.162244221488263112e-11 -2.596735623370669954e-11 -5.071851456587202797e-12 -1.683719633942572463e-12 6.585395639838208014e-11 7.357138338602749918e-11 4.933863146687228507e-11
-7.079327048540246545e-11 -2.835821497188112002e-10 -9.282970346906273197e-12 9.834944589837560629e-11 -1.225954020500343882e-10 -1.055927637690757299e-10 1.282870234732670554e-11 8.142279900427600536e-12 6.166449487394144903e-11 9.792061872065939933e-11 1.262897417561221887e-10 3.893657143613886079e-10 1.188531453613393312e-10 4.258270275513970074e-11 8.552901480118942194e-11 6.650593091168088728e-11 7.664869540966400089e-12 5.203446984345341842e-12 1.950238070771496327e-11 1.125813045725373427e-11
-1.545556367685924907e-10 2.751826362512010742e-10 -1.430770531172085559e-10 -9.285477037438031205e-11 1.326711801154247586e-10 1.689025129497760387e-11 1.393719040593824106e-10 -2.384399184361906163e-11 1.119618055244469019e-10 7.549450642051571369e-11 2.911212962727247280e-11 1.188531453613393312e-10 3.212925483571776551e-10 1.061641295356337590e-10 7.779696296677457520e-11 4.443125250312363873e-11 2.903184992623753620e-12 6.558375294061399250e-12 7.716966294283002860e-12 -2.702062536384927566e-12
-2.169604694104120188e-10 -2.849148745253073722e-11 1.945011854612124297e-12 9.245059948275572861e-11 2.734903398586076588e-10 -2.615613507167662664e-11 5.212785814492660861e-11 -1.131028105121630320e-12 2.849364187395362907e-11 4.068923397853113564e-11 3.162244221488263112e-11 4.258270275513970074e-11 1.061641295356337590e-10 2.251166239924563034e-10 9.340045796416520593e-11 5.148967843305095443e-11 1.543127985024935211e-11 -1.109293915204947497e-12 2.309726359929232127e-11 5.015828387898517204e-11
1.613434752534910285e-10 -1.629769825302258407e-10 -1.275235565266261142e-10 -1.321716496776430916e-10 1.051411770822747046e-10 -6.942121651549652329e-11 3.566305409738778779e-11 -1.473383429756397621e-11 2.560069194493387857e-11 -1.392379028365687177e-11 -2.596735623370669954e-11 8.552901480118942194e-11 7.779696296677457520e-11 9.340045796416520593e-11 2.167909025869358771e-10 1.064845941756040651e-10 3.779206599894019731e-11 2.525630372359245511e-12 1.032440853295865282e-11 2.390103687445596509e-11
-1.453733163803344008e-10 -2.571289334140937421e-10 1.279450884109853494e-10 -1.995676735569962662e-10 6.324924701853521720e-11 -1.066269789155407804e-10 5.587784157541418871e-11 -1.263852614443327488e-11 3.468102719862172494e-11 -3.276045128798306636e-11 -5.071851456587202797e-12 6.650593091168088728e-11 4.443125250312363873e-11 5.148967843305095443e-11 1.064845941756040651e-10 1.731022851111419737e-10 8.085357490837697719e-11 3.980334525362206690e-11 4.545436161967096194e-11 2.880814726135427228e-11
1.330258050023495615e-10 -3.519965647772278925e-11 -8.134131994505754228e-12 -2.006164470374599841e-10 -5.438665752241627005e-11 -7.218971261901488588e-11 7.643604130357057263e-11 -8.851612971953620006e-12 -6.408246120122078837e-12 -5.327243894495449689e-11 -1.683719633942572463e-12 7.664869540966400089e-12 2.903184992623753620e-12 1.543127985024935211e-11 3.779206599894019731e-11 8.085357490837697719e-11 1.467744568090113460e-10 9.478585432906025494e-11 5.760079456470232918e-11 2.281452779199227741e-11
-1.039201222892442200e-10 -3.629701405579972145e-10 -4.992520109872547097e-11 -2.883231581079925842e-10 -2.703470460849340746e-11 1.398913193780370786e-11 4.492551423594817293e-11 8.657584110672543056e-12 -1.626259252475745546e-11 -7.107731756635315967e-12 6.585395639838208014e-11 5.203446984345341842e-12 6.558375294061399250e-12 -1.109293915204947497e-12 2.525630372359245511e-12 3.980334525362206690e-11 9.478585432906025494e-11 1.475816674448390268e-10 9.603765444051525647e-11 2.529069835705263391e-11
2.536150107657974204e-11 -2.655825109319582788e-10 2.752597823748605385e-11 -1.714765177205102033e-10 3.506575065190438229e-12 3.178275314485960913e-11 3.912545025423628959e-11 -2.412170492833966833e-12 3.837443486085325432e-11 2.434716609175807024e-11 7.357138338602749918e-11 1.950238070771496327e-11 7.716966294283002860e-12 2.309726359929232127e-11 1.032440853295865282e-11 4.545436161967096194e-11 5.760079456470232918e-11 9.603765444051525647e-11 1.593441073782685712e-10 7.261275275204546531e-11
-6.728789634850338793e-11 -9.863305212208366779e-11 4.767920415498111828e-11 4.740275319104875423e-11 7.679263466872454620e-11 -2.715810864852654749e-12 -6.701162812194871380e-14 -2.488532982543539311e-11 4.845125016591682023e-11 7.580329825739737456e-11 4.933863146687228507e-11 1.125813045725373427e-11 -2.702062536384927566e-12 5.015828387898517204e-11 2.390103687445596509e-11 2.880814726135427228e-11 2.281452779199227741e-11 2.529069835705263391e-11 7.261275275204546531e-11 1.147943399688254462e-10
