1.002471776809776556e-04 5.480042514598371583e-05 6.106730727437692594e-05 5.130655628760091028e-05 5.504897187429062501e-05 5.079882835526957437e-05 5.286154960692396478e-05 5.493803909389372573e-05 5.240438116618048890e-05 5.328520852605951336e-05 5.120658819985467186e-05 4.929541866064466682e-05 4.670109665002242298e-05 4.375071849506198258e-05 4.006589407966075408e-05 3.463275296416753454e-05 2.832234809488926182e-05 1.885129763368134867e-05 7.594461534148142142e-06 -2.892087253683842779e-06
5.480042514598371583e-05 8.863161173770744527e-05 6.437935093266786862e-05 5.385260881851257738e-05 5.589870109538256759e-05 5.505224447282273741e-05 5.359861437553149174e-05 5.300785702743921916e-05 5.072108079408286103e-05 4.945550479452197860e-05 4.853365528617101238e-05 4.609260424925247962e-05 4.305231120873543834e-05 4.057948423405706651e-05 3.625547590923961985e-05 3.056891946348046045e-05 2.383035331137525707e-05 1.588184549591633771e-05 6.850230972964277748e-06 -1.467434379896930184e-06
6.106730727437692594e-05 6.437935093266786862e-05 8.853230142301098007e-05 5.530906567300888270e-05 6.081583779315308925e-05 5.970770551778822313e-05 6.019424518604383123e-05 5.783903087564639962e-05 5.627106583629510543e-05 5.666752209722370138e-05 5.446688427017644049e-05 5.153455252092713440e-05 4.886715461332140483e-05 4.462969974853706393e-05 4.039200492256830952e-05 3.386235231364790959e-05 2.478775962682910544e-05 1.539171431056904349e-05 5.309174920932200840e-06 -2.236854529042387051e-06
5.130655628760091028e-05 5.385260881851257738e-05 5.530906567300888270e-05 6.043844670340495825e-05 5.121609688225149453e-05 4.885785702433367866e-05 4.952070320828260645e-05 4.935243529805275516e-05 4.639492989270916295e-05 4.599497460527816835e-05 4.477972672036136415e-05 4.199647386964204179e-05 3.983327580196456899e-05 3.704878889358096246e-05 3.388399247847658006e-05 2.885955741170790226e-05 2.283372765045932283e-05 1.524465024722578972e-05 6.428581979555182361e-06 -1.236457911742271106e-06
5.504897187429062501e-05 5.589870109538256759e-05 6.081583779315308925e-05 5.121609688225149453e-05 6.126835593395606595e-05 5.341498631907907752e-05 5.318937123400791194e-05 5.355471750218630919e-05 5.166181022071297558e-05 5.122751153766532425e-05 4.920331532038485029e-05 4.700484658089623213e-05 4.467135021236426227e-05 4.110935121685339996e-05 3.724961730345236187e-05 3.109206803957276856e-05 2.392398322620443809e-05 1.532211649699951659e-05 5.136762124383744812e-06 -2.899291255096080711e-06
5.079882835526957437e-05 5.505224447282273741e-05 5.970770551778822313e-05 4.885785702433367866e-05 5.341498631907907752e-05 5.874882759981947273e-05 5.351593939530432730e-05 5.226702216351865983e-05 5.076625862674271754e-05 5.068356807015816982e-05 4.879350100680064021e-05 4.669960224351315782e-05 4.488718195639087146e-05 4.142734060108368852e-05 3.777546830111644198e-05 3.168595152209702134e-05 2.464351588603406413e-05 1.613519115608485471e-05 5.984583209372109010e-06 -3.085089440126014924e-06
5.286154960692396478e-05 5.359861437553149174e-05 6.019424518604383123e-05 4.952070320828260645e-05 5.318937123400791194e-05 5.351593939530432730e-05 5.701067151088052263e-05 5.277120271110124149e-05 5.108622084920607493e-05 5.086357737485187186e-05 4.905976504301975819e-05 4.667288351178482684e-05 4.490010821050528111e-05 4.142093713219854254e-05 3.740635893477833705e-05 3.143446624681083083e-05 2.430418295490882819e-05 1.575097407147188556e-05 5.731704702519064347e-06 -2.618081666291337151e-06
5.493803909389372573e-05 5.300785702743921916e-05 5.783903087564639962e-05 4.935243529805275516e-05 5.355471750218630919e-05 5.226702216351865983e-05 5.277120271110124149e-05 5.483267164587758599e-05 5.118733519977839851e-05 5.082337253051685567e-05 4.897683240574762916e-05 4.645224993296617066e-05 4.421664488625819583e-05 4.095262474892388962e-05 3.720345402754257527e-05 3.111387862756078158e-05 2.395643187789651512e-05 1.522810879351350522e-05 5.029582098250285693e-06 -3.424212818494151702e-06
5.240438116618048890e-05 5.072108079408286103e-05 5.627106583629510543e-05 4.639492989270916295e-05 5.166181022071297558e-05 5.076625862674271754e-05 5.108622084920607493e-05 5.118733519977839851e-05 5.133950578001816601e-05 5.012115362645693678e-05 4.809706613521129778e-05 4.585337455440908415e-05 4.376723551318824584e-05 4.053206933972164507e-05 3.690094710728664281e-05 3.107233887076349811e-05 2.408499196673721818e-05 1.569910174465084460e-05 5.711442823871159071e-06 -2.483791505011379294e-06
5.328520852605951336e-05 4.945550479452197860e-05 5.666752209722370138e-05 4.599497460527816835e-05 5.122751153766532425e-05 5.068356807015816982e-05 5.086357737485187186e-05 5.082337253051685567e-05 5.012115362645693678e-05 5.207569001547480351e-05 4.923754795129506556e-05 4.683402744637519562e-05 4.486757590874915230e-05 4.144095624080466162e-05 3.779685928177450719e-05 3.189804075217455551e-05 2.467118034744482800e-05 1.587964066511500250e-05 5.673236100653632705e-06 -2.828829611045823501e-06
5.120658819985467186e-05 4.853365528617101238e-05 5.446688427017644049e-05 4.477972672036136415e-05 4.920331532038485029e-05 4.879350100680064021e-05 4.905976504301975819e-05 4.897683240574762916e-05 4.809706613521129778e-05 4.923754795129506556e-05 4.840366054291522313e-05 4.542085037502391939e-05 4.365826551065291386e-05 4.027374979148565926e-05 3.671864267793494815e-05 3.111252119019505629e-05 2.414466706340804531e-05 1.560395556891050090e-05 5.735320478539967326e-06 -2.510384924982485035e-06
4.929541866064466682e-05 4.609260424925247962e-05 5.153455252092713440e-05 4.199647386964204179e-05 4.700484658089623213e-05 4.669960224351315782e-05 4.667288351178482684e-05 4.645224993296617066e-05 4.585337455440908415e-05 4.683402744637519562e-05 4.542085037502391939e-05 4.395874318483766703e-05 4.205509610705126866e-05 3.913756032454599316e-05 3.576354855453739543e-05 3.046823404748542980e-05 2.373105705163158741e-05 1.549342007706854069e-05 5.933816271716574724e-06 -2.123196308245642104e-06
4.670109665002242298e-05 4.305231120873543834e-05 4.886715461332140483e-05 3.983327580196456899e-05 4.467135021236426227e-05 4.488718195639087146e-05 4.490010821050528111e-05 4.421664488625819583e-05 4.376723551318824584e-05 4.486757590874915230e-05 4.365826551065291386e-05 4.205509610705126866e-05 4.148965341253047152e-05 3.852092910001239044e-05 3.533559700774919891e-05 3.025745059572939111e-05 2.375653596999025333e-05 1.567265612370657293e-05 6.329982743764331335e-06 -1.862744427027257819e-06
4.375071849506198258e-05 4.057948423405706651e-05 4.462969974853706393e-05 3.704878889358096246e-05 4.110935121685339996e-05 4.142734060108368852e-05 4.142093713219854254e-05 4.095262474892388962e-05 4.053206933972164507e-05 4.144095624080466162e-05 4.027374979148565926e-05 3.913756032454599316e-05 3.852092910001239044e-05 3.705535896864947985e-05 3.411648036192244305e-05 2.958838562287513247e-05 2.350771094317458433e-05 1.590564798473123869e-05 6.911613182111662438e-06 -1.054397234109985683e-06
4.006589407966075408e-05 3.625547590923961985e-05 4.039200492256830952e-05 3.388399247847658006e-05 3.724961730345236187e-05 3.777546830111644198e-05 3.740635893477833705e-05 3.720345402754257527e-05 3.690094710728664281e-05 3.779685928177450719e-05 3.671864267793494815e-05 3.576354855453739543e-05 3.533559700774919891e-05 3.411648036192244305e-05 3.226009724594197068e-05 2.827768426738708316e-05 2.268444781312015473e-05 1.556338777413986192e-05 7.176957088277888895e-06 -5.219404809691627315e-07
3.463275296416753454e-05 3.056891946348046045e-05 3.386235231364790959e-05 2.885955741170790226e-05 3.109206803957276856e-05 3.168595152209702134e-05 3.143446624681083083e-05 3.111387862756078158e-05 3.107233887076349811e-05 3.189804075217455551e-05 3.111252119019505629e-05 3.046823404748542980e-05 3.025745059572939111e-05 2.958838562287513247e-05 2.827768426738708316e-05 2.582594541945061988e-05 2.142261321362498163e-05 1.538210636742906495e-05 8.110100779138918527e-06 1.014565540774135313e-06
2.832234809488926182e-05 2.383035331137525707e-05 2.478775962682910544e-05 2.283372765045932283e-05 2.392398322620443809e-05 2.464351588603406413e-05 2.430418295490882819e-05 2.395643187789651512e-05 2.408499196673721818e-05 2.467118034744482800e-05 2.414466706340804531e-05 2.373105705163158741e-05 2.375653596999025333e-05 2.350771094317458433e-05 2.268444781312015473e-05 2.142261321362498163e-05 1.904275751246820684e-05 1.469638185977675459e-05 8.990413335608202818e-06 2.855120653266779219e-06
1.885129763368134867e-05 1.588184549591633771e-05 1.539171431056904349e-05 1.524465024722578972e-05 1.532211649699951659e-05 1.613519115608485471e-05 1.575097407147188556e-05 1.522810879351350522e-05 1.569910174465084460e-05 1.587964066511500250e-05 1.560395556891050090e-05 1.549342007706854069e-05 1.567265612370657293e-05 1.590564798473123869e-05 1.556338777413986192e-05 1.538210636742906495e-05 1.469638185977675459e-05 1.301877753419435405e-05 9.603193943806817904e-06 5.040189077154683162e-06
7.594461534148142142e-06 6.850230972964277748e-06 5.309174920932200840e-06 6.428581979555182361e-06 5.136762124383744812e-06 5.984583209372109010e-06 5.731704702519064347e-06 5.029582098250285693e-06 5.711442823871159071e-06 5.673236100653632705e-06 5.735320478539967326e-06 5.933816271716574724e-06 6.329982743764331335e-06 6.911613182111662438e-06 7.176957088277888895e-06 8.110100779138918527e-06 8.990413335608202818e-06 9.603193943806817904e-06 9.524619359523873641e-06 7.242572078908562746e-06
-2.892087253683842779e-06 -1.467434379896930184e-06 -2.236854529042387051e-06 -1.236457911742271106e-06 -2.899291255096080711e-06 -3.085089440126014924e-06 -2.618081666291337151e-06 -3.424212818494151702e-06 -2.483791505011379294e-06 -2.828829611045823501e-06 -2.510384924982485035e-06 -2.123196308245642104e-06 -1.862744427027257819e-06 -1.054397234109985683e-06 -5.219404809691627315e-07 1.014565540774135313e-06 2.855120653266779219e-06 5.040189077154683162e-06 7.242572078908562746e-06 8.140565799132501109e-06
