5.540912155432047356e-05 4.855580036416152096e-05 5.131306832501270911e-05 5.024056331262220885e-05 5.189388702439482577e-05 5.141517460854656292e-05 5.049661977109489071e-05 4.904704487696605504e-05 4.813666174098643759e-05 4.721205148935516636e-05 4.525989698426503003e-05 4.343968201034576301e-05 4.135979763961240862e-05 3.870909789606789147e-05 3.569958746021865921e-05 3.087060992121709580e-05 2.640765522398574847e-05 1.923071413590093101e-05 1.114315896771298766e-05 3.491638188756710213e-06
4.855580036416152096e-05 4.904550212461183690e-05 4.856118549631378937e-05 4.734687897931698841e-05 4.892923470325234898e-05 4.846521818279498261e-05 4.798505962107403052e-05 4.684732692208033641e-05 4.547324896196661229e-05 4.475242168858304011e-05 4.296895384344650762e-05 4.138155204684945909e-05 3.945742077776104182e-05 3.727218111705145592e-05 3.430251602737249589e-05 2.998984741104487636e-05 2.567719069601080275e-05 1.864387381837492137e-05 1.022122188366555226e-05 2.132226829534996505e-06
5.131306832501270911e-05 4.856118549631378937e-05 5.342690781967398043e-05 5.058519743205958346e-05 5.188854477322575224e-05 5.152626930462307701e-05 5.060163039523920929e-05 4.918516834498366867e-05 4.799740174502329049e-05 4.731982673743964185e-05 4.528298768405303163e-05 4.335391698239282599e-05 4.140365778025948372e-05 3.893881162231827497e-05 3.585594537278017567e-05 3.110125765699765191e-05 2.692234336731069678e-05 1.984500555237481416e-05 1.118769023639069077e-05 2.767737297288495473e-06
5.024056331262220885e-05 4.734687897931698841e-05 5.058519743205958346e-05 5.090134794027205244e-05 5.147724523319342755e-05 5.092754903404092320e-05 4.992272205732900840e-05 4.877071760981944960e-05 4.764533018503860765e-05 4.674988307156987058e-05 4.472861891428257233e-05 4.280474715236469538e-05 4.076695667501266227e-05 3.829780157595435774e-05 3.519366323143253565e-05 3.066912391147702695e-05 2.660249743214201338e-05 1.967744523137371276e-05 1.149879774990550798e-05 3.563021187504423694e-06
5.189388702439482577e-05 4.892923470325234898e-05 5.188854477322575224e-05 5.147724523319342755e-05 5.372118773039743302e-05 5.265495066004996987e-05 5.171994683134351702e-05 5.049493474861638188e-05 4.951096104966383964e-05 4.853864932488740545e-05 4.659501424111471340e-05 4.466449762575649024e-05 4.261041196477715200e-05 4.010463811818563924e-05 3.685173773967393974e-05 3.213701918099841771e-05 2.787713422266968217e-05 2.078840669795652967e-05 1.248985889409989887e-05 3.976479545621633013e-06
5.141517460854656292e-05 4.846521818279498261e-05 5.152626930462307701e-05 5.092754903404092320e-05 5.265495066004996987e-05 5.299103105570052017e-05 5.167242783338823987e-05 5.031874793790946395e-05 4.939322929129570054e-05 4.854493580422909857e-05 4.647020568761368403e-05 4.459752859933529672e-05 4.259019563775494208e-05 4.020741103148788134e-05 3.701425594628768447e-05 3.213839408613461851e-05 2.770251809431229436e-05 2.060041201730798967e-05 1.220940810849455683e-05 3.851451279101490080e-06
5.049661977109489071e-05 4.798505962107403052e-05 5.060163039523920929e-05 4.992272205732900840e-05 5.171994683134351702e-05 5.167242783338823987e-05 5.126355215182379512e-05 4.982852997239333392e-05 4.881241450675967197e-05 4.796611744894945228e-05 4.598372939838408200e-05 4.423541236600978682e-05 4.216059963028668395e-05 3.972765440142253735e-05 3.661010899981174353e-05 3.176162636992167218e-05 2.730611395130131891e-05 2.019510374049954742e-05 1.200842013210298381e-05 3.896114897358600710e-06
4.904704487696605504e-05 4.684732692208033641e-05 4.918516834498366867e-05 4.877071760981944960e-05 5.049493474861638188e-05 5.031874793790946395e-05 4.982852997239333392e-05 4.911261503480985138e-05 4.807636445576681352e-05 4.724976054890392640e-05 4.530664772824983020e-05 4.359743813312306002e-05 4.163125957702791064e-05 3.934966139819139503e-05 3.631960915097182704e-05 3.153385356095584773e-05 2.702925279856920255e-05 2.006860864638570051e-05 1.201656044953759345e-05 3.941950147846237809e-06
4.813666174098643759e-05 4.547324896196661229e-05 4.799740174502329049e-05 4.764533018503860765e-05 4.951096104966383964e-05 4.939322929129570054e-05 4.881241450675967197e-05 4.807636445576681352e-05 4.776882180168953197e-05 4.692296404807862621e-05 4.506281489127600214e-05 4.331735693391241122e-05 4.133396274343509563e-05 3.906016343765827953e-05 3.607530834644907103e-05 3.135574175785076675e-05 2.683851018097485516e-05 2.006850324534331095e-05 1.225307498747516902e-05 4.134838005694787565e-06
4.721205148935516636e-05 4.475242168858304011e-05 4.731982673743964185e-05 4.674988307156987058e-05 4.853864932488740545e-05 4.854493580422909857e-05 4.796611744894945228e-05 4.724976054890392640e-05 4.692296404807862621e-05 4.671081793796478008e-05 4.488641629195010005e-05 4.328312380370932816e-05 4.140995988047646375e-05 3.933482994277326514e-05 3.653381428996964477e-05 3.200017412357727677e-05 2.758075189902977020e-05 2.088614356521484755e-05 1.294443731209484983e-05 4.698749233305064615e-06
4.525989698426503003e-05 4.296895384344650762e-05 4.528298768405303163e-05 4.472861891428257233e-05 4.659501424111471340e-05 4.647020568761368403e-05 4.598372939838408200e-05 4.530664772824983020e-05 4.506281489127600214e-05 4.488641629195010005e-05 4.361070008008197010e-05 4.211947527282319380e-05 4.043386092657255616e-05 3.849883046287849465e-05 3.577284982735177570e-05 3.142689657484533150e-05 2.709286972626636890e-05 2.039852752491881128e-05 1.269268975068455331e-05 4.661200804133509651e-06
4.343968201034576301e-05 4.138155204684945909e-05 4.335391698239282599e-05 4.280474715236469538e-05 4.466449762575649024e-05 4.459752859933529672e-05 4.423541236600978682e-05 4.359743813312306002e-05 4.331735693391241122e-05 4.328312380370932816e-05 4.211947527282319380e-05 4.111411740386991011e-05 3.965430204978832179e-05 3.797178358320454726e-05 3.546270518193326025e-05 3.122817565942067063e-05 2.689362587862388927e-05 2.022222907016820963e-05 1.267799078227896629e-05 4.842983742923808591e-06
4.135979763961240862e-05 3.945742077776104182e-05 4.140365778025948372e-05 4.076695667501266227e-05 4.261041196477715200e-05 4.259019563775494208e-05 4.216059963028668395e-05 4.163125957702791064e-05 4.133396274343509563e-05 4.140995988047646375e-05 4.043386092657255616e-05 3.965430204978832179e-05 3.891388334474907100e-05 3.768183227480107270e-05 3.539454542878454197e-05 3.126707466414474398e-05 2.708048533662703935e-05 2.059414860571428841e-05 1.310869110631486341e-05 5.403491314670678632e-06
3.870909789606789147e-05 3.727218111705145592e-05 3.893881162231827497e-05 3.829780157595435774e-05 4.010463811818563924e-05 4.020741103148788134e-05 3.972765440142253735e-05 3.934966139819139503e-05 3.906016343765827953e-05 3.933482994277326514e-05 3.849883046287849465e-05 3.797178358320454726e-05 3.768183227480107270e-05 3.727965142027233827e-05 3.545606295315955882e-05 3.151627246134009141e-05 2.738511389175680389e-05 2.100215473252048731e-05 1.348547779178488138e-05 6.036340131175080981e-06
3.569958746021865921e-05 3.430251602737249589e-05 3.585594537278017567e-05 3.519366323143253565e-05 3.685173773967393974e-05 3.701425594628768447e-05 3.661010899981174353e-05 3.631960915097182704e-05 3.607530834644907103e-05 3.653381428996964477e-05 3.577284982735177570e-05 3.546270518193326025e-05 3.539454542878454197e-05 3.545606295315955882e-05 3.453996818501320923e-05 3.111541836885410312e-05 2.734966069391708225e-05 2.130649724551888488e-05 1.423046819189439551e-05 7.335636132090808607e-06
3.087060992121709580e-05 2.998984741104487636e-05 3.110125765699765191e-05 3.066912391147702695e-05 3.213701918099841771e-05 3.213839408613461851e-05 3.176162636992167218e-05 3.153385356095584773e-05 3.135574175785076675e-05 3.200017412357727677e-05 3.142689657484533150e-05 3.122817565942067063e-05 3.126707466414474398e-05 3.151627246134009141e-05 3.111541836885410312e-05 2.896541608182902323e-05 2.609713535771852769e-05 2.073686562398182210e-05 1.435532431559949076e-05 8.126820887934775307e-06
2.640765522398574847e-05 2.567719069601080275e-05 2.692234336731069678e-05 2.660249743214201338e-05 2.787713422266968217e-05 2.770251809431229436e-05 2.730611395130131891e-05 2.702925279856920255e-05 2.683851018097485516e-05 2.758075189902977020e-05 2.709286972626636890e-05 2.689362587862388927e-05 2.708048533662703935e-05 2.738511389175680389e-05 2.734966069391708225e-05 2.609713535771852769e-05 2.473876996532777252e-05 2.051975731855288127e-05 1.508888500691658589e-05 9.477869791032132754e-06
1.923071413590093101e-05 1.864387381837492137e-05 1.984500555237481416e-05 1.967744523137371276e-05 2.078840669795652967e-05 2.060041201730798967e-05 2.019510374049954742e-05 2.006860864638570051e-05 2.006850324534331095e-05 2.088614356521484755e-05 2.039852752491881128e-05 2.022222907016820963e-05 2.059414860571428841e-05 2.100215473252048731e-05 2.130649724551888488e-05 2.073686562398182210e-05 2.051975731855288127e-05 1.895148215821485204e-05 1.558462787322544590e-05 1.095717729437569712e-05
1.114315896771298766e-05 1.022122188366555226e-05 1.118769023639069077e-05 1.149879774990550798e-05 1.248985889409989887e-05 1.220940810849455683e-05 1.200842013210298381e-05 1.201656044953759345e-05 1.225307498747516902e-05 1.294443731209484983e-05 1.269268975068455331e-05 1.267799078227896629e-05 1.310869110631486341e-05 1.348547779178488138e-05 1.423046819189439551e-05 1.435532431559949076e-05 1.508888500691658589e-05 1.558462787322544590e-05 1.553382302302604840e-05 1.322135648544416520e-05
3.491638188756710213e-06 2.132226829534996505e-06 2.767737297288495473e-06 3.563021187504423694e-06 3.976479545621633013e-06 3.851451279101490080e-06 3.896114897358600710e-06 3.941950147846237809e-06 4.134838005694787565e-06 4.698749233305064615e-06 4.661200804133509651e-06 4.842983742923808591e-06 5.403491314670678632e-06 6.036340131175080981e-06 7.335636132090808607e-06 8.126820887934775307e-06 9.477869791032132754e-06 1.095717729437569712e-05 1.322135648544416520e-05 1.451237418523141535e-05
