2.814318870710677671e-08 2.247064669528482042e-09 2.061146177632001113e-09 1.772793547694746203e-09 5.461857929322011211e-10 2.517848875984975653e-09 8.503898175223370412e-11 1.946749105933211071e-10 7.407454003876638116e-10 4.376353684578387970e-10 4.869463726261004587e-10 1.370968716924445865e-09 -3.095423539755275513e-10 -1.997086708706969648e-11 2.759653427608253445e-11 -9.414103223294089637e-11 -2.805006876073165775e-10 3.122874255596548232e-11 1.009593582598286980e-10 -2.176188370997119065e-10
2.247064669528482042e-09 1.245277875366370918e-08 1.306997445091547622e-09 1.351591291067008645e-09 8.279324531823016550e-10 1.486227904333348901e-09 4.957019169134269602e-10 8.388539028259704932e-10 2.825302495315936055e-10 7.624109752896860510e-11 1.766161595281633441e-11 -1.635259240261277427e-10 -2.620670521946433890e-10 1.251870706756518111e-10 7.619245690597721083e-11 1.694370952417529903e-10 1.273381635047670672e-10 1.567061844609489442e-10 1.520078017338410005e-10 3.447282352629247510e-11
2.061146177632001113e-09 1.306997445091547622e-09 9.298385399712206044e-09 1.060895397625881119e-09 1.074309298699664394e-09 6.436896907782418588e-10 -5.743605277173097353e-11 2.128869618919777263e-10 -7.398036507954880606e-11 -1.811103648386073231e-10 -1.164888233238295280e-10 -1.614911382132336432e-10 -2.728196529248370651e-10 -5.004132817380397211e-11 -1.469425458824017436e-10 2.362564932807327230e-10 1.012332594779689944e-10 5.277964021993323036e-12 5.150340340722722886e-11 1.494294935735945463e-10
1.772793547694746203e-09 1.351591291067008645e-09 1.060895397625881119e-09 6.548360589181117105e-09 5.676457811852286546e-10 5.960020248450588699e-10 -7.271278585125918751e-10 3.464917333930007428e-10 1.789267997256025134e-10 -1.417521449854591656e-10 1.237077840357835414e-10 1.488298502467595270e-10 -3.051686466342886319e-11 -1.401204181956509580e-11 -6.939055898433150461e-11 -2.372939676279154117e-11 -1.604534187503056271e-11 1.673035260592977733e-10 4.026435031307168880e-11 2.334107562750486126e-11
5.461857929322011211e-10 8.279324531823016550e-10 1.074309298699664394e-09 5.676457811852286546e-10 3.940775199475533404e-09 -2.346437209871329466e-10 -2.127064094696003821e-10 4.401960187367303298e-10 2.050724708582958257e-10 -1.278767665657234867e-10 -1.254535700072616342e-10 -2.510351625483261167e-10 -1.355172653423057993e-10 -6.762862320352578960e-11 5.121420048837262738e-11 6.252606792883193396e-11 -1.312536797250246050e-10 -4.573491526835420282e-12 7.389168865852010913e-11 1.334438272208501400e-10
2.517848875984975653e-09 1.486227904333348901e-09 6.436896907782418588e-10 5.960020248450588699e-10 -2.346437209871329466e-10 2.808269983542891673e-09 1.080215139837988669e-10 1.783486453745945013e-10 -8.932717492786445553e-11 -4.515622819612315584e-11 1.613682912982454853e-10 3.338102224947687720e-10 -1.189492696718357041e-10 -4.091790585246557065e-11 3.449194139421340445e-11 2.822017739960614847e-11 2.881979208674328354e-11 6.773064879841722352e-11 -7.350486200788333519e-11 -1.091712244754727300e-11
8.503898175223370412e-11 4.957019169134269602e-10 -5.743605277173097353e-11 -7.271278585125918751e-10 -2.127064094696003821e-10 1.080215139837988669e-10 2.183467860175495972e-09 1.126898174501996125e-11 1.274132226467952375e-11 4.102901462452004311e-11 -1.784295622774400647e-10 -1.737474368006093102e-10 4.794695146862801794e-12 1.282068714682525199e-10 1.031122855610977549e-10 2.209565466826717929e-11 6.720066903550667901e-11 9.346868236663095581e-11 1.047323574892696229e-10 3.418558951555121893e-11
1.946749105933211071e-10 8.388539028259704932e-10 2.128869618919777263e-10 3.464917333930007428e-10 4.401960187367303298e-10 1.783486453745945013e-10 1.126898174501996125e-11 1.328880419631345118e-09 2.820137454570696342e-10 1.181402659848744891e-10 6.782211410978848745e-11 6.326146589413954764e-11 -4.812414212078697868e-11 3.925845232822798785e-11 -7.107783875599985407e-11 1.967082711209646395e-11 5.346892265105008705e-11 3.940040325357774302e-11 3.330359131798191718e-11 8.279694664455766311e-11
7.407454003876638116e-10 2.825302495315936055e-10 -7.398036507954880606e-11 1.789267997256025134e-10 2.050724708582958257e-10 -8.932717492786445553e-11 1.274132226467952375e-11 2.820137454570696342e-10 1.128853625901445924e-09 3.294857261942831602e-10 3.966773398988950156e-11 1.588449028495087927e-10 1.618482349573594188e-10 8.224972221471719897e-11 -6.423451099100295729e-11 -3.815408700782185151e-11 6.568800948395737105e-12 -1.970429522881622121e-11 3.744026497417615789e-11 -2.271252752042709934e-11
4.376353684578387970e-10 7.624109752896860510e-11 -1.811103648386073231e-10 -1.417521449854591656e-10 -1.278767665657234867e-10 -4.515622819612315584e-11 4.102901462452004311e-11 1.181402659848744891e-10 3.294857261942831602e-10 6.978798298119535581e-10 2.143721196161461788e-10 1.370616838234110069e-10 7.371165782504638646e-11 1.041948466480390348e-10 -1.836960843795013249e-11 -4.687435798081224420e-11 1.226426846946347431e-11 -2.287771118946942186e-11 1.426013968742234164e-11 3.558204024425898674e-11
4.869463726261004587e-10 1.766161595281633441e-11 -1.164888233238295280e-10 1.237077840357835414e-10 -1.254535700072616342e-10 1.613682912982454853e-10 -1.784295622774400647e-10 6.782211410978848745e-11 3.966773398988950156e-11 2.143721196161461788e-10 4.856284123918383984e-10 1.383280443415597132e-10 1.232159390207303388e-10 1.081834535148249004e-10 3.642687362607093023e-12 -6.993049705767935463e-12 -4.490138467101261639e-12 -1.554962682281258311e-11 6.430321672511697502e-12 4.568561948115877150e-11
1.370968716924445865e-09 -1.635259240261277427e-10 -1.614911382132336432e-10 1.488298502467595270e-10 -2.510351625483261167e-10 3.338102224947687720e-10 -1.737474368006093102e-10 6.326146589413954764e-11 1.588449028495087927e-10 1.370616838234110069e-10 1.383280443415597132e-10 4.617219075874075054e-10 8.792009696231131479e-11 7.724362677988867646e-11 6.452859350208476797e-11 -1.847384101499120360e-11 -2.563317570523137532e-11 -4.585814306618269298e-11 -4.175877117202461080e-11 -4.556557273537364626e-11
-3.095423539755275513e-10 -2.620670521946433890e-10 -2.728196529248370651e-10 -3.051686466342886319e-11 -1.355172653423057993e-10 -1.189492696718357041e-10 4.794695146862801794e-12 -4.812414212078697868e-11 1.618482349573594188e-10 7.371165782504638646e-11 1.232159390207303388e-10 8.792009696231131479e-11 4.133544570340967019e-10 1.113933273030358893e-10 6.507257029670898624e-11 6.529847864340398010e-11 3.340639033924976971e-11 1.406631121113815937e-11 2.111193427411785523e-11 4.321205955583694516e-12
-1.997086708706969648e-11 1.251870706756518111e-10 -5.004132817380397211e-11 -1.401204181956509580e-11 -6.762862320352578960e-11 -4.091790585246557065e-11 1.282068714682525199e-10 3.925845232822798785e-11 8.224972221471719897e-11 1.041948466480390348e-10 1.081834535148249004e-10 7.724362677988867646e-11 1.113933273030358893e-10 3.183966588482344046e-10 1.204315122530649337e-10 6.775247644633315850e-11 5.077714930090941115e-11 3.672857587015529184e-11 2.215297990459645882e-11 2.098224395654802910e-11
2.759653427608253445e-11 7.619245690597721083e-11 -1.469425458824017436e-10 -6.939055898433150461e-11 5.121420048837262738e-11 3.449194139421340445e-11 1.031122855610977549e-10 -7.107783875599985407e-11 -6.423451099100295729e-11 -1.836960843795013249e-11 3.642687362607093023e-12 6.452859350208476797e-11 6.507257029670898624e-11 1.204315122530649337e-10 2.408293382761875959e-10 1.087936064384172606e-10 4.544300693631687454e-11 3.825835416735366806e-11 1.163650450767238101e-11 1.489336130388905892e-11
-9.414103223294089637e-11 1.694370952417529903e-10 2.362564932807327230e-10 -2.372939676279154117e-11 6.252606792883193396e-11 2.822017739960614847e-11 2.209565466826717929e-11 1.967082711209646395e-11 -3.815408700782185151e-11 -4.687435798081224420e-11 -6.993049705767935463e-12 -1.847384101499120360e-11 6.529847864340398010e-11 6.775247644633315850e-11 1.087936064384172606e-10 1.886685210640347384e-10 8.638335509765554192e-11 6.107095135910032805e-11 3.534929799544842060e-11 2.713477558534988970e-11
-2.805006876073165775e-10 1.273381635047670672e-10 1.012332594779689944e-10 -1.604534187503056271e-11 -1.312536797250246050e-10 2.881979208674328354e-11 6.720066903550667901e-11 5.346892265105008705e-11 6.568800948395737105e-12 1.226426846946347431e-11 -4.490138467101261639e-12 -2.563317570523137532e-11 3.340639033924976971e-11 5.077714930090941115e-11 4.544300693631687454e-11 8.638335509765554192e-11 1.576881090915821425e-10 9.420304890877753087e-11 4.069148337113568817e-11 2.199891532708541104e-11
3.122874255596548232e-11 1.567061844609489442e-10 5.277964021993323036e-12 1.673035260592977733e-10 -4.573491526835420282e-12 6.773064879841722352e-11 9.346868236663095581e-11 3.940040325357774302e-11 -1.970429522881622121e-11 -2.287771118946942186e-11 -1.554962682281258311e-11 -4.585814306618269298e-11 1.406631121113815937e-11 3.672857587015529184e-11 3.825835416735366806e-11 6.107095135910032805e-11 9.420304890877753087e-11 1.635976437526294337e-10 1.033204490973392338e-10 4.169879323773500061e-11
1.009593582598286980e-10 1.520078017338410005e-10 5.150340340722722886e-11 4.026435031307168880e-11 7.389168865852010913e-11 -7.350486200788333519e-11 1.047323574892696229e-10 3.330359131798191718e-11 3.744026497417615789e-11 1.426013968742234164e-11 6.430321672511697502e-12 -4.175877117202461080e-11 2.111193427411785523e-11 2.215297990459645882e-11 1.163650450767238101e-11 3.534929799544842060e-11 4.069148337113568817e-11 1.033204490973392338e-10 1.413648093860863126e-10 7.771495509868207175e-11
-2.176188370997119065e-10 3.447282352629247510e-11 1.494294935735945463e-10 2.334107562750486126e-11 1.334438272208501400e-10 -1.091712244754727300e-11 3.418558951555121893e-11 8.279694664455766311e-11 -2.271252752042709934e-11 3.558204024425898674e-11 4.568561948115877150e-11 -4.556557273537364626e-11 4.321205955583694516e-12 2.098224395654802910e-11 1.489336130388905892e-11 2.713477558534988970e-11 2.199891532708541104e-11 4.169879323773500061e-11 7.771495509868207175e-11 1.100525488960952473e-10
