5.396713154582640508e-06 5.198083148247035155e-06 4.720754684784634697e-06 4.686076794732084867e-06 4.579020560796020974e-06 4.222026240909997016e-06 4.261203099525432622e-06 3.876331246274648424e-06 3.815224641274645603e-06 3.760974154172975690e-06 3.609818814494143351e-06 3.221010591815740733e-06 2.805360720453943684e-06 2.245877762498643186e-06 1.861059933787137221e-06 1.373580654824315932e-06 6.821787755459430040e-07 1.542518216064754674e-07 6.737306483397551522e-10 8.421786936419172338e-08
5.198083148247035155e-06 5.984142451071966413e-06 5.432808383755064987e-06 5.357314503029835177e-06 5.279659178501633636e-06 4.834372491525094452e-06 4.825591350647136746e-06 4.533439631390063708e-06 4.386614281387356731e-06 4.233142496146835876e-06 4.086538665246436333e-06 3.609541958441976997e-06 3.126669456933037513e-06 2.526683270147952060e-06 2.158512812622381658e-06 1.578888845529894830e-06 7.467327475189688042e-07 8.258049778882674090e-08 5.540822460297708692e-08 2.780944685183760959e-07
4.720754684784634697e-06 5.432808383755064987e-06 5.761489176423308460e-06 5.714101745166947584e-06 5.567365577457441214e-06 5.146059964969982095e-06 5.049059912279037138e-06 4.800554733262260299e-06 4.738854094423295591e-06 4.482158280174429822e-06 4.336662651532004941e-06 3.847912065899771836e-06 3.439937281325347804e-06 3.031879404171289938e-06 2.769136357916341788e-06 2.006123113851134740e-06 9.579755149843027745e-07 7.223671746920985725e-08 -1.167736140342688090e-07 -3.396817250631103129e-08
4.686076794732084867e-06 5.357314503029835177e-06 5.714101745166947584e-06 6.392582841312492809e-06 6.262288493807492424e-06 5.821099111558746876e-06 5.767268620806407470e-06 5.549782366393385376e-06 5.497853398489081963e-06 5.223382688998766751e-06 5.156045758303140837e-06 4.731753293869094803e-06 4.292646555699366085e-06 3.781683606951208441e-06 3.478354917229023161e-06 2.478257855991142645e-06 1.230656170048343730e-06 2.858170801854471667e-07 -1.833489160336195798e-09 -6.306851579906263395e-08
4.579020560796020974e-06 5.279659178501633636e-06 5.567365577457441214e-06 6.262288493807492424e-06 6.668557922169512070e-06 6.187755716705666694e-06 6.117423452161149736e-06 5.878482639212927928e-06 5.831801092294424364e-06 5.610823506682083509e-06 5.590893789062184432e-06 5.125504373549154302e-06 4.618625548572290243e-06 4.003944512449118475e-06 3.664674675548086615e-06 2.643339715235576303e-06 1.378067797225777857e-06 3.840262382082893096e-07 1.781448473621986855e-07 1.001278635135336967e-07
4.222026240909997016e-06 4.834372491525094452e-06 5.146059964969982095e-06 5.821099111558746876e-06 6.187755716705666694e-06 6.302495381987722031e-06 6.246449381362440644e-06 5.871563405969513864e-06 5.911819332191640482e-06 5.762516026162790201e-06 5.690473868854166290e-06 5.265792362873626053e-06 4.712957888991687691e-06 4.144539470055118244e-06 3.721818080878707355e-06 2.563148256793139416e-06 1.359383981990549633e-06 4.310134643520945086e-07 2.709365304063293034e-07 2.236854086135089335e-08
4.261203099525432622e-06 4.825591350647136746e-06 5.049059912279037138e-06 5.767268620806407470e-06 6.117423452161149736e-06 6.246449381362440644e-06 6.738352962177944663e-06 6.275265150636223260e-06 6.257941550060810186e-06 6.161779883322783930e-06 6.075685407386992644e-06 5.676707312486226192e-06 5.019349355105308165e-06 4.449637701299644679e-06 3.902597223960817746e-06 2.657579732101254251e-06 1.539532022999014108e-06 6.874938492934173050e-07 5.499944394965910374e-07 1.686586286442259914e-08
3.876331246274648424e-06 4.533439631390063708e-06 4.800554733262260299e-06 5.549782366393385376e-06 5.878482639212927928e-06 5.871563405969513864e-06 6.275265150636223260e-06 6.280122939946226127e-06 6.246004148317168322e-06 6.051454536814465203e-06 6.020714549298651915e-06 5.664654255863771087e-06 5.041866811314906470e-06 4.467092204839422423e-06 3.972503773407711373e-06 2.742156211213333988e-06 1.537159806261742464e-06 6.711812568698121071e-07 5.943017115864016843e-07 2.411963161950292231e-07
3.815224641274645603e-06 4.386614281387356731e-06 4.738854094423295591e-06 5.497853398489081963e-06 5.831801092294424364e-06 5.911819332191640482e-06 6.257941550060810186e-06 6.246004148317168322e-06 6.600293857809132662e-06 6.453516458171570239e-06 6.415343928910514162e-06 6.077454851068573732e-06 5.508992279315478004e-06 4.912594748070823168e-06 4.329399337828904781e-06 2.999633958771498558e-06 1.685912802152847188e-06 7.242870792373706349e-07 5.456246717472050734e-07 5.871456973271733926e-08
3.760974154172975690e-06 4.233142496146835876e-06 4.482158280174429822e-06 5.223382688998766751e-06 5.610823506682083509e-06 5.762516026162790201e-06 6.161779883322783930e-06 6.051454536814465203e-06 6.453516458171570239e-06 6.665918544187068420e-06 6.674151372071574051e-06 6.382785569642330245e-06 5.861447763517981027e-06 5.216511451616496922e-06 4.522641917179692981e-06 3.106075410212510564e-06 1.677395832307274483e-06 5.609040709155395363e-07 4.585959091441242706e-07 -2.251897635689189309e-08
3.609818814494143351e-06 4.086538665246436333e-06 4.336662651532004941e-06 5.156045758303140837e-06 5.590893789062184432e-06 5.690473868854166290e-06 6.075685407386992644e-06 6.020714549298651915e-06 6.415343928910514162e-06 6.674151372071574051e-06 7.305118827562240515e-06 7.134744664015764004e-06 6.672321880142738827e-06 5.904661819553343829e-06 5.080845627395545901e-06 3.590954967979804325e-06 2.076855955833690876e-06 7.321224335322597332e-07 4.456503167543292196e-07 -4.128521161888051996e-08
3.221010591815740733e-06 3.609541958441976997e-06 3.847912065899771836e-06 4.731753293869094803e-06 5.125504373549154302e-06 5.265792362873626053e-06 5.676707312486226192e-06 5.664654255863771087e-06 6.077454851068573732e-06 6.382785569642330245e-06 7.134744664015764004e-06 7.368618116573821753e-06 7.052113502380487048e-06 6.276521133503607109e-06 5.388498777175858718e-06 3.875437942567936417e-06 2.318670339534915714e-06 9.047663709957705387e-07 5.562400526151585117e-07 2.846615973104502927e-08
2.805360720453943684e-06 3.126669456933037513e-06 3.439937281325347804e-06 4.292646555699366085e-06 4.618625548572290243e-06 4.712957888991687691e-06 5.019349355105308165e-06 5.041866811314906470e-06 5.508992279315478004e-06 5.861447763517981027e-06 6.672321880142738827e-06 7.052113502380487048e-06 7.266761952436878923e-06 6.608886332564436839e-06 5.865408523693566134e-06 4.468427129535331505e-06 2.802337372771480025e-06 1.047915307788288353e-06 3.256733317355413789e-07 -1.258496044352684716e-07
2.245877762498643186e-06 2.526683270147952060e-06 3.031879404171289938e-06 3.781683606951208441e-06 4.003944512449118475e-06 4.144539470055118244e-06 4.449637701299644679e-06 4.467092204839422423e-06 4.912594748070823168e-06 5.216511451616496922e-06 5.904661819553343829e-06 6.276521133503607109e-06 6.608886332564436839e-06 6.688260063397250465e-06 6.260982141778089735e-06 4.962771559846513722e-06 3.174377493904979780e-06 1.178797190145455480e-06 2.943182697385088876e-07 -1.808738881367968794e-07
1.861059933787137221e-06 2.158512812622381658e-06 2.769136357916341788e-06 3.478354917229023161e-06 3.664674675548086615e-06 3.721818080878707355e-06 3.902597223960817746e-06 3.972503773407711373e-06 4.329399337828904781e-06 4.522641917179692981e-06 5.080845627395545901e-06 5.388498777175858718e-06 5.865408523693566134e-06 6.260982141778089735e-06 6.723756931356348079e-06 5.818026143307074534e-06 4.066854163533968549e-06 1.712508591055054227e-06 2.551730042249826108e-07 -3.065262195487620756e-07
1.373580654824315932e-06 1.578888845529894830e-06 2.006123113851134740e-06 2.478257855991142645e-06 2.643339715235576303e-06 2.563148256793139416e-06 2.657579732101254251e-06 2.742156211213333988e-06 2.999633958771498558e-06 3.106075410212510564e-06 3.590954967979804325e-06 3.875437942567936417e-06 4.468427129535331505e-06 4.962771559846513722e-06 5.818026143307074534e-06 5.751944910066330731e-06 4.651880059316036534e-06 2.337832057193466575e-06 3.249920991392685131e-07 -5.036120605684409019e-07
6.821787755459430040e-07 7.467327475189688042e-07 9.579755149843027745e-07 1.230656170048343730e-06 1.378067797225777857e-06 1.359383981990549633e-06 1.539532022999014108e-06 1.537159806261742464e-06 1.685912802152847188e-06 1.677395832307274483e-06 2.076855955833690876e-06 2.318670339534915714e-06 2.802337372771480025e-06 3.174377493904979780e-06 4.066854163533968549e-06 4.651880059316036534e-06 4.989702469863898447e-06 3.412741520284887045e-06 9.483094740250379206e-07 -7.257034994316851339e-07
1.542518216064754674e-07 8.258049778882674090e-08 7.223671746920985725e-08 2.858170801854471667e-07 3.840262382082893096e-07 4.310134643520945086e-07 6.874938492934173050e-07 6.711812568698121071e-07 7.242870792373706349e-07 5.609040709155395363e-07 7.321224335322597332e-07 9.047663709957705387e-07 1.047915307788288353e-06 1.178797190145455480e-06 1.712508591055054227e-06 2.337832057193466575e-06 3.412741520284887045e-06 3.498468418622787795e-06 1.701945399670548341e-06 -4.407740607890017731e-07
6.737306483397551522e-10 5.540822460297708692e-08 -1.167736140342688090e-07 -1.833489160336195798e-09 1.781448473621986855e-07 2.709365304063293034e-07 5.499944394965910374e-07 5.943017115864016843e-07 5.456246717472050734e-07 4.585959091441242706e-07 4.456503167543292196e-07 5.562400526151585117e-07 3.256733317355413789e-07 2.943182697385088876e-07 2.551730042249826108e-07 3.249920991392685131e-07 9.483094740250379206e-07 1.701945399670548341e-06 2.084248492024544501e-06 1.127258927330424981e-06
8.421786936419172338e-08 2.780944685183760959e-07 -3.396817250631103129e-08 -6.306851579906263395e-08 1.001278635135336967e-07 2.236854086135089335e-08 1.686586286442259914e-08 2.411963161950292231e-07 5.871456973271733926e-08 -2.251897635689189309e-08 -4.128521161888051996e-08 2.846615973104502927e-08 -1.258496044352684716e-07 -1.808738881367968794e-07 -3.065262195487620756e-07 -5.036120605684409019e-07 -7.257034994316851339e-07 -4.407740607890017731e-07 1.127258927330424981e-06 2.914949581736249510e-06
