3.010053794199696814e-08 2.492899866133128730e-09 2.266790023892431417e-09 2.006433070353174993e-09 6.007441761702775766e-10 2.657806267999929057e-09 1.071060137342525686e-10 2.294965117514367611e-10 7.820028651717341015e-10 4.563205651490809691e-10 5.108787614543947121e-10 1.428106804305708516e-09 -3.224747649099809356e-10 -1.162993253783302557e-11 3.459736917026378309e-11 -9.797347635798382831e-11 -2.932461903305539159e-10 3.340828008423541412e-11 1.104687269947205353e-10 -2.188255107560606718e-10
2.492899866133128730e-09 1.306364333450909586e-08 1.359306974687585050e-09 1.488366858627976582e-09 8.690013530847569031e-10 1.553336960916719437e-09 5.177569550923890021e-10 8.724564253131750281e-10 3.016723238885442636e-10 8.875966756620734655e-11 2.623823260897234940e-11 -1.558794050531101341e-10 -2.642217141194374751e-10 1.362021909759278650e-10 7.819496430099196072e-11 1.671659754334694590e-10 1.247157210880264559e-10 1.593983495341876661e-10 1.587271208608326422e-10 4.174360573996969680e-11
2.266790023892431417e-09 1.359306974687585050e-09 9.655107287573231469e-09 1.114595567575759002e-09 1.095884222586510359e-09 6.695090682797032676e-10 -4.695768152251519182e-11 2.188419321163019506e-10 -7.223216772616395528e-11 -1.850373043870352328e-10 -1.194488244342718684e-10 -1.592304311392750354e-10 -2.774692491220816208e-10 -4.768513072710354454e-11 -1.470050174155272053e-10 2.379857999426250749e-10 1.004521601023008700e-10 6.820118775320793731e-12 5.659812683142627961e-11 1.534635770133000006e-10
2.006433070353174993e-09 1.488366858627976582e-09 1.114595567575759002e-09 6.824681678602740250e-09 5.976887105216068316e-10 6.219840461960556895e-10 -7.360197846609508488e-10 3.636647981639202672e-10 1.981992485980643558e-10 -1.342239113488164214e-10 1.319854201438090399e-10 1.586056890684082711e-10 -2.832321325639954490e-11 -7.187598828478066594e-12 -6.801884091613661466e-11 -2.630149907648402263e-11 -1.543580379443367052e-11 1.731941134430996268e-10 4.570255170624555365e-11 2.556090845403947139e-11
6.007441761702775766e-10 8.690013530847569031e-10 1.095884222586510359e-09 5.976887105216068316e-10 4.050129577402626555e-09 -2.476662381236655137e-10 -2.174433381576481673e-10 4.521511625861271241e-10 2.117024447648956107e-10 -1.267524221577713029e-10 -1.253472673096492119e-10 -2.557962674239641674e-10 -1.363942783310907834e-10 -6.374736152044900815e-11 5.465375819136045850e-11 6.510001963123607031e-11 -1.323489069481174835e-10 -2.100734631476844714e-12 7.849481858665915490e-11 1.380904660000283139e-10
2.657806267999929057e-09 1.553336960916719437e-09 6.695090682797032676e-10 6.219840461960556895e-10 -2.476662381236655137e-10 2.866640701929564788e-09 1.082157588058363762e-10 1.834117690498578170e-10 -8.938528961209735739e-11 -4.174021972176647937e-11 1.622648197466963916e-10 3.352549055227731712e-10 -1.234791218776463585e-10 -4.067701374405026303e-11 3.361854508232110777e-11 2.697526100997591580e-11 2.896063885358502806e-11 6.928134849578186211e-11 -7.271081826136930587e-11 -9.839853484142115148e-12
1.071060137342525686e-10 5.177569550923890021e-10 -4.695768152251519182e-11 -7.360197846609508488e-10 -2.174433381576481673e-10 1.082157588058363762e-10 2.233121514028447486e-09 1.483666977152452462e-11 1.829938205589533349e-11 4.539943633227547653e-11 -1.794148659406655674e-10 -1.756933501092635000e-10 6.320845607918668622e-12 1.338594788618982483e-10 1.055486255338563326e-10 2.296299804557704697e-11 6.800667950282637809e-11 9.514014131173453411e-11 1.073554471607766465e-10 3.506965926353065554e-11
2.294965117514367611e-10 8.724564253131750281e-10 2.188419321163019506e-10 3.636647981639202672e-10 4.521511625861271241e-10 1.834117690498578170e-10 1.483666977152452462e-11 1.352546930393263812e-09 2.896132039560905746e-10 1.235107048965109505e-10 7.020923129101595386e-11 6.507092436645516861e-11 -4.740210714805106133e-11 4.112981936377631037e-11 -7.157474806673890182e-11 1.917516089971406710e-11 5.320020786627661055e-11 3.931132601202234721e-11 3.409663560554970365e-11 8.328729411323955821e-11
7.820028651717341015e-10 3.016723238885442636e-10 -7.223216772616395528e-11 1.981992485980643558e-10 2.117024447648956107e-10 -8.938528961209735739e-11 1.829938205589533349e-11 2.896132039560905746e-10 1.148029529759225291e-09 3.378354477200588704e-10 4.245296690198000182e-11 1.622815186724848275e-10 1.648149339827235985e-10 8.438631683452872769e-11 -6.495572915142602004e-11 -3.966850865664575705e-11 6.228581876388912559e-12 -1.952689252942521721e-11 3.867080066727690377e-11 -2.234847309883516790e-11
4.563205651490809691e-10 8.875966756620734655e-11 -1.850373043870352328e-10 -1.342239113488164214e-10 -1.267524221577713029e-10 -4.174021972176647937e-11 4.539943633227547653e-11 1.235107048965109505e-10 3.378354477200588704e-10 7.087456593859598016e-10 2.181002867049230324e-10 1.385610779814850608e-10 7.459367658086889625e-11 1.054403017342401749e-10 -1.946487284898115912e-11 -4.844422958297784603e-11 1.144590381974244943e-11 -2.298409545118177773e-11 1.564165832463321372e-11 3.592038408199829048e-11
5.108787614543947121e-10 2.623823260897234940e-11 -1.194488244342718684e-10 1.319854201438090399e-10 -1.253472673096492119e-10 1.622648197466963916e-10 -1.794148659406655674e-10 7.020923129101595386e-11 4.245296690198000182e-11 2.181002867049230324e-10 4.911659479689496389e-10 1.383344777745310011e-10 1.242888220089629897e-10 1.097206791701690121e-10 2.942203120842805832e-12 -7.684784318505786805e-12 -5.395742600842140217e-12 -1.596075080315837862e-11 6.924041658318979445e-12 4.647756005997428857e-11
1.428106804305708516e-09 -1.558794050531101341e-10 -1.592304311392750354e-10 1.586056890684082711e-10 -2.557962674239641674e-10 3.352549055227731712e-10 -1.756933501092635000e-10 6.507092436645516861e-11 1.622815186724848275e-10 1.385610779814850608e-10 1.383344777745310011e-10 4.631641091539971907e-10 8.718430177134222249e-11 7.757912037083546120e-11 6.386001080188871778e-11 -1.922742211020034468e-11 -2.613797972184076693e-11 -4.554208129053443785e-11 -4.075686687534132671e-11 -4.480809832131699602e-11
-3.224747649099809356e-10 -2.642217141194374751e-10 -2.774692491220816208e-10 -2.832321325639954490e-11 -1.363942783310907834e-10 -1.234791218776463585e-10 6.320845607918668622e-12 -4.740210714805106133e-11 1.648149339827235985e-10 7.459367658086889625e-11 1.242888220089629897e-10 8.718430177134222249e-11 4.155246281529959331e-10 1.121813979229422192e-10 6.481237193003363185e-11 6.542505033771371309e-11 3.312160038434986315e-11 1.401233014198095209e-11 2.166994797854934579e-11 4.918533360089004761e-12
-1.162993253783302557e-11 1.362021909759278650e-10 -4.768513072710354454e-11 -7.187598828478066594e-12 -6.374736152044900815e-11 -4.067701374405026303e-11 1.338594788618982483e-10 4.112981936377631037e-11 8.438631683452872769e-11 1.054403017342401749e-10 1.097206791701690121e-10 7.757912037083546120e-11 1.121813979229422192e-10 3.198864098770421888e-10 1.202258991945294855e-10 6.735733168309339267e-11 5.018505723585276699e-11 3.691064084972067631e-11 2.294975825706809026e-11 2.151996985704231599e-11
3.459736917026378309e-11 7.819496430099196072e-11 -1.470050174155272053e-10 -6.801884091613661466e-11 5.465375819136045850e-11 3.361854508232110777e-11 1.055486255338563326e-10 -7.157474806673890182e-11 -6.495572915142602004e-11 -1.946487284898115912e-11 2.942203120842805832e-12 6.386001080188871778e-11 6.481237193003363185e-11 1.202258991945294855e-10 2.409983079071921711e-10 1.087492314114284193e-10 4.486031449299289941e-11 3.839967606990829536e-11 1.239163339379133391e-11 1.536200724715525107e-11
-9.797347635798382831e-11 1.671659754334694590e-10 2.379857999426250749e-10 -2.630149907648402263e-11 6.510001963123607031e-11 2.697526100997591580e-11 2.296299804557704697e-11 1.917516089971406710e-11 -3.966850865664575705e-11 -4.844422958297784603e-11 -7.684784318505786805e-12 -1.922742211020034468e-11 6.542505033771371309e-11 6.735733168309339267e-11 1.087492314114284193e-10 1.886052514696118505e-10 8.554080669855762947e-11 6.097530518546711829e-11 3.578593072353435468e-11 2.734118630088606476e-11
-2.932461903305539159e-10 1.247157210880264559e-10 1.004521601023008700e-10 -1.543580379443367052e-11 -1.323489069481174835e-10 2.896063885358502806e-11 6.800667950282637809e-11 5.320020786627661055e-11 6.228581876388912559e-12 1.144590381974244943e-11 -5.395742600842140217e-12 -2.613797972184076693e-11 3.312160038434986315e-11 5.018505723585276699e-11 4.486031449299289941e-11 8.554080669855762947e-11 1.567161965735578125e-10 9.389658176949983898e-11 4.087111451760963853e-11 2.207181039581387728e-11
3.340828008423541412e-11 1.593983495341876661e-10 6.820118775320793731e-12 1.731941134430996268e-10 -2.100734631476844714e-12 6.928134849578186211e-11 9.514014131173453411e-11 3.931132601202234721e-11 -1.952689252942521721e-11 -2.298409545118177773e-11 -1.596075080315837862e-11 -4.554208129053443785e-11 1.401233014198095209e-11 3.691064084972067631e-11 3.839967606990829536e-11 6.097530518546711829e-11 9.389658176949983898e-11 1.639722813266506984e-10 1.036681386430048557e-10 4.148952945324418470e-11
1.104687269947205353e-10 1.587271208608326422e-10 5.659812683142627961e-11 4.570255170624555365e-11 7.849481858665915490e-11 -7.271081826136930587e-11 1.073554471607766465e-10 3.409663560554970365e-11 3.867080066727690377e-11 1.564165832463321372e-11 6.924041658318979445e-12 -4.075686687534132671e-11 2.166994797854934579e-11 2.294975825706809026e-11 1.239163339379133391e-11 3.578593072353435468e-11 4.087111451760963853e-11 1.036681386430048557e-10 1.415983705471653802e-10 7.771086578489384473e-11
-2.188255107560606718e-10 4.174360573996969680e-11 1.534635770133000006e-10 2.556090845403947139e-11 1.380904660000283139e-10 -9.839853484142115148e-12 3.506965926353065554e-11 8.328729411323955821e-11 -2.234847309883516790e-11 3.592038408199829048e-11 4.647756005997428857e-11 -4.480809832131699602e-11 4.918533360089004761e-12 2.151996985704231599e-11 1.536200724715525107e-11 2.734118630088606476e-11 2.207181039581387728e-11 4.148952945324418470e-11 7.771086578489384473e-11 1.099100689034525446e-10
