8.810971126941209459e-05 6.844894158649486907e-05 5.438725743103337186e-05 5.101542684375721059e-05 5.293339943155048730e-05 4.882151388950108089e-05 4.984175712908337944e-05 5.133546960530151301e-05 5.116601901248520094e-05 4.844716750637641695e-05 4.582665236036999280e-05 4.439220352502108681e-05 4.069485820205962900e-05 3.870554873324417620e-05 3.613495307285493371e-05 3.143183410335425465e-05 2.549132233938837988e-05 1.795221012568456274e-05 8.499173227434135994e-06 1.877513900215368974e-06
6.844894158649486907e-05 9.317766714566360243e-05 6.044781815478933858e-05 6.270944241360396001e-05 5.888407715437965370e-05 5.366725805580099107e-05 5.697446232420244074e-05 5.837238782277685248e-05 5.784902227717472154e-05 5.525256366329315660e-05 5.230906834892954695e-05 5.174273514465824934e-05 4.749460344319323784e-05 4.464405929682218076e-05 4.186159475234016208e-05 3.568738628647273787e-05 2.962499821200320515e-05 2.029790933580515708e-05 9.787539782111338659e-06 1.998337371465750521e-06
5.438725743103337186e-05 6.044781815478933858e-05 6.862036131190115101e-05 4.898632490703792121e-05 5.269506811740066603e-05 4.945980820266377846e-05 4.849220874576938410e-05 4.995577980503955034e-05 4.946695192643062937e-05 4.626759087877719759e-05 4.465963909687066736e-05 4.325146158795899345e-05 3.979692972393908130e-05 3.760581080420194602e-05 3.534068451639407152e-05 2.941298147748667115e-05 2.389289083798057286e-05 1.477970690232037833e-05 5.998266314344028586e-06 3.607775056552080765e-07
5.101542684375721059e-05 6.270944241360396001e-05 4.898632490703792121e-05 6.291673635031518703e-05 5.238936973389861769e-05 4.737373931096692685e-05 5.040456613099273948e-05 5.104663677248991974e-05 5.157292144226852907e-05 4.828389369649074494e-05 4.697947247470193242e-05 4.478995688505822416e-05 4.272563056612350822e-05 4.030193968821500945e-05 3.807776530736156569e-05 3.227002444735431182e-05 2.709028268577677435e-05 1.918050766657320420e-05 1.038966591707956409e-05 2.719619054855859090e-06
5.293339943155048730e-05 5.888407715437965370e-05 5.269506811740066603e-05 5.238936973389861769e-05 6.239568067922036021e-05 4.979046723908251017e-05 5.104340471081356693e-05 5.244599157818868206e-05 5.170602013372082440e-05 4.862512621450969203e-05 4.639917221916139755e-05 4.507265892501388161e-05 4.254945181047128754e-05 4.054710248248013344e-05 3.821557081671235777e-05 3.291989141579657985e-05 2.819077104094288100e-05 2.016974284454254427e-05 1.145299350671176456e-05 4.228180279944713375e-06
4.882151388950108089e-05 5.366725805580099107e-05 4.945980820266377846e-05 4.737373931096692685e-05 4.979046723908251017e-05 5.181788237401183778e-05 4.800875961188645163e-05 4.886279536948468454e-05 4.837952490804153089e-05 4.541893293033577871e-05 4.343089217304468673e-05 4.212429167516198785e-05 3.965521571183418362e-05 3.732768029652236582e-05 3.470225629678956478e-05 2.930959709567089401e-05 2.505257537712442110e-05 1.771353585770264671e-05 9.926428704475640649e-06 3.900549030040474992e-06
4.984175712908337944e-05 5.697446232420244074e-05 4.849220874576938410e-05 5.040456613099273948e-05 5.104340471081356693e-05 4.800875961188645163e-05 5.119595582775745147e-05 4.982014836618328565e-05 4.971674806876659599e-05 4.667389057510773736e-05 4.438929546146144734e-05 4.261845236310905251e-05 3.984351679190497616e-05 3.703225389586801443e-05 3.467703056881505757e-05 2.922706578970052035e-05 2.479660564711277793e-05 1.795799933763385538e-05 9.853519058043940757e-06 3.119576983727243219e-06
5.133546960530151301e-05 5.837238782277685248e-05 4.995577980503955034e-05 5.104663677248991974e-05 5.244599157818868206e-05 4.886279536948468454e-05 4.982014836618328565e-05 5.389086741334870949e-05 5.140243615774294525e-05 4.863507236006832688e-05 4.628245021566195351e-05 4.490913859453523509e-05 4.212083469831833389e-05 3.942962722417348324e-05 3.713425709577158630e-05 3.161317909035739554e-05 2.707641078697045880e-05 1.945047689208012845e-05 1.090400000940476195e-05 4.229293641553372991e-06
5.116601901248520094e-05 5.784902227717472154e-05 4.946695192643062937e-05 5.157292144226852907e-05 5.170602013372082440e-05 4.837952490804153089e-05 4.971674806876659599e-05 5.140243615774294525e-05 5.426552804406758774e-05 4.982215489268013517e-05 4.734998688852325090e-05 4.601334248932912804e-05 4.298034548022552822e-05 4.026148262324617659e-05 3.800290278987089539e-05 3.250128387342148640e-05 2.816617210308940678e-05 2.055820768214052665e-05 1.187043589450352961e-05 4.223085195732525143e-06
4.844716750637641695e-05 5.525256366329315660e-05 4.626759087877719759e-05 4.828389369649074494e-05 4.862512621450969203e-05 4.541893293033577871e-05 4.667389057510773736e-05 4.863507236006832688e-05 4.982215489268013517e-05 4.853045226868965323e-05 4.559393165980173742e-05 4.440090953901256864e-05 4.170851805263889447e-05 3.908925813902413806e-05 3.663930665284109272e-05 3.126776191246646505e-05 2.676289744700316851e-05 1.969090151426493835e-05 1.151745006803551353e-05 4.274470167945875124e-06
4.582665236036999280e-05 5.230906834892954695e-05 4.465963909687066736e-05 4.697947247470193242e-05 4.639917221916139755e-05 4.343089217304468673e-05 4.438929546146144734e-05 4.628245021566195351e-05 4.734998688852325090e-05 4.559393165980173742e-05 4.474412752962390937e-05 4.282238486877552549e-05 4.049706607672622565e-05 3.819074717986913569e-05 3.587545619932119644e-05 3.084249963745682197e-05 2.653851058383126634e-05 1.953608981367770876e-05 1.184217889512417766e-05 4.996347667930647100e-06
4.439220352502108681e-05 5.174273514465824934e-05 4.325146158795899345e-05 4.478995688505822416e-05 4.507265892501388161e-05 4.212429167516198785e-05 4.261845236310905251e-05 4.490913859453523509e-05 4.601334248932912804e-05 4.440090953901256864e-05 4.282238486877552549e-05 4.245911500960339779e-05 4.003753466866050436e-05 3.773737232282313382e-05 3.538949151761723225e-05 3.028870277964452624e-05 2.602426136830314002e-05 1.902962184924649066e-05 1.115521467007952920e-05 4.049645101861553811e-06
4.069485820205962900e-05 4.749460344319323784e-05 3.979692972393908130e-05 4.272563056612350822e-05 4.254945181047128754e-05 3.965521571183418362e-05 3.984351679190497616e-05 4.212083469831833389e-05 4.298034548022552822e-05 4.170851805263889447e-05 4.049706607672622565e-05 4.003753466866050436e-05 3.943689166581376221e-05 3.750778969252405816e-05 3.520147175689636207e-05 3.036821343777064284e-05 2.644076175719903098e-05 1.947597400010150852e-05 1.175221926194903964e-05 4.942906720109968125e-06
3.870554873324417620e-05 4.464405929682218076e-05 3.760581080420194602e-05 4.030193968821500945e-05 4.054710248248013344e-05 3.732768029652236582e-05 3.703225389586801443e-05 3.942962722417348324e-05 4.026148262324617659e-05 3.908925813902413806e-05 3.819074717986913569e-05 3.773737232282313382e-05 3.750778969252405816e-05 3.683650449994748505e-05 3.473686749655388085e-05 3.033739825387427668e-05 2.649998103142280992e-05 1.959497451358408235e-05 1.191982061646086896e-05 5.250046497280124942e-06
3.613495307285493371e-05 4.186159475234016208e-05 3.534068451639407152e-05 3.807776530736156569e-05 3.821557081671235777e-05 3.470225629678956478e-05 3.467703056881505757e-05 3.713425709577158630e-05 3.800290278987089539e-05 3.663930665284109272e-05 3.587545619932119644e-05 3.538949151761723225e-05 3.520147175689636207e-05 3.473686749655388085e-05 3.377693729222131137e-05 2.967819094580469947e-05 2.601074988105630466e-05 1.950667444972324576e-05 1.231579201877627727e-05 6.014074499174480821e-06
3.143183410335425465e-05 3.568738628647273787e-05 2.941298147748667115e-05 3.227002444735431182e-05 3.291989141579657985e-05 2.930959709567089401e-05 2.922706578970052035e-05 3.161317909035739554e-05 3.250128387342148640e-05 3.126776191246646505e-05 3.084249963745682197e-05 3.028870277964452624e-05 3.036821343777064284e-05 3.033739825387427668e-05 2.967819094580469947e-05 2.731148174005700827e-05 2.438892829534218036e-05 1.862540807885843685e-05 1.200059870856464731e-05 6.492003662168672848e-06
2.549132233938837988e-05 2.962499821200320515e-05 2.389289083798057286e-05 2.709028268577677435e-05 2.819077104094288100e-05 2.505257537712442110e-05 2.479660564711277793e-05 2.707641078697045880e-05 2.816617210308940678e-05 2.676289744700316851e-05 2.653851058383126634e-05 2.602426136830314002e-05 2.644076175719903098e-05 2.649998103142280992e-05 2.601074988105630466e-05 2.438892829534218036e-05 2.321001165586601681e-05 1.871487695348929186e-05 1.325322063261399883e-05 8.499663747821041752e-06
1.795221012568456274e-05 2.029790933580515708e-05 1.477970690232037833e-05 1.918050766657320420e-05 2.016974284454254427e-05 1.771353585770264671e-05 1.795799933763385538e-05 1.945047689208012845e-05 2.055820768214052665e-05 1.969090151426493835e-05 1.953608981367770876e-05 1.902962184924649066e-05 1.947597400010150852e-05 1.959497451358408235e-05 1.950667444972324576e-05 1.862540807885843685e-05 1.871487695348929186e-05 1.721614402592152202e-05 1.402332571522118344e-05 1.002751233209237357e-05
8.499173227434135994e-06 9.787539782111338659e-06 5.998266314344028586e-06 1.038966591707956409e-05 1.145299350671176456e-05 9.926428704475640649e-06 9.853519058043940757e-06 1.090400000940476195e-05 1.187043589450352961e-05 1.151745006803551353e-05 1.184217889512417766e-05 1.115521467007952920e-05 1.175221926194903964e-05 1.191982061646086896e-05 1.231579201877627727e-05 1.200059870856464731e-05 1.325322063261399883e-05 1.402332571522118344e-05 1.459121192838794810e-05 1.266559456131523896e-05
1.877513900215368974e-06 1.998337371465750521e-06 3.607775056552080765e-07 2.719619054855859090e-06 4.228180279944713375e-06 3.900549030040474992e-06 3.119576983727243219e-06 4.229293641553372991e-06 4.223085195732525143e-06 4.274470167945875124e-06 4.996347667930647100e-06 4.049645101861553811e-06 4.942906720109968125e-06 5.250046497280124942e-06 6.014074499174480821e-06 6.492003662168672848e-06 8.499663747821041752e-06 1.002751233209237357e-05 1.266559456131523896e-05 1.441651599820378910e-05
